1723258354.6840515 369 246 1
1723258354.7410583 374 320 0
1723258354.7980652 343 283 1
1723258354.8835754 379 292 1
1723258355.0403442 355 384 0
1723258355.2612457 369 247 1
1723258355.3396301 363 411 1
1723258355.5177765 359 378 1
1723258355.5605316 386 278 1
1723258355.5819092 371 339 1
1723258355.7458038 379 350 1
1723258355.9738312 371 370 1
1723258356.0664673 323 382 1
1723258356.1092224 335 310 0
1723258356.2588654 364 336 1
1723258356.3016205 348 317 0
1723258356.5296478 338 298 1
1723258356.6009064 381 342 1
1723258356.6294098 369 249 1
1723258356.6436615 355 394 1
1723258356.6507874 347 327 0
1723258356.6579132 381 308 1
1723258356.71492 378 295 1
1723258356.7790527 391 308 1
1723258356.8004303 339 327 0
1723258356.8075562 348 299 1
1723258356.8289337 349 258 0
1723258356.8574371 382 306 0
1723258356.9001923 379 310 1
1723258356.957199 337 305 0
1723258358.0 345 314 1
1723258358.0066617 354 386 0
1723258358.019985 347 320 0
1723258358.0666165 387 320 1
1723258358.1065865 342 351 1
1723258358.2065113 386 285 1
1723258358.2198346 400 405 1
1723258358.2398195 357 302 1
1723258358.2664661 347 322 0
1723258358.2931128 358 295 0
1723258358.499624 379 360 1
1723258358.5462556 348 311 0
1723258358.6395187 380 297 0
1723258358.672827 381 298 0
1723258358.6861503 352 336 1
1723258358.7261202 353 246 0
1723258358.7527668 383 308 0
1723258358.7594285 355 328 0
1723258358.8327067 337 299 0
1723258358.8793383 348 372 1
1723258359.1591277 364 337 1
1723258359.3589773 364 332 1
1723258359.4855487 347 325 0
1723258359.5055337 375 321 0
1723258359.578812 389 310 1
1723258359.7053833 349 330 0
1723258359.9918344 353 266 1
1723258360.0118194 379 352 1
1723258360.0251427 384 327 1
1723258360.0517893 343 370 1
1723258360.1650374 347 374 1
1723258360.211669 360 378 0
1723258360.2383156 355 252 0
1723258360.251639 346 310 1
1723258360.3981953 385 327 1
1723258360.4115186 371 309 0
1723258360.4581501 371 330 0
1723258360.49812 368 251 1
1723258360.5713983 377 295 1
1723258360.5980449 384 274 1
1723258360.6113682 391 306 1
1723258360.6246915 361 352 1
1723258360.691308 341 301 0
1723258360.9311275 389 307 1
1723258360.9444509 319 392 1
1723258361.0710223 379 319 1
1723258361.4707215 381 337 1
1723258361.5506613 362 338 1
1723258361.5839696 370 317 0
1723258361.690556 345 316 1
1723258361.7571726 368 315 1
1723258361.8038042 368 252 1
1723258361.9303756 336 303 1
1723258361.9836688 354 389 0
1723258362.076932 365 241 1
1723258362.1502101 365 250 1
1723258362.1568718 379 407 1
1723258362.1635334 337 295 0
1723258362.210165 369 373 1
1723258362.2168267 366 259 1
1723258362.3567214 378 296 1
1723258362.3767064 346 304 1
1723258362.3966913 361 342 1
1723258362.4366612 383 291 1
1723258362.4633079 367 317 1
1723258362.4899545 349 374 1
1723258362.4966161 381 347 1
1723258362.5299244 364 335 1
1723258362.556571 349 261 1
1723258362.5632327 382 316 1
1723258362.5898793 369 248 1
1723258362.596541 347 250 1
1723258362.616526 383 320 1
1723258362.7031274 374 402 1
1723258362.7364357 356 240 0
1723258362.7430973 350 384 0
1723258362.749759 389 293 1
1723258362.7897289 370 398 0
1723258362.8030522 357 355 1
1723258362.8230371 339 317 0
1723258362.8296988 364 314 0
1723258362.8963153 376 402 1
1723258362.9629319 388 317 1
1723258362.9762552 366 257 1
1723258362.9895785 348 333 0
1723258363.0295484 370 245 1
1723258363.1427965 376 323 0
1723258363.2227364 337 302 0
1723258363.3026762 387 294 1
1723258363.3692927 359 348 1
1723258363.535834 382 302 0
1723258363.5691423 340 310 1
1723258364.1220596 377 398 0
1723258364.268616 391 401 1
1723258364.4151723 369 251 1
1723258364.6883001 370 373 0
1723258364.7216084 382 305 1
1723258364.7948866 359 258 0
1723258364.8015482 368 353 0
1723258364.8548415 347 306 1
1723258365.0680144 349 309 0
1723258365.094661 381 270 1
1723258365.1746008 378 272 1
1723258365.4344053 356 245 1
1723258365.5210068 377 302 1
1723258365.6275933 397 375 0
1723258365.6742249 383 323 1
1723258365.7208564 382 320 1
1723258365.7541647 351 314 0
1723258365.7608263 375 273 1
1723258365.980661 384 326 1
1723258366.0006459 369 271 0
1723258366.4736233 365 260 1
1723258366.7600744 372 274 0
1723258366.8666608 356 291 0
1723258366.9066308 336 309 0
1723258366.9332774 371 311 1
1723258366.959924 350 334 0
1723258368.0386596 388 294 1
1723258368.1082468 341 314 1
1723258368.1701021 328 402 0
1723258368.2087617 381 373 1
1723258368.2319574 385 277 1
1723258368.3015447 373 330 1
1723258368.371132 352 349 0
1723258368.3788638 380 375 0
1723258368.3865957 347 305 1
1723258368.4252553 380 360 1
1723258368.448451 388 315 1
1723258368.4639149 380 299 1
1723258368.533502 387 292 1
1723258368.541234 365 331 1
1723258368.5721617 352 405 1
1723258368.5876255 377 279 1
1723258368.6494808 359 355 1
1723258368.7499957 369 278 1
1723258368.819583 351 380 0
1723258368.8505106 335 322 0
1723258368.9278297 337 301 0
1723258369.0515404 366 243 1
1723258369.2912297 362 343 1
1723258369.4922595 388 271 1
1723258369.7783403 340 278 1
1723258370.0334935 360 341 1
1723258370.34277 384 270 1
1723258370.350502 381 325 1
1723258370.4200892 390 309 1
1723258370.4896765 370 378 0
1723258370.5128722 381 332 1
1723258370.5901914 353 254 0
1723258370.7370977 346 305 1
1723258370.984519 363 335 1
1723258371.2319403 369 254 1
1723258371.3015275 389 306 1
1723258371.6417317 390 311 1
1723258371.6803913 380 378 1
1723258371.9664721 343 319 1
1723258372.0283275 381 340 1
1723258372.0360594 361 350 1
1723258372.4071913 368 245 1
1723258372.4149232 377 313 1
1723258372.708736 381 267 1
1723258372.7396636 348 301 1
1723258372.801519 381 343 1
1723258372.8092508 384 272 1
1723258372.9484253 367 254 1
1723258372.9561572 349 299 0
1723258373.0257444 347 303 1
1723258373.0875998 383 335 1
1723258373.157187 346 262 0
1723258373.2654338 379 343 1
1723258373.2731657 373 368 1
1723258373.2886295 341 323 1
1723258373.3736806 376 271 1
1723258373.3968763 367 251 1
1723258373.4896593 375 298 1
1723258373.5515146 377 339 1
1723258373.5592465 349 318 1
1723258373.6752253 366 333 0
1723258373.8994508 384 328 1
1723258373.9458423 365 332 1
1723258374.2241912 321 398 1
1723258374.3479018 377 396 1
1723258374.4793444 385 279 1
1723258374.9819188 378 343 1
1723258374.9973826 383 305 1
1723258375.0901656 378 354 1
1723258375.1288252 390 302 1
1723258375.144289 342 321 1
1723258375.1752167 347 314 0
1723258375.2061443 351 381 0
1723258375.2911954 353 395 1
1723258375.3453188 389 313 1
1723258375.4612975 373 399 0
1723258375.5540805 365 245 1
1723258375.6159358 389 315 1
1723258375.9329443 341 327 1
1723258376.1262422 330 277 0
1723258376.4277868 352 247 0
1723258376.860774 384 334 1
1723258376.8994336 369 281 1
1723258376.9071655 389 294 1
1723258376.9226294 352 322 1
1723258378.2122629 336 305 0
1723258378.2547154 367 253 1
1723258378.2668447 341 329 1
1723258378.3032327 390 304 1
1723258378.3274913 390 305 1
1723258378.4245257 386 318 1
1723258378.5458188 370 252 1
1723258378.6246593 349 327 0
1723258378.6549826 371 246 1
1723258378.6671119 365 335 1
1723258378.6913705 383 268 1
1723258378.733823 376 343 1
1723258378.7459524 380 282 1
1723258378.7641463 365 263 1
1723258378.8187282 377 377 1
1723258378.8247929 355 328 1
1723258378.8611808 381 299 0
1723258378.9764092 395 255 1
1723258379.0249264 332 286 0
1723258379.0431204 371 400 1
1723258379.1765428 386 296 1
1723258379.643521 358 388 0
1723258379.9164305 348 314 0
1723258380.1468873 370 374 0
1723258380.152952 373 401 1
1723258380.2135985 342 324 1
1723258380.2499864 355 391 1
1723258380.2621157 387 287 1
1723258380.2681804 359 247 0
1723258380.274245 381 399 1
1723258380.2863743 388 313 1
1723258380.3045683 349 340 0
1723258380.468314 356 257 0
1723258380.4804432 370 371 0
1723258380.4925725 348 313 0
1723258380.6138656 354 262 1
1723258380.6987708 388 312 1
1723258380.8261285 383 326 1
1723258380.8443224 382 327 1
1723258381.3173654 382 337 1
1723258381.4265292 388 287 1
1723258381.4871757 356 319 0
1723258381.7358265 324 399 0
1723258381.7722144 376 290 1
1723258381.8571196 351 371 1
1723258381.8631842 371 331 1
1723258381.9056368 377 358 1
1723258382.0633178 389 295 1
1723258382.251322 358 381 0
1723258382.2755806 353 245 0
1723258382.3362272 326 380 0
1723258382.4332616 381 320 1
1723258382.4575202 370 393 0
1723258382.463585 353 368 1
1723258382.4878435 345 313 1
1723258382.5121021 351 333 0
1723258382.5242314 381 302 1
1723258382.5545547 323 270 1
1723258382.6819124 363 341 1
1723258382.687977 383 306 0
1723258382.6940417 372 397 1
1723258382.8335288 343 320 1
1723258382.882046 365 253 0
1723258382.9972744 341 318 0
1723258383.1003735 388 316 1
1723258383.16102 351 248 0
1723258383.197408 338 291 0
1723258383.5006406 366 258 1
1723258383.5491579 354 307 0
1723258383.5612872 368 249 1
1723258383.5794811 349 300 0
1723258383.7796147 351 342 0
1723258384.1374292 368 274 0
1723258384.1495585 385 282 1
1723258384.7317653 353 313 1
1723258384.73783 360 361 1
1723258384.8712523 344 312 1
1723258384.877317 326 301 1
1723258384.9440281 390 298 1
1723258384.9561574 380 340 1
1723258384.99861 378 294 1
1723258385.0228686 370 250 1
1723258385.0713859 378 380 1
1723258385.0835152 381 371 1
1723258385.156291 338 293 0
1723258385.277584 370 285 1
1723258385.332166 382 268 1
1723258385.3564246 382 297 0
1723258385.3685539 386 279 1
1723258385.4959116 381 321 1
1723258385.6960452 352 245 0
1723258385.7627563 388 309 1
1723258385.8355322 362 340 1
1723258385.9204373 360 346 1
1723258386.1084416 386 280 1
1723258386.2964458 341 326 1
1723258386.3510277 346 307 1
1723258386.3570924 389 292 1
1723258386.5511613 337 299 1
1723258386.6239371 338 329 1
1723258386.660325 347 316 0
1723258386.8604586 355 296 1
1723258386.9453638 380 294 0
1723258388.0401187 383 269 1
1723258388.133729 369 250 1
1723258388.1872206 355 259 1
1723258388.3677547 337 323 0
1723258388.4279327 380 267 1
1723258388.534916 373 280 1
1723258388.7488823 377 264 1
1723258388.9294164 342 327 1
1723258389.1567557 342 320 1
1723258389.1634421 366 287 1
1723258389.2102473 349 383 1
1723258389.4777052 342 297 1
1723258389.4843917 380 300 1
1723258389.5111375 354 249 0
1723258389.517824 343 272 0
1723258389.5713155 375 291 1
1723258389.578002 379 293 1
1723258389.6248071 367 255 1
1723258389.6582394 350 331 0
1723258389.7451632 348 316 0
1723258389.7785954 386 402 0
1723258389.8521464 355 250 0
1723258390.025994 364 335 1
1723258390.0326805 381 290 1
1723258390.0527399 368 244 1
1723258390.0594263 352 251 0
1723258390.1931553 386 276 1
1723258390.4806726 372 294 1
1723258390.76819 346 292 1
1723258390.7882493 380 344 1
1723258390.8684866 338 268 1
1723258390.8818595 387 285 1
1723258390.9152918 375 270 1
1723258391.1626904 364 260 1
1723258391.3565974 382 345 1
1723258391.3632839 387 273 1
1723258391.4635806 336 306 0
1723258391.6240554 379 306 1
1723258391.8179624 349 341 0
1723258391.8513947 368 351 0
1723258391.884827 376 335 1
1723258392.0519881 387 306 1
1723258392.065361 381 273 1
1723258392.2793274 330 380 0
1723258392.3261325 357 320 0
1723258392.3662512 346 308 1
1723258392.4331157 372 357 0
1723258392.526726 320 269 1
1723258392.6872008 384 279 1
1723258392.9546587 345 312 1
1723258393.0750148 379 386 1
1723258393.2689219 368 300 0
1723258393.4695153 379 330 1
1723258393.643363 365 256 1
1723258393.6634223 368 252 1
1723258393.6968546 383 312 0
1723258393.7102275 382 305 0
1723258393.777092 346 262 1
1723258393.8773887 363 300 1
1723258393.8840752 350 370 1
1723258393.9241939 385 279 1
1723258394.0244906 390 303 1
1723258394.04455 351 247 0
1723258394.0512364 385 278 1
1723258394.0846686 368 243 1
1723258394.118101 388 291 1
1723258394.1515331 361 358 1
1723258394.1849654 346 267 0
1723258394.2050247 373 408 0
1723258394.2451434 371 330 1
1723258394.2652028 380 336 1
1723258394.3387537 351 355 0
1723258394.3654995 347 321 0
1723258394.4992285 337 309 0
1723258394.566093 361 345 1
1723258394.6931355 340 324 1
1723258394.7131948 361 365 1
1723258394.773373 386 282 1
1723258394.7800593 385 285 1
1723258394.8001187 390 307 1
1723258395.0675766 382 301 0
1723258395.1745598 381 319 1
1723258395.3149753 380 296 0
1723258395.341721 379 397 1
1723258395.4687636 391 300 1
1723258395.7495944 358 376 1
1723258395.7696538 383 307 0
1723258395.8432047 373 314 0
1723258395.863264 383 272 1
1723258395.8833234 391 304 1
1723258395.9435015 382 269 1
1723258395.9568744 389 304 1
1723258395.9836202 387 305 1
1723258396.0036795 349 280 1
1723258396.0371118 369 360 0
1723258396.0906034 357 256 0
1723258396.1106627 350 372 1
1723258396.1173491 377 297 1
1723258396.130722 365 242 1
1723258396.1374085 348 331 0
1723258396.1641543 357 325 0
1723258396.1842136 348 305 0
1723258396.2243323 388 303 1
1723258396.2377052 378 265 1
1723258396.3179426 351 347 0
1723258396.3647478 354 251 0
1723258396.5385954 354 376 1
1723258396.5987735 367 243 1
1723258396.7659347 351 380 1
1723258396.8060534 387 284 1
1723258396.9063501 370 263 1
1723258396.9130366 350 385 0
1723258398.0482755 366 242 1
1723258398.0758615 387 298 1
1723258398.110344 336 312 0
1723258398.179309 337 316 0
1723258398.193102 380 285 1
1723258398.2206879 387 288 1
1723258398.2689633 379 297 1
1723258398.2758598 361 357 1
1723258398.3724108 357 241 0
1723258398.4137897 368 253 1
1723258398.4482722 338 332 0
1723258398.4689617 386 284 1
1723258398.765511 387 279 1
1723258398.779304 385 273 1
1723258398.7862005 347 307 1
1723258398.820683 379 342 1
1723258398.862062 381 330 1
1723258398.8827515 336 313 0
1723258398.931027 377 269 1
1723258399.2413692 351 279 0
1723258399.2689552 370 408 0
1723258399.2758517 376 311 1
1723258399.2965412 388 290 1
1723258399.3172307 383 325 1
1723258399.4206781 348 300 1
1723258399.4344711 369 263 1
1723258399.462057 335 393 0
1723258399.5103326 333 268 1
1723258399.5655046 380 295 0
1723258399.6206765 393 331 1
1723258399.7586064 367 269 1
1723258399.7723994 397 375 1
1723258399.7999854 376 304 1
1723258399.820675 353 253 0
1723258399.8689504 381 268 1
1723258399.8965364 386 288 1
1723258399.9310188 377 287 0
1723258399.9379153 387 282 1
1723258399.9586048 393 374 0
1723258400.1654997 383 271 1
1723258400.2413611 385 276 1
1723258400.2896366 335 323 0
1723258400.3448086 375 273 0
1723258400.4275665 384 272 1
1723258400.4551525 347 323 0
1723258400.489635 346 324 0
1723258400.5586 392 294 1
1723258400.9448037 368 246 1
1723258400.9654932 376 380 0
1723258401.0137687 382 300 0
1723258401.2482495 335 312 0
1723258401.5103164 336 310 0
1723258401.6896253 378 386 1
1723258401.7241077 381 336 1
1723258401.7654867 383 332 1
1723258401.7930727 380 293 0
1723258401.8068657 383 309 0
1723258401.8482447 372 274 1
1723258401.8551412 388 289 1
1723258401.8758307 366 339 0
1723258401.937899 350 306 0
1723258401.965485 348 281 1
1723258401.9999676 365 253 1
1723258402.1516905 389 310 1
1723258402.31031 376 324 1
1723258402.3309994 400 247 1
1723258402.3654819 382 283 1
1723258402.4620328 392 311 1
1723258402.5723767 361 343 1
1723258402.7447891 375 401 1
1723258403.2344403 389 291 1
1723258403.3792667 367 244 1
1723258403.4068527 361 388 1
1723258403.4482317 350 384 1
1723258403.4551282 361 406 1
1723258403.5447826 346 309 1
1723258404.0827093 380 378 0
1723258404.1171918 374 307 0
1723258404.1930532 383 273 1
1723258404.2344322 400 239 1
1723258404.2965007 391 305 1
1723258404.427534 378 295 1
1723258404.45512 326 256 0
1723258404.4896026 369 332 1
1723258404.510292 382 336 1
1723258404.524085 368 349 0
1723258404.537878 380 321 1
1723258404.5723605 359 257 1
1723258404.5999465 359 258 1
1723258404.717187 352 248 0
1723258404.8689098 328 354 0
1723258404.9723573 390 407 0
1723258404.9792538 354 384 0
1723258404.9930468 336 332 0
1723258405.0551152 379 314 1
1723258405.1171837 373 352 0
1723258405.1309767 357 277 1
1723258405.1723557 350 249 1
1723258405.1792521 352 329 1
1723258405.510284 324 399 1
1723258405.565456 326 380 1
1723258405.8068333 322 269 1
1723258405.8964877 379 298 1
1723258405.9033842 353 383 0
1723258406.358553 389 305 1
1723258406.4206214 368 251 1
1723258406.427518 352 249 0
1723258406.4895864 352 244 0
1723258406.5447583 341 324 1
1723258406.5585513 360 356 1
1723258406.6206198 340 329 1
1723258406.8413076 361 375 0
1723258406.87579 348 335 0
1723258406.9102726 368 267 1
1723258406.944755 347 324 0
1723258408.1558185 333 390 0
1723258408.2493095 324 269 1
1723258408.3241024 382 270 1
1723258408.4238262 368 346 0
1723258408.8476524 371 398 0
1723258409.477159 351 311 1
1723258409.5644174 383 308 0
1723258409.8074942 375 333 1
1723258409.8199596 383 277 1
1723258409.8511233 381 369 1
1723258409.882287 355 394 0
1723258409.9134507 379 339 1
1723258409.9383817 366 241 1
1723258409.9446144 357 391 0
1723258409.975778 346 281 0
1723258410.050571 344 384 0
1723258410.1253638 382 306 0
1723258410.362208 385 275 1
1723258410.3746734 351 246 0
1723258410.6551466 383 279 1
1723258410.6613793 380 345 1
1723258410.7922668 379 300 1
1723258411.0602746 361 278 0
1723258411.1288347 378 383 1
1723258411.3407478 329 264 0
1723258411.5401955 343 316 1
1723258411.5713592 354 327 0
1723258411.7147121 353 375 0
1723258411.8580651 389 290 1
1723258411.9203925 349 353 0
1723258411.9764872 352 246 0
1723258411.98272 390 301 1
1723258412.0076509 366 256 1
1723258412.05128 326 270 1
1723258412.144771 344 388 0
1723258412.1759348 387 295 1
1723258412.2133312 390 299 1
1723258412.2257967 377 367 1
1723258412.2818913 383 275 1
1723258412.3255205 386 281 1
1723258412.3317533 324 256 0
1723258412.3566842 380 375 1
1723258412.387848 351 382 0
1723258412.5125027 379 367 1
1723258412.531201 362 345 1
1723258412.624692 347 331 0
1723258412.693252 358 388 1
1723258412.936329 383 328 1
1723258413.0672164 374 279 1
1723258413.266664 374 272 1
1723258413.360155 375 273 1
1723258413.4785771 348 371 1
1723258413.9211016 381 348 1
1723258414.4446516 363 353 1
1723258414.4633498 369 281 0
1723258414.4945135 368 311 1
1723258414.5693064 356 291 1
1723258414.6939611 348 301 1
1723258414.743823 350 354 0
1723258414.7500558 350 374 0
1723258414.7812195 345 268 0
1723258414.7999177 366 334 0
1723258414.8061504 338 290 0
1723258414.8123832 375 396 1
1723258414.818616 359 347 1
1723258414.8310814 344 400 0
1723258414.8497796 340 313 0
1723258414.9058743 376 380 1
1723258414.9183397 389 303 1
1723258414.9744344 360 370 0
1723258415.05546 326 262 1
1723258415.105322 362 341 1
1723258415.1177874 345 303 0
1723258415.1302528 344 317 1
1723258415.1551838 364 334 1
1723258415.2362094 362 337 1
1723258415.2424421 368 248 1
1723258415.2549076 355 320 0
1723258415.747294 388 304 1
1723258415.7597594 375 301 1
1723258415.815854 392 310 1
1723258415.8844142 352 270 0
1723258416.0963273 349 331 0
1723258416.1835856 377 271 1
1723258416.3581023 362 240 1
1723258416.3954988 381 335 1
1723258416.414197 369 357 0
1723258416.4952226 369 249 1
1723258416.769463 381 267 1
1723258416.9439797 372 301 0
1723258418.1482525 387 317 1
1723258418.166784 348 304 0
1723258418.234733 374 399 0
1723258418.5127065 323 256 0
1723258418.5435925 363 300 0
1723258418.7165537 376 264 1
1723258419.321918 384 273 1
1723258419.4578161 375 363 1
1723258419.5690055 390 300 1
1723258419.6678405 373 408 1
1723258419.9705226 369 282 1
1723258419.9890542 370 334 1
1723258420.0261173 380 292 0
1723258420.0322945 336 320 0
1723258420.1002436 384 274 1
1723258420.1311295 368 352 0
1723258420.1990786 380 379 1
1723258420.2052557 350 261 1
1723258420.3535082 380 371 1
1723258420.3843942 334 269 1
1723258420.3967485 377 275 1
1723258420.4276345 362 348 1
1723258420.507938 347 332 0
1723258420.5573554 349 370 1
1723258420.5882413 324 266 0
1723258420.6005957 355 335 0
1723258420.6561904 386 301 1
1723258420.773557 353 252 0
1723258420.841506 368 354 0
1723258420.8476832 350 345 0
1723258421.1133022 347 333 0
1723258421.1874285 390 310 1
1723258421.1936057 386 402 1
1723258421.267732 379 273 1
1723258421.6136544 326 269 1
1723258422.0707662 328 402 1
1723258422.0769434 350 344 0
1723258422.2807906 376 331 1
1723258422.2869678 349 295 0
1723258422.3425624 390 292 1
1723258422.3858027 326 266 0
1723258422.3981571 390 306 1
1723258422.4228659 381 366 1
1723258422.429043 336 265 0
1723258422.4413974 379 299 1
1723258422.4661062 375 271 1
1723258422.527878 383 321 1
1723258422.558764 361 240 1
1723258422.5711184 375 311 1
1723258422.5772955 382 274 1
1723258422.7502568 353 250 0
1723258422.7996743 347 301 1
1723258422.8058515 379 373 1
1723258422.8614461 383 327 1
1723258422.9602811 376 340 1
1723258423.1332424 385 296 1
1723258423.4112158 381 326 1
1723258423.8003786 336 331 0
1723258423.812733 361 372 0
1723258424.078352 351 370 1
1723258424.2945535 373 402 1
1723258424.306908 381 296 0
1723258424.313085 377 296 1
1723258424.4922235 374 383 1
1723258424.8505003 338 266 0
1723258424.875209 342 301 0
1723258424.8875635 376 271 0
1723258424.8937407 350 342 0
1723258424.9122722 339 279 0
1723258424.9184494 345 311 1
1723258424.974044 352 350 0
1723258425.00493 384 281 1
1723258425.0111072 351 350 0
1723258425.171714 348 336 0
1723258425.1902456 349 371 1
1723258425.2149544 335 330 0
1723258425.2458403 390 308 1
1723258425.3261437 363 334 1
1723258425.338498 381 307 1
1723258425.4188015 338 252 1
1723258425.6720662 330 269 1
1723258425.7709012 386 323 1
1723258425.826496 350 381 0
1723258425.9685712 377 329 1
1723258426.2650762 367 340 0
1723258426.357734 389 311 1
1723258426.3762655 351 298 1
1723258426.4318602 364 336 1
1723258426.4380374 364 262 1
1723258426.691302 357 342 1
1723258426.821023 373 289 0
1723258426.8457317 361 382 0
1723258426.851909 331 269 1
1723258426.888972 369 253 1
1723258426.9754527 383 270 1
1723258428.0584793 344 314 1
1723258428.1169586 374 393 0
1723258428.1578941 359 380 0
1723258428.5380096 381 346 1
1723258428.6081848 334 316 0
1723258428.6959038 367 246 1
1723258428.8128624 373 265 1
1723258428.853798 375 300 1
1723258428.8654938 380 294 0
1723258428.9883003 388 301 1
1723258429.0292358 386 277 1
1723258429.0467796 382 303 0
1723258429.5087662 369 344 0
1723258429.5497017 353 299 1
1723258429.5672455 375 399 0
1723258429.614029 374 316 0
1723258429.6315727 336 299 0
1723258429.6432686 352 290 1
1723258430.0116882 363 261 1
1723258430.023384 371 298 0
1723258430.0467758 352 370 1
1723258430.0584717 319 270 1
1723258430.0760155 349 335 0
1723258430.0935593 340 328 0
1723258430.111103 363 345 0
1723258430.1637344 381 297 0
1723258430.2339096 378 293 1
1723258430.2456055 374 382 1
1723258430.456131 350 311 0
1723258430.4678268 353 365 1
1723258430.4795227 377 361 1
1723258430.5672417 345 313 1
1723258430.625721 364 312 1
1723258430.6491127 338 326 0
1723258430.701744 384 278 1
1723258430.7368317 374 299 1
1723258430.871334 331 391 1
1723258430.9122696 378 350 1
1723258430.964901 366 355 0
1723258431.7075882 377 367 0
1723258431.8654823 372 396 1
1723258431.9941368 374 279 0
1723258432.0058327 388 314 1
1723258432.0116806 387 315 1
1723258432.0467682 386 390 1
1723258432.058464 375 283 1
1723258432.0760078 347 318 0
1723258432.0818558 338 314 0
1723258432.0935516 378 294 1
1723258432.1052475 389 312 1
1723258432.1988144 377 352 1
1723258432.5496902 386 299 1
1723258432.5964737 357 320 1
1723258432.6198654 384 323 1
1723258432.6432571 384 271 1
1723258432.6958885 367 255 1
1723258432.7543678 354 250 0
1723258432.8362389 347 334 0
1723258432.91811 372 304 1
1723258432.9298058 335 295 0
1723258432.988285 351 265 0
1723258432.994133 385 274 1
1723258433.0116768 362 343 1
1723258433.1227875 337 268 1
1723258433.1403313 388 288 1
1723258433.1929626 340 297 0
1723258433.2163544 381 353 1
1723258433.3040733 353 385 0
1723258433.3508568 336 315 0
1723258433.4034882 389 296 1
1723258433.5613823 386 280 1
1723258433.7426682 368 245 1
1723258433.754364 389 291 1
1723258433.918106 395 388 0
1723258434.0233688 361 263 0
1723258434.0292168 381 302 1
1723258434.2806778 353 306 0
1723258434.2865257 355 254 0
1723258434.2923737 349 323 0
1723258434.432724 387 283 1
1723258434.4736595 381 337 1
1723258434.514595 376 355 1
1723258434.5379868 355 262 1
1723258434.608162 319 305 0
1723258434.6198578 379 368 1
1723258434.6315536 353 248 0
1723258434.6432495 389 397 0
1723258434.7192726 364 240 1
1723258434.777752 337 277 1
1723258434.859623 335 265 0
1723258434.8713188 382 273 1
1723258434.9122543 358 346 0
1723258435.0058212 366 333 0
1723258435.0643005 348 310 0
1723258435.280674 347 319 0
1723258435.625702 366 338 0
1723258435.871315 334 268 1
1723258435.947338 370 372 0
1723258435.9707298 321 257 0
1723258436.2280388 378 318 1
1723258436.3625412 370 338 1
1723258436.4385643 380 266 1
1723258436.713417 364 333 1
1723258436.719265 377 386 1
1723258436.7602005 384 354 1
1723258438.0836322 381 341 1
1723258438.102932 336 307 0
1723258438.1672645 367 349 0
1723258438.2251637 374 286 1
1723258438.4438941 335 269 1
1723258438.6561913 377 359 1
1723258438.7912896 380 302 1
1723258438.7977228 363 340 1
1723258438.9199545 390 309 1
1723258439.0421863 380 353 1
1723258439.1515515 344 388 1
1723258439.2802165 384 324 1
1723258439.5118134 385 280 1
1723258439.5825791 380 301 1
1723258439.6726446 359 353 1
1723258439.9106748 382 271 1
1723258440.0264733 375 286 1
1723258440.0650728 353 374 0
1723258440.3352692 336 323 0
1723258440.4124682 380 346 1
1723258440.4639342 369 246 1
1723258440.4703674 381 334 1
1723258440.5475664 354 413 0
1723258440.6504984 381 349 1
1723258440.7276974 378 270 1
1723258440.746997 370 350 0
1723258440.8113296 367 338 0
1723258440.849929 369 247 1
1723258440.9142616 368 242 1
1723258440.9978938 378 296 1
1723258441.004327 331 291 0
1723258441.0622263 333 269 1
1723258441.081526 383 311 0
1723258441.1008258 380 319 1
1723258441.1522918 360 375 0
1723258441.1908913 365 241 1
1723258441.3066897 338 325 0
1723258441.3195562 350 346 0
1723258441.3324227 370 266 1
1723258441.3581557 350 306 1
1723258441.5318534 388 312 1
1723258441.5575864 364 338 1
1723258441.570453 384 287 1
1723258441.699118 352 375 0
1723258441.7055511 382 286 1
1723258441.750584 377 279 0
1723258441.9435813 381 282 1
1723258442.2330775 366 335 0
1723258442.271677 351 346 0
1723258442.7220044 361 370 0
1723258442.8056366 360 377 0
1723258442.947168 371 263 1
1723258442.9536014 365 246 1
1723258443.0115006 382 323 1
1723258443.0179338 384 325 1
1723258443.0372336 364 241 1
1723258443.2109313 371 266 1
1723258443.2430975 323 236 1
1723258443.3202965 361 369 0
1723258443.3395963 358 348 1
1723258443.3460295 372 252 1
1723258443.3781958 361 317 0
1723258443.4682612 363 300 1
1723258443.487561 381 322 1
1723258443.5583267 325 256 0
1723258443.616226 369 386 0
1723258443.7641907 373 284 1
1723258443.8092234 384 321 1
1723258443.8285232 390 308 1
1723258443.8413897 323 269 1
1723258443.9057221 384 318 0
1723258444.06012 362 390 0
1723258444.1823518 380 342 1
1723258444.188785 337 298 0
1723258444.2080848 381 298 0
1723258444.214518 369 328 0
1723258444.3238833 341 261 1
1723258444.343183 354 317 1
1723258444.4139488 354 242 0
1723258444.7742107 363 338 1
1723258444.806377 378 295 1
1723258444.8385432 381 344 1
1723258444.9736414 390 407 1
1723258445.0508404 391 301 1
1723258445.0830066 366 262 1
1723258445.2695708 331 391 0
1723258445.2824373 373 270 1
1723258445.5140343 380 315 1
1723258445.5204675 328 257 0
1723258445.533334 355 242 0
1723258445.5462005 362 342 1
1723258445.5976665 381 271 1
1723258445.7327647 322 270 1
1723258445.7456312 366 245 1
1723258445.764931 389 301 1
1723258445.816397 376 310 1
1723258445.8228302 318 385 0
1723258445.867863 355 335 1
1723258445.9128957 338 320 0
1723258445.9321954 339 390 1
1723258445.970795 387 314 1
1723258445.9772282 384 275 1
1723258446.022261 387 286 1
1723258446.0672936 388 282 1
1723258446.09946 344 380 0
1723258446.1058931 374 383 0
1723258446.1316261 381 299 0
1723258446.2474246 381 308 1
1723258446.3053238 349 353 1
1723258446.8585832 377 331 1
1723258446.9100492 372 305 1
1723258446.929349 328 264 0
1723258448.2163773 344 313 1
1723258448.2704716 369 262 1
1723258448.2975187 382 268 1
1723258448.324566 369 248 1
1723258448.4395163 384 320 1
1723258448.4665635 378 351 1
1723258448.513896 352 247 0
1723258448.5882757 389 310 1
1723258448.608561 389 295 1
1723258448.6153228 376 268 1
1723258448.6491318 385 315 1
1723258448.676179 380 271 1
1723258448.7099879 370 307 1
1723258448.8790326 372 382 1
1723258448.9263651 375 291 0
1723258449.0345538 343 318 1
1723258449.0480773 386 278 1
1723258449.2712164 387 308 1
1723258449.3523579 380 347 1
1723258449.4267375 380 348 1
1723258449.4875937 350 303 1
1723258449.6972091 320 256 0
1723258449.764827 390 309 1
1723258449.7918742 384 272 1
1723258450.1299636 360 351 1
1723258450.2043433 318 413 0
1723258450.596527 335 300 1
1723258450.6370978 338 289 0
1723258450.697954 351 388 0
1723258450.7385247 390 305 1
1723258450.7452865 386 281 1
1723258450.7790954 327 264 0
1723258450.9143312 379 358 1
1723258450.921093 350 333 0
1723258450.9887109 358 260 0
1723258451.0089962 366 406 0
1723258451.083376 369 271 1
1723258451.0968995 352 363 1
1723258451.1915646 320 270 1
1723258451.1983263 327 269 1
1723258451.21185 388 294 1
1723258451.238897 387 296 1
1723258451.3470857 390 298 1
1723258451.3538475 377 320 1
1723258451.3606093 385 276 1
1723258451.367371 351 311 0
1723258451.3876565 347 329 0
1723258451.40118 374 297 1
1723258451.4079418 381 266 1
1723258451.4755597 389 293 1
1723258451.495845 388 311 1
1723258451.5567012 369 369 0
1723258451.5837483 352 382 0
1723258451.6310809 371 402 1
1723258451.6851752 373 314 1
1723258451.7122223 383 329 1
1723258451.820411 342 325 1
1723258451.9218378 348 298 0
1723258452.104406 354 263 1
1723258452.1449769 339 273 1
1723258452.1787858 368 250 1
1723258452.4830663 386 279 1
1723258452.9496298 386 275 1
1723258452.9631534 348 307 0
1723258452.976677 381 352 1
1723258453.166007 388 313 1
1723258453.233625 367 245 1
1723258453.2741957 383 322 1
1723258453.2877192 367 254 1
1723258453.3080046 340 240 1
1723258453.32829 377 396 0
1723258453.3959079 377 395 1
1723258453.422955 361 379 0
1723258453.4838111 367 244 1
1723258453.490573 389 288 1
1723258453.646094 389 309 1
1723258453.6528559 363 339 1
1723258453.7001884 382 335 1
1723258454.0856104 345 289 0
1723258454.2073226 362 285 0
1723258454.2343698 352 324 0
1723258454.3290348 370 350 1
1723258454.4304616 390 302 1
1723258454.5589356 348 272 0
1723258454.579221 382 272 1
1723258454.903787 388 315 1
1723258454.9849284 365 258 1
1723258455.2351146 354 255 0
1723258455.2756853 367 345 0
1723258455.2959707 385 289 1
1723258455.539395 382 332 1
1723258455.5596805 380 349 1
1723258455.5799658 350 380 0
1723258455.6949162 338 286 0
1723258455.7557724 373 321 0
1723258455.8031049 349 337 0
1723258455.8166285 374 398 0
1723258455.8233902 390 301 1
1723258455.830152 335 318 0
1723258455.8910081 343 300 0
1723258455.924817 385 277 1
1723258455.9383407 322 256 0
1723258455.958626 336 311 0
1723258456.0397675 386 290 1
1723258456.0600529 383 296 1
1723258456.0938618 335 268 1
1723258456.1006236 343 268 1
1723258456.1141472 383 280 1
1723258456.154718 387 272 0
1723258456.3508098 369 370 0
1723258456.3981423 380 295 0
1723258456.4454749 367 336 0
1723258456.5469017 365 262 1
1723258456.6280432 378 297 1
1723258456.6618521 362 336 1
1723258456.7227082 372 367 1
1723258456.790326 377 296 1
1723258456.8038497 337 260 0
1723258456.8849912 389 294 1
1723258458.3183517 333 390 1
1723258458.8754673 384 282 1
1723258458.9417906 346 299 0
1723258458.9749522 345 314 1
1723258458.9948492 368 251 1
1723258459.0014815 387 285 1
1723258459.0280108 371 403 1
1723258459.0545402 369 328 1
1723258459.0744371 337 316 1
1723258459.0810695 387 317 1
1723258459.213716 336 324 0
1723258459.2866716 368 244 1
1723258459.3662596 368 252 1
1723258459.372892 351 383 0
1723258459.6912436 359 351 1
1723258459.7443023 379 298 1
1723258459.757567 332 269 1
1723258459.7641993 349 327 1
1723258459.7840962 388 283 1
1723258460.0493894 383 331 1
1723258460.2881532 357 404 0
1723258460.467226 381 301 1
1723258460.526917 349 372 1
1723258460.772313 372 401 1
1723258460.7988424 330 299 0
1723258460.812107 360 353 1
1723258460.9182243 381 368 1
1723258461.0177093 346 309 1
1723258461.0243416 353 306 1
1723258461.1039295 361 338 1
1723258461.236576 363 315 0
1723258461.2432084 371 312 0
1723258461.3493257 325 269 1
1723258461.3692226 322 236 1
1723258461.47534 377 314 1
1723258461.5018692 360 373 0
1723258461.5350308 356 347 0
1723258461.5482955 363 388 0
1723258461.5615602 381 340 1
1723258461.621251 325 270 1
1723258461.641148 363 336 1
1723258461.6544127 357 256 1
1723258461.7340007 369 359 0
1723258461.740633 368 263 1
1723258461.7538977 371 298 1
1723258461.800324 328 269 1
1723258461.8069563 362 387 1
1723258461.8467503 379 362 1
1723258461.879912 352 375 1
1723258461.9197059 372 361 0
1723258461.9793968 387 284 1
1723258462.0059261 334 251 1
1723258462.1385727 363 337 1
1723258462.2181606 372 394 1
1723258462.224793 351 370 1
1723258462.2513223 360 312 1
1723258462.3441749 375 338 1
1723258462.3972335 388 293 1
1723258462.4303951 379 406 0
1723258462.609468 360 380 0
1723258462.689056 329 270 1
1723258462.974246 387 289 1
1723258462.9808784 388 295 1
1723258463.279333 386 283 1
1723258463.4252443 381 339 1
1723258463.4915676 342 289 0
1723258463.5048323 369 400 1
1723258463.518097 326 257 0
1723258463.5910525 347 302 1
1723258463.6175818 357 277 0
1723258463.6242142 381 277 1
1723258463.6441112 380 304 0
1723258463.7104344 382 302 0
1723258463.7701254 389 283 1
1723258463.78339 346 325 0
1723258463.922669 354 413 1
1723258463.9293013 336 268 1
1723258463.9558306 371 306 1
1723258464.1746974 361 347 1
1723258464.1945944 368 345 0
1723258464.2808146 390 307 1
1723258464.4399905 342 319 1
1723258464.572637 384 273 1
1723258464.6190634 344 380 1
1723258464.6256957 384 274 1
1723258464.7185483 345 291 0
1723258464.8578272 382 307 0
1723258464.8909888 386 317 1
1723258464.8976212 382 334 1
1723258464.9506798 387 293 1
1723258464.9705768 350 371 1
1723258465.1496496 378 268 1
1723258465.401678 354 307 1
1723258465.4083104 363 260 1
1723258465.4547367 359 247 1
1723258465.4746337 388 289 1
1723258465.7266622 345 390 1
1723258465.7598238 354 389 1
1723258465.8394117 346 306 1
1723258465.846044 337 269 1
1723258465.8924704 385 278 1
1723258465.925632 349 321 0
1723258465.9919553 373 362 1
1723258466.0848079 324 269 1
1723258466.2970424 391 298 1
1723258466.3036747 362 296 0
1723258466.3368363 370 399 1
1723258466.389895 381 298 0
1723258466.4761152 365 312 1
1723258466.5291739 367 341 0
1723258466.5689678 348 300 1
1723258466.6419234 379 341 1
1723258466.734776 329 269 1
1723258466.7414083 355 253 0
1723258466.7613053 379 328 1
1723258466.8077316 379 270 1
1723258466.814364 365 259 1
1723258466.9005842 360 354 1
1723258466.9470105 386 287 1
1723258468.4538321 382 324 1
1723258468.5688882 390 304 1
1723258468.6967282 389 292 1
1723258469.1441684 368 274 1
1723258469.2975764 352 367 1
1723258469.3998485 320 269 1
1723258469.4126325 377 295 1
1723258469.4318085 321 270 1
1723258469.4765525 385 281 1
1723258469.5340805 377 279 1
1723258469.6107845 346 321 0
1723258469.6363525 362 339 1
1723258469.6427445 389 300 1
1723258469.6683125 319 256 0
1723258469.7066646 349 295 1
1723258469.7130566 377 265 1
1723258469.7386246 343 404 1
1723258469.8345046 381 338 1
1723258470.0262647 351 328 0
1723258470.2116327 378 368 1
1723258470.2435927 353 312 1
1723258470.3394728 318 385 1
1723258470.3714328 330 380 1
1723258470.5823689 344 310 1
1723258470.6015449 380 308 1
1723258470.780521 346 310 1
1723258470.882793 372 280 1
1723258471.029809 379 340 1
1723258471.176825 389 289 1
1723258471.330233 386 280 1
1723258471.355801 389 298 1
1723258471.5795212 336 395 0
1723258471.6114812 384 329 1
1723258471.6498332 389 311 1
1723258471.6754012 366 242 1
1723258471.7201452 317 368 1
1723258471.7393212 381 307 1
1723258471.7904572 347 383 1
1723258471.8671613 347 270 0
1723258471.9055133 378 390 1
1723258471.9310813 397 239 1
1723258471.9438653 370 262 1
1723258472.0141773 349 373 1
1723258472.0333533 366 248 1
1723258472.0397453 319 305 1
1723258472.1164494 340 314 0
1723258472.2059374 351 298 0
1723258472.2251134 364 330 0
1723258472.2506814 377 325 0
1723258472.2570734 325 266 0
1723258472.2698574 348 250 1
1723258472.3401694 388 316 1
1723258472.3721294 368 249 1
1723258472.3785214 380 296 0
1723258472.4232655 357 256 0
1723258472.4360495 335 331 0
1723258472.4488335 376 395 1
1723258472.4616175 342 326 1
1723258472.5063615 362 338 1
1723258472.7236896 336 269 1
1723258472.8579216 383 276 1
1723258473.4140258 346 322 0
1723258473.4204178 376 374 0
1723258473.5035138 378 342 1
1723258473.5482578 386 390 0
1723258473.720842 393 374 1
1723258474.040442 379 370 1
1723258474.053226 390 285 1
1723258474.06601 352 368 1
1723258474.117146 386 292 1
1723258474.136322 365 333 1
1723258474.155498 352 249 0
1723258474.206634 370 315 1
1723258474.232202 378 334 1
1723258474.238594 382 282 1
1723258474.392002 366 250 1
1723258474.5645862 387 316 1
1723258474.8650103 350 342 1
1723258474.8777943 369 358 0
1723258475.0056343 349 323 1
1723258475.0823383 383 314 0
1723258475.1079063 353 254 0
1723258475.1718264 390 303 1
1723258475.3316264 382 269 1
1723258475.3955464 336 308 0
1723258475.5936985 386 316 1
1723258475.6000905 353 247 0
1723258475.7918506 366 243 1
1723258475.7982426 378 295 1
1723258475.9708266 367 342 0
1723258475.9772186 331 299 0
1723258475.9963946 345 289 1
1723258476.0411386 376 276 1
1723258476.1370187 365 388 0
1723258476.2073307 332 268 1
1723258476.2456827 368 272 1
1723258476.3415627 388 308 1
1723258476.4502268 352 248 0
1723258476.6036348 361 262 1
1723258476.6292028 376 389 1
1723258476.6419868 370 369 0
1723258476.7122989 385 277 1
1723258476.7250829 384 272 1
1723258476.757043 352 254 0
1723258476.808179 355 313 1
1723258476.814571 367 243 1
1723258476.833747 390 306 1
1723258476.840139 378 366 1
1723258476.852923 378 387 1
1723258476.865707 384 277 1
1723258476.884883 389 290 1
1723258476.897667 336 300 0
1723258476.923235 378 266 1
1723258476.955195 367 247 1
1723258476.993547 348 306 0
1723258478.075679 334 270 1
1723258478.0815005 317 270 1
1723258478.0931435 376 352 1
1723258478.1164293 374 356 1
1723258478.2852519 352 393 1
1723258478.4598958 351 329 0
1723258478.622897 382 331 1
1723258478.6345398 351 361 1
1723258478.6694686 387 313 1
1723258478.8266482 343 317 1
1723258478.9197917 383 270 1
1723258478.9256132 377 294 1
1723258479.4495451 350 382 0
1723258479.4902954 383 274 1
1723258479.5252242 361 317 1
1723258479.560153 398 239 1
1723258479.5834389 348 271 0
1723258479.6765823 384 411 0
1723258479.6882253 347 326 0
1723258479.7289755 318 270 1
1723258479.7522614 333 304 0
1723258479.7639043 356 347 1
1723258479.8512263 336 247 0
1723258479.9501913 388 300 1
1723258480.0375133 372 264 1
1723258480.1015494 385 275 1
1723258480.2005143 395 255 0
1723258480.235443 348 298 1
1723258480.4391944 368 348 0
1723258480.5148735 379 385 1
1723258480.5905526 357 277 1
1723258480.7477322 344 304 0
1723258480.8234112 389 297 1
1723258480.8292327 364 334 1
1723258480.881626 341 281 0
1723258480.9631264 368 352 0
1723258480.9805908 352 302 0
1723258480.9864123 384 271 1
1723258481.0504484 332 253 1
1723258481.0970201 383 315 0
1723258481.120306 383 307 0
1723258481.131949 381 267 1
1723258481.2018065 390 299 1
1723258481.5045228 385 279 1
1723258481.5860233 371 264 1
1723258481.6093092 386 285 1
1723258481.6384165 365 241 1
1723258481.644238 366 264 1
1723258481.6675239 365 242 1
1723258481.6966312 383 327 1
1723258481.7548459 349 320 0
1723258481.7606673 366 310 1
1723258481.7723103 386 282 1
1723258481.7897747 350 347 0
1723258481.8247035 390 297 1
1723258481.8538108 337 295 1
1723258481.8596323 335 308 0
1723258481.9120255 379 387 1
1723258481.9294899 385 278 1
1723258481.9353113 336 309 0
1723258481.9877045 378 319 1
1723258482.005169 373 396 1
1723258482.1623485 370 269 1
1723258482.1856344 368 253 1
1723258482.2787778 364 284 1
1723258482.4708862 390 308 1
1723258482.4825292 348 302 1
1723258482.5873156 347 330 0
1723258482.7619596 378 360 1
1723258482.8085313 381 367 1
1723258483.105426 355 296 0
1723258483.6118937 367 253 1
1723258483.629358 357 245 0
1723258483.7632518 366 336 0
1723258483.7690732 382 333 1
1723258483.7807162 372 370 1
1723258483.8855026 380 338 1
1723258483.9087884 379 338 1
1723258483.9378958 336 321 0
1723258484.0077534 383 278 1
1723258484.0135748 366 256 1
1723258484.0193963 368 254 1
1723258484.0601466 323 270 1
1723258484.1241827 380 307 1
1723258484.1358256 388 312 1
1723258484.403613 335 269 1
1723258484.7820084 383 269 1
1723258485.1545823 378 329 1
1723258485.3292263 369 251 1
1723258485.5096917 339 273 0
1723258485.8415153 389 304 1
1723258485.9928734 377 303 0
1723258486.0801954 384 319 0
1723258486.2024462 347 288 0
1723258486.3072326 365 332 1
1723258486.33634 373 332 1
1723258486.4353049 357 404 1
1723258486.4644122 374 316 1
1723258486.4935195 380 333 1
1723258486.5168054 368 350 0
1723258486.5342698 371 387 0
1723258486.5517342 382 305 0
1723258486.57502 367 339 0
1723258486.6332347 382 301 0
1723258486.7380211 370 408 1
1723258486.749664 390 284 1
1723258486.7671285 364 339 1
1723258486.7787714 353 338 0
1723258486.8078787 373 361 1
1723258486.848629 383 309 0
1723258486.947594 349 385 0
1723258486.9650583 381 323 1
1723258486.9767013 352 245 0
1723258488.0624132 356 319 1
1723258488.118585 379 299 1
1723258488.312066 347 328 0
1723258488.368238 373 281 1
1723258488.386962 363 313 1
1723258488.4181685 368 247 1
1723258488.4306512 382 285 1
1723258488.5492363 347 300 1
1723258488.5679603 380 337 1
1723258488.6366148 348 332 0
1723258488.6740627 353 272 1
1723258488.8051305 336 395 1
1723258488.9174743 374 307 1
1723258489.1983337 390 300 1
1723258489.959775 321 269 1
1723258489.997223 320 277 0
1723258490.0471535 370 404 1
1723258490.097084 362 350 1
1723258490.115808 367 248 1
1723258490.1782212 375 264 1
1723258490.2281518 363 345 1
1723258490.2593584 347 327 0
1723258490.2968063 366 255 1
1723258490.521494 337 299 0
1723258490.7898707 387 315 1
1723258490.9334211 348 311 0
1723258491.027041 356 244 0
1723258491.0520062 384 276 1
1723258491.5201054 368 251 1
1723258491.6137252 382 271 1
1723258491.651173 344 395 1
1723258491.669897 380 343 1
1723258491.7198277 372 290 1
1723258491.8321714 376 336 1
1723258491.9320326 354 252 0
1723258492.0506177 385 323 1
1723258492.0693417 351 356 0
1723258492.094307 380 341 1
1723258492.1192722 347 306 1
1723258492.387649 349 249 1
1723258492.3938904 377 305 1
1723258492.4875102 386 284 1
1723258492.4937515 375 291 1
1723258492.4999928 369 354 0
1723258492.5499234 389 302 1
1723258492.58113 366 337 0
1723258492.599854 361 312 1
1723258492.6248193 359 377 0
1723258492.6934738 359 378 0
1723258492.755887 382 311 0
1723258492.7995763 382 306 0
1723258492.8682308 387 303 1
1723258492.9244027 394 405 0
1723258492.949368 367 335 0
1723258493.66712 332 373 0
1723258494.0291166 384 411 1
1723258494.3911133 351 371 1
1723258494.4410439 348 312 0
1723258494.5159397 377 278 1
1723258494.540905 349 382 0
1723258494.559629 354 387 0
1723258494.5721116 382 337 1
1723258494.5908356 364 313 1
1723258494.6407661 367 285 1
1723258494.7843165 351 311 1
1723258494.8092818 368 250 1
1723258494.8155231 363 312 1
1723258494.871695 340 313 1
1723258494.9029016 385 280 1
1723258494.9590735 370 361 0
1723258494.9840388 362 340 1
1723258495.2149677 379 352 1
1723258495.2336917 386 297 1
1723258495.3834834 348 313 0
1723258495.433414 340 323 1
1723258495.589447 382 276 1
1723258495.8078933 349 261 1
1723258496.0887527 364 248 1
1723258496.307199 352 371 1
1723258496.3321643 363 338 1
1723258496.50068 369 244 1
1723258496.7628155 357 302 0
1723258496.8439527 372 361 1
1723258496.8751593 356 256 0
1723258496.8938832 362 242 1
1723258496.968779 346 308 1
1723258496.9937444 384 280 1
1723258498.0254774 383 308 0
1723258498.0509548 341 313 0
1723258498.1019096 375 305 1
1723258498.1656032 339 317 1
1723258498.1783419 368 246 1
1723258498.2420354 376 277 1
1723258498.254774 382 270 1
1723258498.2611434 384 322 1
1723258498.2738822 361 388 0
1723258498.4777014 351 344 0
1723258498.5732417 377 368 1
1723258498.6369352 340 314 1
1723258499.229285 348 319 0
1723258499.3503027 387 290 1
1723258499.7197251 384 313 0
1723258499.8407428 336 304 0
1723258500.0127153 333 308 0
1723258500.0190847 367 252 1
1723258500.0573008 387 314 1
1723258500.1209943 330 269 1
1723258500.152841 345 397 1
1723258500.2101653 389 310 1
1723258500.4012458 364 261 1
1723258500.5604796 347 317 0
1723258500.694236 344 381 0
1723258500.713344 345 312 1
1723258500.7961457 368 248 1
1723258500.9744875 383 313 0
1723258501.0318117 363 385 0
1723258501.1783068 366 306 1
1723258501.4267116 354 379 0
1723258501.433081 347 318 0
1723258501.4649277 367 259 1
1723258501.471297 392 308 1
1723258501.6177921 355 296 1
1723258501.668747 379 265 1
1723258501.706963 376 340 0
1723258501.7133324 348 305 0
1723258501.7642872 377 303 1
1723258501.8279808 335 320 0
1723258501.9107823 368 351 0
1723258502.1464484 380 379 1
1723258502.159187 348 320 0
1723258502.1846645 353 376 0
1723258502.1910338 375 398 0
1723258502.2165112 381 297 0
1723258502.3311596 318 295 0
1723258502.375745 366 335 0
1723258502.4776547 341 318 1
1723258502.5413482 363 335 1
1723258502.5477176 389 291 1
1723258502.554087 348 299 1
1723258502.5859337 350 372 1
1723258502.6305192 358 259 0
1723258502.700582 368 410 1
1723258502.7387981 343 393 0
1723258502.898032 357 257 0
1723258502.9235094 388 292 1
1723258502.9426174 330 299 1
1723258502.9744642 378 309 1
1723258503.0317883 379 315 1
1723258503.0381577 382 338 1
1723258503.1591754 327 270 1
1723258503.3120399 335 307 0
1723258503.3821027 339 268 1
1723258503.5285978 389 308 1
1723258503.5604446 339 328 0
1723258503.9617138 354 257 1
1723258504.2228572 378 314 1
1723258504.3502443 344 304 1
1723258504.3566136 353 369 1
1723258504.3757217 377 266 1
1723258504.3948298 386 281 1
1723258504.4457846 341 322 1
1723258504.4776313 380 334 1
1723258504.5476942 379 297 1
1723258504.5668023 355 261 1
1723258504.6241264 366 257 1
1723258504.6496038 354 312 1
1723258504.668712 384 327 1
1723258504.726036 352 246 0
1723258504.7324054 365 243 1
1723258504.7706215 380 277 1
1723258504.834315 336 318 0
1723258504.9744408 359 288 1
1723258505.159152 369 368 0
1723258505.5158358 367 254 1
1723258505.6368535 345 309 1
1723258505.738763 347 320 0
1723258505.7515018 379 399 0
1723258505.9616904 368 252 1
1723258506.1081855 383 271 1
1723258506.114555 368 245 1
1723258506.1464016 367 346 0
1723258506.5922563 381 336 1
1723258506.6177337 363 258 1
1723258506.6432111 381 370 1
1723258506.6623192 389 397 1
1723258506.7578595 330 264 0
1723258506.8852465 377 287 1
1723258508.0267065 343 319 1
1723258508.0427303 361 378 0
1723258508.0801194 337 332 0
1723258508.128191 380 299 1
1723258508.218993 380 331 1
1723258508.2456994 372 399 0
1723258508.2884297 390 302 1
1723258508.3044536 374 320 1
1723258508.3258188 333 304 1
1723258508.3738904 318 413 1
1723258508.384573 342 397 1
1723258508.3899143 344 319 1
1723258508.4860575 356 315 1
1723258508.512764 356 293 1
1723258508.6195898 354 261 0
1723258508.6356137 386 283 1
1723258508.6730027 335 295 1
1723258508.7210743 351 329 1
1723258508.8652892 380 363 1
1723258509.0201867 345 390 0
1723258509.175084 369 281 1
1723258509.2017906 341 328 1
1723258509.303275 336 300 1
1723258509.4154422 362 344 1
1723258509.4528313 348 271 1
1723258509.8641107 367 316 1
1723258509.8801346 351 279 1
1723258509.8854759 371 312 1
1723258509.8908172 335 305 0
1723258510.0403733 319 269 1
1723258510.0457146 384 285 1
1723258510.1578817 340 300 0
1723258510.1739056 388 315 1
1723258510.3715334 361 373 0
1723258510.419605 389 296 1
1723258510.9216864 337 297 0
1723258511.0712426 371 393 0
1723258511.0819252 360 357 1
1723258511.2368226 379 267 1
1723258511.6534433 343 404 0
1723258511.701515 377 337 1
1723258511.8403885 368 336 1
1723258511.8457298 370 376 0
1723258511.9472144 365 248 1
1723258511.9632382 361 412 0
1723258512.1021118 319 270 1
1723258512.1501834 380 306 1
1723258512.1715486 336 314 0
1723258512.17689 350 371 1
1723258512.2035964 364 333 1
1723258512.2196202 347 304 1
1723258512.3371286 377 325 1
1723258512.4492958 382 317 1
1723258512.4866848 341 321 1
1723258512.6789713 339 267 0
1723258512.7003365 337 266 0
1723258512.727043 363 388 1
1723258512.7377255 366 251 1
1723258512.801821 390 298 1
1723258512.9513772 346 313 1
1723258513.7685947 401 248 1
1723258514.3828433 382 303 0
1723258514.4469388 352 270 1
1723258514.4843278 370 399 0
1723258514.5323994 380 294 0
1723258514.543082 383 283 1
1723258514.8315117 370 341 1
1723258514.890266 364 409 0
1723258514.9383376 349 312 0
1723258514.965044 364 259 1
1723258514.9864092 388 288 1
1723258515.1519892 348 310 0
1723258515.168013 384 317 0
1723258515.2107434 341 281 1
1723258515.3602996 400 265 0
1723258515.387006 369 385 0
1723258515.5739512 376 362 1
1723258515.6487293 343 393 1
1723258515.915794 344 316 1
1723258516.0546675 360 384 0
1723258516.2255888 341 283 0
1723258516.3484385 381 343 1
1723258516.4018514 385 279 1
1723258516.4285579 358 380 0
1723258516.6101618 383 281 1
1723258516.6956224 339 312 0
1723258516.7330115 365 261 1
1723258516.7650592 363 334 1
1723258516.9039328 374 313 1
1723258516.909274 352 370 1
1723258516.9680283 380 266 1
1723258518.2048202 367 310 1
1723258518.2168684 376 265 1
1723258518.2530131 368 359 0
1723258518.2831337 383 305 0
1723258518.301206 382 275 1
1723258518.397592 367 255 1
1723258518.4036162 340 261 0
1723258518.445785 353 244 0
1723258518.4578333 363 240 1
1723258518.5060263 361 411 0
1723258518.5120504 359 378 1
1723258518.5180745 381 345 1
1723258518.5481951 390 305 1
1723258518.5662675 351 342 1
1723258518.590364 389 293 1
1723258518.6204846 389 294 1
1723258518.6265087 384 264 0
1723258518.6506052 338 386 1
1723258518.6987982 381 270 1
1723258518.981932 388 297 1
1723258519.132535 353 371 1
1723258519.2409692 391 302 1
1723258520.2951906 336 325 0
1723258520.3012147 390 291 1
1723258520.4457936 319 402 0
1723258520.463866 354 327 1
1723258520.5060349 366 334 0
1723258520.614469 369 377 0
1723258520.6325414 338 317 0
1723258520.9879646 379 351 1
1723258521.2349536 350 351 0
1723258521.2590501 380 355 1
1723258521.301219 344 315 1
1723258521.307243 387 287 1
1723258521.3735085 365 388 1
1723258521.4759185 374 383 1
1723258521.500015 384 283 1
1723258521.7048352 361 344 1
1723258521.9638724 384 274 1
1723258522.090379 357 305 1
1723258522.3795369 353 243 0
1723258522.4939952 332 373 1
1723258522.5964053 367 351 0
1723258522.6024294 400 239 1
1723258522.7530324 352 369 1
1723258522.831346 380 267 1
1723258522.9156837 385 324 1
1723258522.9217079 388 286 1
1723258522.9638767 362 285 1
1723258523.0361662 378 298 1
1723258523.0482144 365 257 1
1723258523.0602627 351 371 1
1723258523.1024315 389 295 1
1723258523.1144798 340 327 0
1723258523.120504 380 284 1
1723258523.174721 388 291 1
1723258523.2409863 335 317 0
1723258523.277131 383 302 0
1723258523.3554447 378 370 1
1723258523.4518306 370 367 0
1723258523.4879754 380 295 0
1723258523.6084578 384 275 1
1723258523.716892 332 265 0
1723258523.8253262 381 300 0
1723258524.0241222 380 309 1
1723258524.0301464 389 307 1
1723258524.10846 356 320 0
1723258524.1205082 336 322 0
1723258524.5903897 349 311 0
1723258524.5964139 383 330 1
1723258524.753041 356 244 1
1723258524.8434029 375 279 1
1723258524.903644 352 328 0
1723258524.945813 349 258 1
1723258525.0723195 339 329 0
1723258525.0903919 344 384 1
1723258525.1084642 387 265 0
1723258525.1144884 361 345 1
1723258525.1747296 341 323 1
1723258525.2048502 330 308 0
1723258525.337381 381 269 1
1723258525.78919 385 274 1
1723258525.8675036 337 296 0
1723258525.8976243 378 336 1
1723258525.9277449 358 347 1
1723258525.9458172 371 309 1
1723258526.0662997 353 313 0
1723258526.1024444 361 348 1
1723258526.1626856 378 330 1
1723258526.1687098 351 383 1
1723258526.228951 382 322 1
1723258526.5843742 349 371 1
1723258526.6566637 368 249 1
1723258526.674736 335 328 0
1723258526.6928084 332 305 0
1723258526.7530496 388 311 1
1723258526.8132908 378 328 1
1723258528.073987 335 251 1
1723258528.0792718 361 278 1
1723258528.1374044 369 267 0
1723258528.147974 381 299 0
1723258528.1532588 344 310 0
1723258528.1796827 354 261 1
1723258528.195537 384 316 0
1723258528.2378154 371 301 1
1723258528.2536697 367 250 1
1723258528.295948 385 282 1
1723258528.3118024 335 306 0
1723258528.3540807 383 272 1
1723258528.3752198 349 381 0
1723258528.3805046 375 362 1
1723258528.4650612 376 339 1
1723258528.5601873 360 352 1
1723258528.5813265 381 268 1
1723258528.792718 326 409 1
1723258528.8032875 363 333 1
1723258528.840281 379 298 1
1723258528.8561354 383 270 1
1723258528.9248376 344 269 0
1723258528.988255 327 312 0
1723258529.0041094 347 383 0
1723258529.0252485 384 273 1
1723258529.0780964 346 309 1
1723258529.532588 376 346 1
1723258530.0082188 352 249 0
1723258530.3940082 372 407 0
1723258530.4098625 379 309 1
1723258530.420432 398 263 0
1723258530.4257169 379 266 1
1723258530.6265388 364 255 1
1723258530.647678 381 308 1
1723258530.7005258 355 245 0
1723258530.7745128 349 336 0
1723258530.869639 320 235 1
1723258530.890778 377 264 1
1723258530.9224868 354 243 0
1723258530.964765 323 256 0
1723258530.9806194 380 279 1
1723258531.0598912 371 337 1
1723258531.1444478 384 295 1
1723258531.7733374 324 266 0
1723258531.7944765 385 278 1
1723258531.9688745 356 314 1
1723258532.053431 378 294 1
1723258532.3071008 347 307 0
1723258532.375803 378 401 0
1723258532.3916574 343 269 0
1723258532.8250098 380 290 1
1723258533.0046926 340 332 0
1723258533.168521 377 354 1
1723258533.2372231 386 281 1
1723258533.242508 348 293 0
1723258533.2689319 389 292 1
1723258533.3429189 378 267 1
1723258533.4063363 370 270 1
1723258533.411621 387 313 1
1723258533.4221907 387 288 1
1723258533.4433298 379 349 1
1723258533.4591842 358 351 1
1723258533.4697537 384 271 1
1723258533.4750385 387 315 1
1723258533.485608 374 401 1
1723258533.490893 386 289 1
1723258533.5014625 351 326 0
1723258533.538456 353 377 0
1723258533.559595 347 305 1
1723258533.5807343 385 291 1
1723258533.5913038 370 376 1
1723258533.638867 384 308 0
1723258533.760417 383 273 1
1723258533.9770932 324 270 1
1723258534.082789 363 336 1
1723258534.204339 374 363 1
1723258534.2201934 345 303 1
1723258534.2413325 380 320 1
1723258534.2466173 338 268 1
1723258534.3206043 374 357 1
1723258534.526711 327 350 0
1723258534.6165524 370 263 1
1723258534.6958241 379 383 1
1723258534.7433872 364 332 1
1723258534.8385134 341 329 1
1723258534.997057 342 321 1
1723258535.1027527 354 253 0
1723258535.2084484 376 398 0
1723258535.2137332 371 396 1
1723258535.2560115 353 319 0
1723258535.293005 380 340 1
1723258535.3088593 361 377 0
1723258535.3299985 373 361 0
1723258535.4092703 381 335 1
1723258535.4515486 384 312 0
1723258535.488542 390 301 1
1723258535.9536033 356 293 0
1723258535.9641728 380 350 1
1723258536.1227164 367 251 1
1723258536.207273 380 310 1
1723258536.5137906 370 370 0
1723258536.5454993 360 376 0
1723258536.5824928 367 341 0
1723258536.8573017 366 406 1
1723258536.9894214 364 242 1
1723258538.2869773 378 278 1
1723258538.3846717 390 307 1
1723258538.427413 337 325 0
1723258538.494578 353 371 1
1723258538.5617428 334 265 0
1723258538.5861664 348 329 0
1723258538.616696 363 339 1
1723258538.6289077 372 398 0
1723258538.671649 388 312 1
1723258538.7388139 361 376 0
1723258538.7510257 367 348 0
1723258538.8304024 373 398 0
1723258538.8853555 380 268 1
1723258538.909779 386 282 1
1723258538.915885 377 353 1
1723258538.9219909 349 301 0
1723258538.9647322 378 295 1
1723258539.1418033 366 244 1
1723258539.1784387 367 253 1
1723258539.1845446 362 296 1
1723258539.3005567 334 269 1
1723258539.337192 378 296 1
1723258539.3616157 336 317 0
1723258539.404357 335 319 0
1723258539.4898396 347 384 0
1723258539.5386868 383 325 1
1723258539.6852283 352 371 1
1723258539.7462873 355 241 0
1723258539.7768168 387 292 1
1723258539.8195581 348 335 0
1723258539.8622994 347 319 0
1723258539.9233584 377 287 0
1723258539.953888 369 373 0
1723258540.3385596 381 318 1
1723258541.0285263 357 355 0
1723258541.1994915 386 318 1
1723258541.2544446 379 399 1
1723258541.2605505 380 301 1
1723258541.284974 349 310 0
1723258541.3216095 367 316 0
1723258541.358245 384 272 1
1723258541.419304 341 283 1
1723258541.4254098 337 304 0
1723258541.5231042 379 344 1
1723258541.541422 373 412 1
1723258541.8222933 374 325 1
1723258542.0970588 321 299 0
1723258542.1886473 388 287 1
1723258542.4145656 385 276 1
1723258542.445095 352 365 1
1723258542.7992373 337 329 1
1723258542.9702024 357 342 0
1723258543.116744 386 286 1
1723258543.2877092 386 287 1
1723258543.3548741 373 320 1
1723258543.3976154 375 354 1
1723258543.5868983 336 312 0
1723258543.6784868 374 305 1
1723258543.6968045 380 300 1
1723258543.7517576 367 390 0
1723258543.7700753 377 393 0
1723258543.8311343 319 402 1
1723258543.849452 367 340 0
1723258543.916617 364 275 1
1723258543.9288287 355 377 1
1723258543.9410405 361 278 1
1723258543.9593582 369 282 0
1723258543.97157 381 342 1
1723258544.0020995 382 307 0
1723258544.0204172 353 249 0
1723258544.0509467 369 353 0
1723258544.087582 385 287 1
1723258544.1730647 375 392 0
1723258544.2402296 390 304 1
1723258544.3012886 342 301 1
1723258544.527207 390 273 1
1723258544.576054 318 255 0
1723258544.82029 381 334 1
1723258545.0767379 366 243 1
1723258545.5285745 380 302 1
1723258545.7300692 358 350 1
1723258545.7544928 368 262 1
1723258545.7605987 389 310 1
1723258545.7789164 362 341 1
1723258545.8155518 385 277 1
1723258545.8216577 380 380 1
1723258546.2796001 390 303 1
1723258546.285706 341 295 0
1723258546.4200358 373 309 1
1723258546.4627771 367 342 0
1723258546.7314367 348 309 0
1723258546.780284 379 336 1
1723258548.0248966 335 316 0
1723258548.1805005 356 314 0
1723258548.2240696 388 314 1
1723258548.3112078 353 372 1
1723258548.3734493 347 322 0
1723258548.398346 370 268 1
1723258548.516605 347 323 0
1723258548.5477257 359 345 1
1723258548.603743 326 409 0
1723258548.6908813 369 377 1
1723258548.7344503 348 315 0
1723258548.8713818 345 311 1
1723258548.8900542 387 300 1
1723258548.9398475 389 284 1
1723258549.0332098 357 258 0
1723258549.1265721 379 353 1
1723258549.1390204 387 285 1
1723258549.1701412 361 371 0
1723258549.2697277 319 404 0
1723258549.282176 385 280 1
1723258549.3319693 338 317 1
1723258549.3693142 376 359 1
1723258549.3942108 362 346 1
1723258549.4191074 385 305 1
1723258549.5435905 368 384 0
1723258549.5809355 361 411 1
1723258549.605832 353 253 0
1723258549.6120563 389 297 1
1723258549.6245046 340 291 0
1723258549.6494012 380 270 1
1723258549.8734708 351 325 0
1723258550.0352988 382 269 1
1723258550.1411095 380 296 0
1723258550.284265 378 265 1
1723258550.3900757 347 316 0
1723258550.5394554 364 258 1
1723258550.6265936 381 354 1
1723258550.6639385 377 310 1
1723258550.919129 381 337 1
1723258551.087181 363 347 1
1723258551.168095 323 299 0
1723258551.1805434 335 318 0
1723258551.1867676 383 329 1
1723258551.2178884 331 404 1
1723258551.2552333 389 298 1
1723258551.2739058 370 251 1
1723258551.286354 388 294 1
1723258551.2925782 382 268 1
1723258551.2988024 385 335 1
1723258551.3423715 378 315 1
1723258551.3983889 356 262 0
1723258551.4108372 374 340 1
1723258551.4544063 361 374 0
1723258551.5477686 361 341 1
1723258551.560217 346 308 1
1723258551.6224585 368 250 1
1723258551.6660275 379 345 1
1723258551.6784759 381 338 1
1723258551.7158208 390 300 1
1723258551.802959 348 263 1
1723258551.9772353 361 278 0
1723258552.1577358 347 270 1
1723258552.1888566 331 265 0
1723258552.4751678 376 278 1
1723258552.5125127 374 403 1
1723258552.6992373 384 274 1
1723258552.966876 340 326 1
1723258553.04779 378 297 1
1723258553.1971698 349 372 1
1723258553.4274635 336 306 0
1723258553.4772568 362 342 1
1723258553.570619 333 295 0
1723258553.5955157 357 353 1
1723258553.60174 381 333 1
1723258553.6390848 387 316 1
1723258553.6702056 389 299 1
1723258553.7324471 345 308 1
1723258553.8258095 355 312 1
1723258553.844482 383 323 1
1723258553.8693786 351 345 0
1723258553.9067235 360 274 1
1723258553.9378443 364 335 1
1723258554.0125341 373 361 1
1723258554.0374308 372 265 1
1723258554.0996723 364 334 1
1723258554.1805863 376 340 1
1723258554.1992588 337 308 0
1723258554.211707 349 381 1
1723258554.367311 361 351 1
1723258554.4357767 385 281 1
1723258554.448225 354 306 0
1723258554.6287255 350 343 0
1723258554.6722946 367 244 1
1723258554.8154502 339 273 1
1723258554.9212608 378 372 1
1723258555.251141 368 255 1
1723258555.2573652 365 242 1
1723258555.4191933 336 319 0
1723258555.5623488 352 342 0
1723258555.9233499 351 352 0
1723258555.9606948 375 402 1
1723258555.973143 352 301 1
1723258555.9793673 373 328 1
1723258555.9855914 379 302 1
1723258556.047833 367 344 0
1723258556.0602813 390 308 1
1723258556.0789537 383 272 1
1723258556.0976262 317 277 0
1723258556.1349711 387 291 1
1723258556.1536436 379 337 1
1723258556.1909885 354 324 1
1723258556.2407818 347 321 0
1723258556.32792 362 343 1
1723258556.4710755 379 307 1
1723258556.9814563 390 302 1
1723258558.162529 376 360 1
1723258558.2641096 379 356 1
1723258558.345374 378 381 1
1723258558.5146751 381 301 0
1723258558.8397331 353 245 0
1723258558.975174 385 279 1
1723258559.0835266 374 336 1
1723258559.4018126 384 319 1
1723258559.5101652 383 326 1
1723258559.8487673 390 296 1
1723258559.8555393 387 298 1
1723258559.8961716 388 293 1
1723258560.0045242 368 246 1
1723258560.0383844 383 324 1
1723258560.0519285 347 301 1
1723258560.126421 388 296 1
1723258560.1602812 375 276 1
1723258560.309266 321 395 0
1723258560.3634424 389 300 1
1723258560.4176188 377 332 1
1723258560.4311628 379 311 1
1723258560.6004639 356 241 0
1723258560.8510294 388 310 1
1723258561.128683 381 272 1
1723258561.5079174 367 245 1
1723258561.7110786 377 287 1
1723258561.7923431 340 300 1
1723258561.8803797 356 392 1
1723258561.8939238 384 354 0
1723258561.921012 353 370 1
1723258561.9481 378 269 1
1723258561.9616442 340 388 1
1723258561.9955044 363 259 1
1723258562.0158205 380 297 0
1723258562.0225925 374 282 1
1723258562.0429087 365 331 1
1723258562.0496807 317 265 0
1723258562.097085 350 372 1
1723258562.5169516 367 254 1
1723258562.5237236 365 240 1
1723258562.598216 350 373 1
1723258563.1399794 369 364 0
1723258563.24156 375 305 0
1723258563.2686481 387 299 1
1723258563.390545 361 412 1
1723258563.4514933 359 346 1
1723258563.5056696 384 269 1
1723258563.6072502 339 275 0
1723258563.8307276 381 313 1
1723258563.8442717 369 385 1
1723258564.0880651 369 245 1
1723258564.1964178 342 388 1
1723258564.2573662 390 306 1
1723258564.392807 375 391 1
1723258564.4402113 385 290 1
1723258564.5147038 359 377 1
1723258564.5282478 387 286 1
1723258564.5350199 377 391 1
1723258564.5756521 350 317 0
1723258564.6095123 374 298 1
1723258564.6162844 375 306 1
1723258564.6298285 358 344 1
1723258564.6704607 368 249 1
1723258564.731409 337 320 0
1723258564.7517252 344 314 1
1723258564.8059015 364 337 1
1723258564.8397617 364 333 1
1723258564.8465338 343 319 1
1723258564.8533058 380 306 1
1723258564.9074821 361 343 1
1723258564.9616585 345 291 1
1723258564.9684305 364 409 1
1723258565.056467 363 256 1
1723258565.1580477 382 310 0
1723258565.374753 384 335 1
1723258565.4221573 372 387 1
1723258565.537282 387 294 1
1723258565.6388626 364 250 1
1723258565.720127 368 320 0
1723258565.7539873 368 252 1
1723258565.8149357 382 330 1
1723258566.1399937 384 325 1
1723258566.207714 363 337 1
1723258566.2348022 385 319 1
1723258566.539544 387 311 1
1723258566.5734043 389 305 1
1723258566.5869484 379 301 1
1723258566.668213 325 270 1
1723258566.7223892 359 240 1
1723258566.9187784 379 303 1
1723258568.1197338 386 390 1
1723258568.2261639 342 320 1
1723258568.3991127 387 280 1
1723258568.4124165 389 306 1
1723258568.439024 363 335 1
1723258568.4722834 386 285 1
1723258568.6851435 397 392 0
1723258568.7583141 387 312 1
1723258568.7782698 345 313 1
1723258568.871396 347 304 1
1723258569.2239456 385 285 1
1723258569.5099764 383 308 0
1723258569.7893553 341 320 1
1723258569.8159628 349 373 1
1723258569.8758297 365 258 1
1723258569.909089 367 324 1
1723258570.0022154 368 247 1
1723258570.128601 351 254 0
1723258570.2350311 352 372 1
1723258570.248335 351 247 0
1723258570.2749424 384 274 1
1723258570.2815943 352 367 1
1723258570.3148537 357 352 1
1723258570.3215055 381 253 1
1723258570.4345875 342 269 1
1723258570.454543 348 304 0
1723258570.5011063 348 270 0
1723258570.567625 335 313 0
1723258570.5942326 388 313 1
1723258570.6141882 368 251 1
1723258570.6607513 371 370 0
1723258570.7605295 381 336 1
1723258570.8869152 377 320 0
1723258571.006649 367 243 1
1723258571.1463385 376 290 0
1723258571.2394648 323 399 0
1723258571.3658504 389 303 1
1723258571.392458 352 248 0
1723258571.50554 383 310 0
1723258571.6784887 367 252 1
1723258571.878045 370 280 1
1723258572.0709496 381 300 0
1723258572.104209 387 309 1
1723258572.1241646 383 299 1
1723258572.150772 384 321 1
1723258572.2239428 382 332 1
1723258572.2572021 369 282 1
1723258572.3370247 368 353 0
1723258572.3636322 359 288 0
1723258572.483366 369 358 0
1723258572.702878 370 259 1
1723258572.7760487 365 333 0
1723258572.7960043 384 264 1
1723258572.8824787 365 241 1
1723258573.1485538 355 260 1
1723258573.574274 369 249 1
1723258573.7804823 353 245 1
1723258573.8270454 383 277 1
1723258574.013298 379 347 1
1723258574.4190626 338 287 0
1723258574.4323664 374 402 0
1723258574.5986633 333 295 1
1723258574.618619 348 299 1
1723258574.6385746 344 300 0
1723258574.6784859 321 395 1
1723258574.7450047 338 284 0
1723258574.9113016 358 375 1
1723258574.9246054 369 295 1
1723258574.9379091 382 328 1
1723258574.9911242 382 333 1
1723258575.050991 382 309 0
1723258575.1441174 387 302 1
1723258575.1973324 394 255 0
1723258575.2571993 345 310 1
1723258575.2638512 346 375 0
1723258575.490015 367 343 0
1723258575.6829195 369 380 0
1723258576.208418 378 293 1
1723258576.2283735 384 253 1
1723258576.2882404 372 395 1
1723258576.5011005 388 289 1
1723258576.5144043 382 312 0
1723258576.53436 382 326 1
1723258576.5476637 378 401 1
1723258576.5609674 363 341 1
1723258576.5742712 366 312 1
1723258576.5942268 380 327 1
1723258576.74722 384 275 1
1723258576.8137388 386 302 1
1723258576.8935614 389 291 1
1723258576.9068651 380 347 1
1723258576.9201689 339 308 0
1723258576.9334726 377 405 1
1723258578.0126314 378 353 1
1723258578.0821042 369 357 0
1723258578.1452613 374 340 0
1723258578.1642084 368 248 1
1723258578.3094697 327 312 1
1723258578.454731 367 347 0
1723258578.8399892 380 280 1
1723258579.0231447 336 313 0
1723258579.0420918 352 383 0
1723258579.3073516 321 256 0
1723258579.6610312 377 360 1
1723258579.8126082 336 316 0
1723258579.8315554 353 319 1
1723258579.8883967 390 295 1
1723258579.9073439 375 408 0
1723258579.989448 345 390 1
1723258580.0210266 344 315 1
1723258580.122078 371 398 0
1723258580.1283937 385 284 1
1723258580.3431277 372 276 1
1723258580.3873377 384 273 1
1723258580.3936534 386 279 1
1723258580.4504948 380 346 1
1723258580.4631262 323 299 1
1723258580.5073361 366 254 1
1723258580.6652288 341 295 1
1723258580.8547 383 271 1
1723258581.3599567 384 277 1
1723258581.4231138 368 344 0
1723258581.656795 350 374 1
1723258581.8588977 349 328 0
1723258582.0294218 365 275 1
1723258582.111526 367 256 1
1723258582.199946 389 309 1
1723258582.2504716 383 316 0
1723258582.2883658 389 310 1
1723258582.3325758 340 291 1
1723258582.3894172 382 308 0
1723258582.4525743 389 301 1
1723258582.4652057 381 268 1
1723258582.477837 363 342 1
1723258582.522047 362 347 1
1723258582.5978355 365 247 1
1723258582.610467 384 286 1
1723258582.7304654 353 259 0
1723258582.825201 377 273 1
1723258582.9009895 361 346 1
1723258582.9641466 376 365 1
1723258583.324142 355 256 0
1723258583.4441404 379 348 1
1723258583.4883504 380 368 1
1723258583.8546615 383 328 1
1723258584.126237 384 284 1
1723258584.1704469 352 353 0
1723258584.359918 365 256 1
1723258584.4736009 390 309 1
1723258584.4799166 346 308 1
1723258584.5051794 370 331 1
1723258584.5872836 388 299 1
1723258584.6188622 360 345 1
1723258584.6757035 387 317 1
1723258584.6820192 349 300 0
1723258584.7451763 336 330 0
1723258584.8651748 377 320 1
1723258584.9157004 347 317 0
1723258584.966226 349 388 1
1723258585.035699 382 310 0
1723258585.0672774 336 331 0
1723258585.0862246 320 402 0
1723258585.1051717 348 253 0
1723258585.1746445 377 407 0
1723258585.1809602 366 336 0
1723258585.250433 367 253 1
1723258585.2630644 383 278 1
1723258585.4525356 350 249 1
1723258585.4588513 380 370 1
1723258585.5851655 361 316 0
1723258585.597797 387 282 1
1723258585.7177954 377 335 1
1723258585.8630567 384 324 1
1723258586.2735777 365 244 1
1723258586.5388374 378 356 1
1723258586.589363 369 246 1
1723258586.82936 386 283 1
1723258586.8862014 379 371 1
1723258586.892517 369 289 1
1723258586.9556742 389 307 1
1723258588.018608 317 301 0
1723258588.0496216 376 393 0
1723258588.2108917 389 302 1
1723258588.2170944 344 317 1
1723258588.347351 388 284 1
1723258588.3535538 381 341 1
1723258588.39077 349 309 0
1723258588.6016617 376 363 1
1723258588.6512833 357 258 1
1723258588.676094 380 344 1
1723258588.7629318 336 305 0
1723258588.7877426 380 339 1
1723258588.8125534 375 356 1
1723258588.8497696 327 269 1
1723258589.1040802 347 313 0
1723258589.1723099 345 312 1
1723258589.2281342 351 248 0
1723258589.2901611 383 270 1
1723258589.3583908 372 328 1
1723258589.5568771 369 345 0
1723258589.6375122 379 377 1
1723258589.6561203 391 264 0
1723258589.680931 357 245 1
1723258589.7987823 352 245 0
1723258590.1399307 352 384 0
1723258590.2701874 379 321 1
1723258590.3880386 354 306 1
1723258590.4190521 366 256 1
1723258590.4872818 356 258 0
1723258590.5120926 370 398 0
1723258590.5182953 363 322 0
1723258590.648552 338 298 0
1723258590.7229843 357 391 1
1723258590.791214 367 249 1
1723258590.809822 366 253 1
1723258590.8284302 372 370 0
1723258590.8656464 392 264 0
1723258590.9276733 329 395 0
1723258590.9462814 385 283 1
1723258590.9586868 353 251 0
1723258590.9710922 361 388 1
1723258590.977295 336 311 0
1723258590.9834976 377 294 1
1723258591.1571732 367 294 1
1723258591.2936325 368 245 1
1723258591.3680649 388 290 1
1723258591.4921188 341 327 1
1723258591.7464294 380 308 1
1723258591.796051 364 259 1
1723258591.83947 380 364 1
1723258591.8518753 385 277 1
1723258591.8704834 367 345 0
1723258591.8828888 385 278 1
1723258592.124794 378 294 1
1723258592.3480911 352 247 0
1723258592.4659424 380 300 1
1723258592.6024017 378 336 0
1723258592.8256989 355 388 1
1723258592.9559555 365 259 1
1723258592.9745636 376 290 1
1723258593.0179825 388 305 1
1723258593.0427933 381 332 1
1723258593.1172256 372 310 1
1723258593.1978607 349 312 1
1723258593.2598877 354 395 1
1723258593.3095093 379 387 0
1723258593.4707794 370 399 1
1723258593.6258469 381 302 0
1723258593.7933197 362 337 1
1723258593.8553467 377 295 1
1723258594.1902924 389 296 1
1723258594.239914 344 381 1
1723258594.444603 359 406 1
1723258594.4756165 351 246 0
1723258594.4942245 388 312 1
1723258594.5128326 368 250 1
1723258594.6120758 390 299 1
1723258594.6182785 335 327 0
1723258594.773346 378 397 0
1723258594.8105621 349 327 0
1723258594.8787918 387 315 1
1723258594.916008 358 345 1
1723258595.1268997 385 330 1
1723258595.1455078 389 316 1
1723258595.164116 372 327 1
1723258595.306778 380 336 1
1723258595.3129807 351 372 1
1723258595.325386 367 337 0
1723258595.3501968 375 267 1
1723258595.406021 374 403 0
1723258595.5238724 336 315 0
1723258595.530075 357 355 1
1723258595.5983047 334 327 0
1723258595.6231155 338 328 1
1723258595.6479263 390 307 1
1723258595.6913452 362 339 1
1723258595.7099533 336 329 0
1723258595.778183 334 322 0
1723258595.796791 389 311 1
1723258595.9394531 379 361 1
1723258596.0200882 383 330 1
1723258596.1193314 381 301 0
1723258596.268196 347 315 0
1723258596.3426285 379 384 1
1723258596.5101013 374 395 1
1723258596.7333984 366 242 1
1723258596.7954254 349 376 1
1723258598.0304565 340 295 0
1723258598.1751251 348 312 0
1723258598.228424 378 358 1
1723258598.2893372 389 308 1
1723258598.3197937 381 329 1
1723258598.3274078 351 245 0
1723258598.3578644 358 355 1
1723258598.3730927 380 332 1
1723258598.4263916 381 317 1
1723258598.510147 364 311 1
1723258598.5482178 368 323 1
1723258598.563446 390 274 1
1723258598.6624298 379 360 1
1723258598.9365387 346 307 1
1723258598.959381 364 332 1
1723258599.01268 386 295 1
1723258599.0279083 336 310 0
1723258599.0583649 384 276 1
1723258599.126892 370 357 0
1723258599.4162292 366 332 0
1723258599.6979523 361 339 1
1723258599.7664795 357 240 0
1723258599.850235 336 309 0
1723258599.8578491 365 303 0
1723258599.8654633 363 338 1
1723258599.903534 367 390 1
1723258600.4212952 382 321 1
1723258600.46698 378 320 1
1723258600.7791595 374 396 1
1723258600.8172302 367 350 0
1723258600.855301 387 316 1
1723258600.9390564 336 308 0
1723258600.9999695 335 315 0
1723258601.0684967 378 269 0
1723258601.083725 383 287 1
1723258601.1750946 350 353 0
1723258601.3349915 361 390 0
1723258601.4415894 369 267 1
1723258601.8222961 373 338 1
1723258601.867981 385 281 1
1723258601.9898071 386 301 1
1723258602.545639 325 306 0
1723258602.5837097 362 345 1
1723258602.7283783 351 356 1
1723258602.994873 376 379 1
1723258603.0253296 348 253 1
1723258603.0405579 381 399 0
1723258603.048172 360 362 1
1723258603.0938568 336 307 0
1723258603.101471 377 398 0
1723258603.109085 382 309 0
1723258603.162384 335 300 0
1723258603.2994385 343 318 1
1723258603.3679657 355 378 1
1723258603.8095856 349 388 0
1723258604.0227814 352 302 1
1723258604.2512054 354 242 0
1723258604.4263306 388 311 1
1723258604.563385 339 302 0
1723258604.7156677 387 295 1
1723258604.8222656 366 255 1
1723258604.9212494 334 319 0
1723258604.9669342 384 278 1
1723258604.9745483 390 288 1
1723258605.2638855 371 407 0
1723258605.2714996 386 305 1
1723258605.286728 338 332 0
1723258605.4390106 379 324 1
1723258605.461853 381 343 1
1723258605.4923096 379 332 1
1723258605.5532227 387 314 1
1723258605.576065 368 391 0
1723258605.5912933 386 280 1
1723258605.6065216 383 321 1
1723258605.629364 353 243 0
1723258605.6445923 353 258 0
1723258606.0862122 352 299 0
1723258606.1090546 352 250 0
1723258606.1547394 389 304 1
1723258606.4212341 365 286 1
1723258606.4364624 360 384 1
1723258606.4516907 367 250 1
1723258606.520218 366 340 0
1723258606.6039734 353 367 1
1723258608.2374268 379 359 1
1723258608.6751823 369 367 0
1723258608.860672 377 296 1
1723258608.8829308 371 405 1
1723258609.0090637 387 293 1
1723258609.023903 380 354 1
1723258609.1055183 348 298 1
1723258609.112938 389 272 1
1723258609.2464905 382 302 0
1723258609.2687492 375 359 1
1723258609.291008 335 329 0
1723258610.099743 378 274 1
1723258610.2184563 380 365 1
1723258610.2926521 381 340 1
1723258610.5374985 366 261 1
1723258610.6858902 347 288 1
1723258610.7897644 351 292 0
1723258610.9084778 361 342 1
1723258610.9900932 342 318 1
1723258611.1310654 361 379 1
1723258611.264618 356 332 0
1723258611.3684921 379 335 1
1723258611.40559 351 329 1
1723258611.4130096 380 342 1
1723258611.4501076 347 314 0
1723258611.4723663 348 330 0
1723258611.479786 344 313 1
1723258611.5020447 348 303 0
1723258611.6355972 364 241 1
1723258611.8062477 373 331 1
1723258611.8285065 345 310 1
1723258611.8433456 332 276 0
1723258611.8878632 370 334 0
1723258612.036255 362 384 0
1723258612.0733528 365 255 1
1723258612.1475487 347 331 0
1723258612.214325 382 279 1
1723258612.2440033 364 260 1
1723258612.4146538 370 366 0
1723258612.4888496 384 279 1
1723258612.555626 379 295 0
1723258612.5853043 384 274 1
1723258612.7262764 379 294 0
1723258612.7559547 380 315 1
1723258612.9414444 353 313 1
1723258613.2233887 380 297 0
1723258613.4904938 368 249 1
1723258613.5424309 340 279 1
1723258613.5498505 382 277 1
1723258613.55727 337 300 0
1723258613.6017876 362 341 1
1723258613.6166267 380 296 0
1723258613.6388855 343 319 1
1723258613.646305 393 400 0
1723258613.7056618 384 324 1
1723258613.7427597 341 322 1
1723258613.772438 376 374 1
1723258613.9801865 346 299 1
1723258614.024704 359 307 1
1723258614.328907 370 332 1
1723258614.4698792 384 354 1
1723258614.544075 355 376 1
1723258614.6627884 344 316 1
1723258614.6924667 382 329 1
1723258614.707306 372 398 0
1723258614.848278 385 279 1
1723258614.885376 387 313 1
1723258614.9002151 363 333 1
1723258615.0931244 347 316 0
1723258615.100544 352 385 0
1723258615.1747398 336 323 0
1723258615.5902367 382 300 0
1723258615.9760551 332 305 1
1723258616.0428314 373 397 0
1723258616.050251 352 243 0
1723258616.102188 384 275 1
1723258616.1318665 380 345 1
1723258616.213482 377 297 1
1723258616.228321 389 310 1
1723258616.2505798 369 361 0
1723258616.354454 375 407 0
1723258616.3989716 355 323 0
1723258616.4583282 375 274 1
1723258616.4657478 378 310 1
1723258616.532524 363 334 1
1723258616.5547829 348 314 0
1723258616.5622025 380 348 1
1723258616.5844612 363 336 1
1723258616.6289787 337 303 0
1723258616.6883354 352 342 1
1723258616.7180138 353 255 0
1723258616.7773705 357 301 0
1723258616.7996292 392 401 0
1723258618.098362 346 305 1
1723258618.1557398 348 302 0
1723258618.1639366 356 329 0
1723258618.3770542 377 397 0
1723258618.4262352 348 300 1
1723258618.532794 388 277 1
1723258618.7131243 373 398 0
1723258618.778699 363 340 1
1723258618.8032894 374 411 1
1723258619.0491943 387 297 1
1723258619.1967373 346 281 1
1723258619.2295246 380 376 1
1723258619.4426422 375 289 1
1723258619.598382 381 315 1
1723258619.6311693 352 301 0
1723258619.8688774 338 290 0
1723258619.9098616 349 337 1
1723258619.934452 380 272 1
1723258620.3852777 369 274 1
1723258620.418065 382 325 1
1723258620.7377415 350 384 0
1723258620.7541351 373 309 0
1723258620.9426622 377 372 1
1723258620.950859 364 331 1
1723258621.008237 346 375 1
1723258621.295126 372 299 1
1723258621.4016848 365 322 0
1723258621.442669 346 306 1
1723258621.4590626 380 305 1
1723258621.483653 341 330 1
1723258621.532834 367 320 0
1723258621.6148024 353 326 0
1723258621.6393929 389 306 1
1723258621.729558 378 293 1
1723258621.7623453 384 296 1
1723258621.778739 342 289 1
1723258621.7869358 347 303 1
1723258621.7951326 378 360 1
1723258621.8934946 351 359 0
1723258621.9098883 350 372 1
1723258621.926282 360 343 1
1723258622.0082502 361 347 1
1723258622.0328407 377 293 1
1723258622.0410376 379 358 1
1723258622.16399 365 266 1
1723258622.4344854 361 374 1
1723258622.4426823 340 327 1
1723258622.5246506 365 257 1
1723258622.5656347 348 293 1
1723258622.5738316 375 408 1
1723258622.5820284 381 267 1
1723258622.8771143 346 304 1
1723258622.942689 375 389 1
1723258622.9590826 377 381 1
1723258623.0164604 363 301 1
1723258623.3443336 372 396 1
1723258623.5410576 318 399 0
1723258623.623026 369 345 1
1723258623.6722069 381 321 1
1723258623.762372 381 298 0
1723258623.7787657 347 307 0
1723258623.8689308 344 312 1
1723258623.8771276 390 301 1
1723258623.8853245 384 273 1
1723258623.9754896 381 291 1
1723258624.3607407 388 311 1
1723258624.4017248 383 322 1
1723258624.4754963 348 310 0
1723258624.4836931 375 395 1
1723258624.5246773 337 295 0
1723258624.5984488 362 342 1
1723258624.6148424 365 251 1
1723258624.6476297 363 346 1
1723258624.7869759 376 305 1
1723258624.8033695 375 377 1
1723258624.8689442 360 346 1
1723258625.213211 382 327 1
1723258625.2951794 364 256 1
1723258625.647643 343 275 0
1723258625.9263353 386 284 1
1723258625.9591227 378 404 1
1723258626.082075 348 373 1
1723258626.139453 378 394 1
1723258626.2542086 360 294 0
1723258626.2706022 388 289 1
1723258626.32798 382 269 1
1723258626.3525705 367 253 1
1723258626.426342 368 391 1
1723258626.4427357 357 353 0
1723258626.4919167 378 352 1
1723258626.5329008 367 244 1
1723258626.5902786 374 270 1
1723258626.5984755 389 298 1
1723258626.6312628 357 262 0
1723258626.7050343 368 355 0
1723258626.713231 341 324 1
1723258626.7378216 371 293 1
1723258626.770609 341 325 1
1723258626.7788057 351 312 1
1723258626.7951994 352 244 0
1723258628.0228617 368 248 1
1723258628.1524115 370 393 1
1723258628.3276846 348 271 0
1723258628.5410607 382 270 1
1723258628.92971 377 319 1
1723258629.0211568 371 387 1
1723258629.3793237 377 272 1
1723258629.4250472 360 376 1
1723258629.5926998 385 282 1
1723258629.6155615 377 265 1
1723258629.661285 387 318 1
1723258629.6917672 388 303 1
1723258630.0118313 378 350 1
1723258630.552892 335 320 0
1723258630.6290977 375 253 1
1723258630.766268 362 338 1
1723258630.7738886 345 312 1
1723258630.819612 334 318 0
1723258631.0253675 364 332 1
1723258631.2692258 385 278 1
1723258631.5664282 351 385 0
1723258631.764563 355 242 0
1723258631.8331482 388 295 1
1723258631.8788717 380 384 1
1723258631.924595 366 335 0
1723258631.9474568 381 302 0
1723258632.2599003 382 307 0
1723258632.267521 380 326 1
1723258632.2751415 379 267 1
1723258632.3056238 346 291 0
1723258632.336106 352 329 0
1723258632.3513472 342 397 0
1723258632.442794 383 327 1
1723258632.4580352 366 341 0
1723258632.5113792 389 309 1
1723258632.5571027 363 332 1
1723258632.587585 359 391 1
1723258632.5952055 361 371 1
1723258632.839064 346 320 0
1723258632.8466845 378 277 1
1723258633.0295782 339 282 0
1723258633.3496423 390 303 1
1723258633.4563303 393 313 1
1723258633.6011212 383 274 1
1723258633.6544652 343 317 1
1723258633.784015 355 241 0
1723258633.8068767 380 298 0
1723258633.837359 365 260 1
1723258634.0583556 381 299 0
1723258634.195526 368 348 0
1723258634.2336287 340 297 1
1723258634.2793522 380 313 1
1723258634.4165225 335 309 0
1723258634.6070368 340 295 1
1723258634.6375191 378 299 1
1723258634.6527603 354 379 1
1723258634.6603808 352 249 0
1723258634.8127923 365 258 1
1723258635.4910233 371 394 1
1723258635.780605 369 358 1
1723258635.8949137 362 340 1
1723258636.0930486 331 276 0
1723258636.2149777 384 281 1
1723258636.2378395 365 254 1
1723258636.2607012 381 404 0
1723258636.4359744 346 323 0
1723258636.458836 351 384 0
1723258636.5274212 374 402 1
1723258636.550283 388 288 1
1723258636.5960064 343 315 1
1723258636.6112475 381 333 1
1723258636.8093824 387 301 1
1723258636.9008293 383 292 1
1723258636.90845 374 303 1
1723258636.923691 385 280 1
1723258638.0 378 388 1
1723258638.0296297 383 275 1
1723258638.0888891 352 245 0
1723258638.1259263 386 318 1
1723258638.3259268 379 378 1
1723258638.348149 364 261 1
1723258638.3851862 365 242 1
1723258638.503705 382 323 1
1723258638.555557 352 312 1
1723258638.7333353 384 280 1
1723258638.7407427 371 283 1
1723258638.8592615 359 295 1
1723258638.9629655 357 388 1
1723258639.355559 373 306 1
1723258639.459263 371 306 0
1723258639.6074116 367 248 1
1723258639.614819 351 359 1
1723258639.7555602 366 318 1
1723258639.962968 379 355 1
1723258639.9925978 346 308 1
1723258640.0518572 388 294 1
1723258640.0740795 330 411 0
1723258640.1111166 379 312 1
1723258640.1629686 387 304 1
1723258640.2666726 363 315 1
1723258640.325932 389 298 1
1723258640.3555617 369 376 0
1723258640.481488 346 311 1
1723258640.6000068 346 313 0
1723258640.740748 365 275 0
1723258640.7851925 353 244 0
1723258640.9111187 381 324 1
1723258640.9703782 354 243 0
1723258641.088897 354 373 1
1723258641.140749 354 248 0
1723258641.1851935 376 301 1
1723258641.5259352 387 287 1
1723258641.644454 387 312 1
1723258642.0814922 380 301 1
1723258642.096307 366 317 1
1723258642.2370481 361 341 1
1723258642.3481596 337 307 0
1723258642.444456 327 410 0
1723258642.4666784 345 311 1
1723258642.5259378 371 393 1
1723258642.5333452 366 337 0
1723258642.54816 356 240 0
1723258642.5777898 384 326 1
1723258642.6444566 379 293 0
1723258642.6963086 344 293 0
1723258642.755568 345 322 0
1723258642.7851977 366 338 0
1723258642.8296423 369 363 0
1723258642.8740869 326 393 0
1723258643.0814948 366 404 0
1723258643.103717 388 293 1
1723258643.1259394 380 366 1
1723258643.1333468 378 345 1
1723258643.1481616 373 372 0
1723258643.2518656 382 291 1
1723258643.3333473 389 299 1
1723258643.3555696 375 312 1
1723258643.362977 339 308 1
1723258643.6814964 386 292 1
1723258643.8444598 382 308 0
1723258644.0666826 374 298 0
1723258644.1852014 344 305 0
1723258644.318535 348 270 1
1723258644.3481648 386 317 1
1723258644.4074242 375 407 1
1723258644.437054 366 245 1
1723258644.5333505 368 357 0
1723258644.6074247 389 310 1
1723258644.6370544 381 305 1
1723258644.7037213 371 392 0
1723258644.925944 383 326 1
1723258644.992611 368 334 1
1723258645.0370555 389 297 1
1723258645.0666852 386 306 1
1723258645.2222412 368 247 1
1723258645.288908 379 318 1
1723258645.3481674 387 315 1
1723258645.5555754 359 307 0
1723258645.5703902 354 254 0
1723258645.8000205 385 292 1
1723258645.9259467 338 298 1
1723258645.9852061 351 292 1
1723258646.0074284 360 349 1
1723258646.0296507 382 271 1
1723258646.037058 385 318 1
1723258646.0592804 380 351 1
1723258646.2222438 381 275 1
1723258646.2370586 335 317 0
1723258646.4296517 342 320 1
1723258646.4666889 346 326 0
1723258646.4815037 335 314 0
1723258646.5629854 344 311 1
1723258646.5852077 355 243 0
1723258646.6370597 374 398 0
1723258646.644467 339 302 1
1723258646.6815042 351 351 0
1723258646.6889117 345 314 1
1723258646.7407637 387 305 1
1723258646.762986 367 254 1
1723258646.7852082 337 292 0
1723258646.800023 370 334 1
1723258646.8296528 384 282 1
1723258646.8444676 361 378 1
1723258646.851875 351 383 0
1723258646.918542 389 305 1
1723258646.970394 353 329 1
1723258646.9778013 385 380 0
1723258648.0082266 370 285 0
1723258648.0575864 358 356 1
1723258648.1151729 350 333 1
1723258648.1974392 347 329 0
1723258648.246799 378 293 1
1723258648.2550256 382 334 1
1723258648.2879322 347 308 1
1723258648.3208387 382 304 0
1723258648.6334507 375 290 1
1723258648.649904 371 397 0
1723258648.7733035 380 318 1
1723258648.7897568 351 298 1
1723258648.896703 375 305 1
1723258649.3820744 380 362 1
1723258649.3985276 368 250 1
1723258649.4396608 357 239 0
1723258649.4972472 385 288 1
1723258649.5054739 338 308 0
1723258649.546607 369 359 0
1723258649.6288733 386 288 1
1723258649.6782331 367 251 1
1723258649.727593 367 252 1
1723258649.7851794 380 378 1
1723258649.8345392 381 330 1
1723258649.9250321 353 367 0
1723258649.949712 384 323 1
1723258649.9990718 387 289 1
1723258650.0566583 377 401 1
1723258650.0731115 363 322 1
1723258650.1389246 386 281 1
1723258650.44331 390 305 1
1723258650.4926698 361 390 1
1723258650.6489758 380 294 0
1723258650.7970552 379 372 1
1723258651.0109477 352 349 1
1723258651.0849874 341 326 1
1723258651.1754804 344 295 1
1723258651.2988799 329 298 0
1723258651.3893728 374 296 1
1723258651.4634125 318 399 1
1723258651.611492 348 317 0
1723258651.6443985 378 407 0
1723258651.6937582 381 316 1
1723258651.808931 381 335 1
1723258651.9570105 382 320 1
1723258652.0228236 321 256 1
1723258652.0968633 374 283 1
1723258652.1379964 368 320 1
1723258652.2284894 380 343 1
1723258652.2860758 359 406 0
1723258652.327209 354 242 0
1723258652.3601155 387 316 1
1723258652.4012487 356 329 1
1723258652.4917417 380 329 1
1723258652.5246482 383 329 1
1723258652.574008 348 271 1
1723258652.5822346 371 281 1
1723258652.664501 378 348 1
1723258652.6727276 321 398 0
1723258652.7879004 382 306 0
1723258652.9359798 346 309 1
1723258653.1416457 383 272 1
1723258653.3473115 341 331 1
1723258653.4213512 379 346 1
1723258654.0712552 382 331 1
1723258654.095935 380 276 1
1723258654.1288416 376 279 1
1723258654.1370683 356 320 1
1723258654.3262808 372 356 1
1723258654.4496803 376 407 0
1723258654.614213 369 371 0
1723258654.8939185 348 318 0
1723258655.0337713 354 312 1
1723258655.0502245 348 324 0
1723258655.288797 348 308 1
1723258655.3628366 385 281 1
1723258655.4121964 380 352 1
1723258655.4533296 386 283 1
1723258655.4615562 354 328 0
1723258655.7001286 368 251 1
1723258655.8975677 383 273 1
1723258656.0209672 372 397 0
1723258656.1443667 349 374 1
1723258656.2924461 379 313 1
1723258656.3911657 344 293 1
1723258656.407619 361 342 1
1723258656.473432 353 372 1
1723258656.6461914 370 392 0
1723258656.679098 362 335 1
1723258656.8847637 358 357 1
1723258656.9094436 327 398 0
1723258656.9752567 319 404 1
1723258658.0078535 347 300 1
1723258658.0235605 383 271 1
1723258658.2827263 351 244 0
1723258658.384822 352 246 0
1723258658.4083824 377 400 1
1723258658.4712105 387 314 1
1723258658.526185 372 338 1
1723258658.6125736 349 329 0
1723258658.7539368 377 352 1
1723258658.8638859 368 343 0
1723258659.452899 356 242 0
1723258659.7748928 385 284 1
1723258659.8220139 383 320 1
1723258659.900549 320 402 1
1723258659.9084024 339 312 1
1723258660.1283007 326 393 1
1723258660.2068357 385 295 1
1723258660.2853708 379 342 1
1723258660.2932243 369 376 1
1723258660.3167849 342 319 1
1723258660.505269 366 254 1
1723258660.5995111 361 373 1
1723258660.6152182 380 338 1
1723258660.6701927 368 352 0
1723258660.9607725 344 267 1
1723258661.015747 366 333 0
1723258661.0550146 347 325 0
1723258661.062868 348 281 0
1723258661.0707216 334 288 0
1723258661.1256962 385 279 1
1723258661.1649637 366 256 1
1723258661.1728172 350 340 0
1723258661.4084225 367 247 1
1723258661.5026646 385 300 1
1723258661.6361742 368 356 0
1723258661.6675882 329 395 1
1723258661.6754417 359 261 0
1723258661.7932444 345 287 0
1723258661.9031935 361 340 1
1723258661.9974356 383 284 1
1723258662.1466522 355 377 1
1723258662.1623592 380 346 1
1723258662.2016268 369 288 1
1723258662.2566013 388 311 1
1723258662.2644548 347 304 1
1723258662.2723083 380 341 1
1723258662.2801619 366 244 1
1723258662.390111 377 350 1
1723258662.405818 375 272 1
1723258662.4607925 371 329 1
1723258662.50006 338 332 1
1723258662.5943022 378 316 1
1723258662.6178627 351 358 0
1723258662.6335697 360 339 1
1723258662.6728373 385 294 1
1723258662.6806908 353 245 0
1723258662.6885443 361 350 1
1723258662.7435188 366 249 1
1723258662.7749329 340 328 1
1723258662.7827864 345 311 1
1723258662.837761 374 397 0
1723258662.900589 373 392 0
1723258663.0419521 388 298 1
1723258663.0576591 360 342 1
1723258663.1361942 351 372 1
1723258663.1597548 371 301 0
1723258663.3246784 379 357 1
1723258663.3875065 359 312 1
1723258663.4032135 389 301 1
1723258663.6388187 382 274 1
1723258663.6466722 345 313 1
1723258663.6545258 380 337 1
1723258663.7252073 380 340 1
1723258663.7330608 386 313 1
1723258663.858717 343 295 0
1723258663.9608126 367 250 1
1723258664.0314941 367 255 1
1723258664.5105581 385 380 1
1723258664.5890932 379 300 1
1723258664.6440678 381 331 1
1723258664.6676283 367 311 1
1723258664.7147493 386 282 1
1723258664.7540169 366 404 1
1723258664.8404055 368 249 1
1723258664.8718195 349 319 0
1723258664.89538 347 311 0
1723258664.942501 364 334 1
1723258665.0524502 348 309 0
1723258665.1152782 352 319 0
1723258665.1545458 361 377 1
1723258665.1938133 380 297 0
1723258665.3194695 364 331 1
1723258665.3351765 366 255 1
1723258665.4922466 388 294 1
1723258665.6100492 383 280 1
1723258665.6257563 379 266 1
1723258665.6336098 352 372 1
1723258665.6728773 367 253 1
1723258665.8770685 350 265 0
1723258666.0812597 362 336 1
1723258666.1676483 353 299 0
1723258666.1833553 378 363 1
1723258666.2933044 378 340 1
1723258666.348279 386 291 1
1723258666.3954 335 316 0
1723258666.5995913 342 397 1
1723258666.6388588 388 312 1
1723258666.6938334 378 406 0
1723258666.7016869 379 306 1
1723258666.7252474 384 274 1
1723258666.8037825 341 314 0
1723258666.811636 343 300 1
1723258666.8194895 375 397 0
1723258666.84305 373 321 1
1723258666.874464 348 265 1
1723258666.905878 379 365 1
1723258666.9137316 377 271 1
1723258666.9294386 361 338 1
1723258666.952999 348 313 0
1723258666.9844131 366 339 0
1723258668.0 347 315 0
1723258668.0167441 363 334 1
1723258668.0502324 377 294 1
1723258668.0669765 381 404 1
1723258668.117209 368 246 1
1723258668.234418 352 258 0
1723258668.24279 364 275 0
1723258668.2679062 386 314 1
1723258668.3097665 369 362 0
1723258668.376743 374 409 0
1723258668.4102314 340 332 1
1723258668.4186034 336 327 0
1723258668.4437196 355 375 1
1723258668.477208 347 286 0
1723258668.493952 385 329 1
1723258668.5106962 358 310 1
1723258668.5944169 369 379 0
1723258668.719998 327 398 1
1723258668.7702303 378 349 1
1723258668.870695 379 294 0
1723258669.0548806 364 258 1
1723258669.1720896 382 276 1
1723258669.3060427 345 309 1
1723258670.2185981 373 310 1
1723258670.2688305 373 396 1
1723258670.335807 340 322 1
1723258670.3441792 372 291 1
1723258670.4027836 361 354 1
1723258670.436272 362 343 1
1723258670.561853 334 315 0
1723258670.7460384 381 303 0
1723258671.0976653 377 356 1
1723258671.1144094 380 300 1
1723258671.3488274 379 333 1
1723258671.44092 361 376 1
1723258671.5748732 364 321 0
1723258671.6167336 361 355 1
1723258671.6251056 347 320 0
1723258671.8846397 347 324 0
1723258671.9767325 339 267 1
1723258672.286499 388 290 1
1723258672.3534756 390 310 1
1723258672.4288242 336 324 0
1723258672.5962656 353 254 0
1723258672.6716142 377 388 1
1723258672.7051024 381 332 1
1723258672.7553349 335 321 0
1723258672.7971952 363 336 1
1723258672.8055673 381 301 0
1723258672.8139393 388 301 1
1723258672.8223114 395 388 1
1723258672.8641717 388 304 1
1723258672.906032 375 408 0
1723258672.9562645 380 307 1
1723258672.9730086 352 371 1
1723258673.006497 361 360 1
1723258673.031613 341 270 1
1723258673.0734735 383 325 1
1723258673.1069617 376 349 1
1723258673.132078 352 253 0
1723258673.2995193 364 284 0
1723258673.3330076 342 320 1
1723258673.3581238 361 344 1
1723258673.4083562 373 309 1
1723258673.4418445 378 376 1
1723258673.4502165 373 395 1
1723258673.8018434 389 310 1
1723258673.885564 380 367 1
1723258673.8939362 379 338 1
1723258673.986029 379 375 1
1723258674.0697496 389 307 1
1723258674.2790513 385 280 1
1723258674.5553296 351 306 1
1723258674.6725385 361 337 1
1723258674.6976547 387 292 1
1723258674.7478871 355 262 0
1723258674.865096 336 314 0
1723258674.9237006 382 330 1
1723258674.9488168 346 307 1
1723258674.9571888 379 320 1
1723258674.973933 377 295 1
1723258675.0660257 343 314 1
1723258675.099514 363 337 1
1723258675.1162581 350 349 0
1723258675.225095 386 315 1
1723258675.333932 354 263 0
1723258675.476257 363 294 0
1723258675.5181174 353 243 0
1723258675.576722 365 253 1
1723258675.6771867 380 349 1
1723258675.7692795 376 327 1
1723258676.1460226 355 300 0
1723258676.4139287 363 333 1
1723258676.4223008 363 335 1
1723258676.5311377 356 241 0
1723258676.6148584 334 288 1
1723258676.7739277 344 295 0
1723258676.9078808 347 266 0
1723258676.9162529 361 275 1
1723258676.924625 344 314 1
1723258676.9832294 368 288 0
1723258678.0719428 327 296 0
1723258678.0935256 323 399 1
1723258678.129497 351 374 1
1723258678.2014399 377 270 1
1723258678.2733827 381 328 1
1723258678.3237426 360 373 1
1723258678.3381312 359 341 1
1723258678.359714 344 315 1
1723258678.4532397 361 349 1
1723258678.4748225 384 278 1
1723258678.489211 388 291 1
1723258678.5035996 366 257 1
1723258678.5323768 382 278 1
1723258678.6043196 384 277 1
1723258678.6115139 320 277 1
1723258678.6259024 383 274 1
1723258678.690651 381 327 1
1723258678.7050395 361 351 1
1723258678.7841766 383 328 1
1723258678.7985651 351 264 0
1723258678.820148 349 251 0
1723258679.0215878 337 294 0
1723258679.1582792 318 297 0
1723258679.1654735 374 400 1
1723258679.1942506 372 307 1
1723258679.2949705 388 310 1
1723258679.4172733 341 321 1
1723258679.5971303 364 259 1
1723258679.7841816 363 261 1
1723258679.9856215 379 309 1
1723258680.15109 385 282 1
1723258680.1582842 350 312 1
1723258680.3021698 364 255 1
1723258680.3165584 367 246 1
1723258680.330947 347 310 0
1723258680.381307 379 345 1
1723258680.4316669 380 283 1
1723258680.4388611 385 277 1
1723258680.5683582 371 353 1
1723258680.5755525 384 272 1
1723258680.6834667 389 306 1
1723258680.8057694 373 276 1
1723258680.8489351 378 397 1
1723258680.949655 377 389 1
1723258681.100735 382 281 1
1723258681.1151235 341 323 1
1723258681.2086492 375 387 1
1723258681.4244776 380 267 1
1723258681.4316719 387 286 1
1723258681.4748375 382 273 1
1723258681.539586 380 301 1
1723258681.5467803 380 344 1
1723258681.6115289 367 316 1
1723258681.769803 351 251 0
1723258681.791386 341 320 1
1723258681.9064944 361 353 1
1723258682.0072143 377 278 0
1723258682.4316769 377 353 1
1723258682.489231 346 281 0
1723258682.5252025 361 368 0
1723258682.539591 387 313 1
1723258682.5467854 356 332 1
1723258682.561174 378 312 1
1723258682.7338367 380 330 1
1723258682.7841966 352 252 0
1723258682.8345566 378 294 1
1723258682.8849165 332 276 1
1723258682.8921108 384 330 1
1723258682.9352765 347 316 0
1723258683.0216079 380 302 1
1723258683.0288022 362 339 1
1723258683.1079392 353 242 0
1723258683.1151335 391 304 1
1723258683.2590191 335 311 0
1723258683.3021848 355 323 1
1723258683.4029047 388 292 1
1723258683.460459 356 262 0
1723258683.561179 354 314 0
1723258683.8633387 386 303 1
1723258683.94967 365 256 1
1723258684.2878013 387 405 0
1723258684.690681 381 300 0
1723258684.6978753 365 320 0
1723258684.7626238 336 312 0
1723258684.8057895 368 340 0
1723258685.0144236 369 366 0
1723258685.3453605 367 244 1
1723258685.3525548 330 308 1
1723258685.431692 368 341 0
1723258685.4748576 378 353 1
1723258685.539606 376 364 1
1723258685.5971603 361 345 1
1723258685.6043546 379 364 1
1723258685.7050745 361 289 1
1723258685.7122688 350 383 0
1723258685.8633487 384 276 1
1723258685.9784572 392 264 1
1723258686.4460855 343 316 1
1723258686.5180283 366 243 1
1723258686.5683882 346 291 1
1723258686.5755825 364 330 1
1723258686.7266624 361 364 1
1723258686.769828 379 350 1
1723258686.8489652 351 382 0
1723258686.8777423 367 345 0
