3553731696.473684 338 280 1
3553731696.789473 360 278 1
3553731696.9473677 345 183 1
3553731697.1052623 334 190 1
3553731697.578946 340 269 1
3553731697.7368407 337 279 1
3553731698.2105246 335 249 1
3553731698.368419 354 278 1
3553731698.6842084 332 281 1
3553731699.315787 334 279 1
3553731699.4736814 348 240 0
3553731699.631576 339 280 1
3553731699.7894707 336 279 1
3553731699.9473653 344 211 0
3553731700.10526 343 280 1
3553731700.2631545 340 173 1
3553731700.7368383 341 281 1
3553731700.894733 324 230 0
3553731701.0526276 320 279 1
3553731701.210522 342 181 1
3553731701.5263114 355 193 1
3553731701.684206 339 223 1
3553731701.8421006 346 251 1
3553731701.999995 342 281 1
3553731702.3157845 339 281 1
3553731702.6315737 345 180 1
3553731702.7894683 337 207 0
3553731702.947363 316 279 1
3553731703.1052575 339 274 0
3553731703.263152 341 182 1
3553731703.4210467 341 186 0
3553731703.5789413 340 224 1
3553731703.8947306 332 191 1
3553731704.052625 341 255 0
3553731704.21052 329 281 1
3553731704.842098 345 224 1
3553731706.0 335 279 1
3553731706.147541 337 280 1
3553731706.295082 340 273 1
3553731706.442623 334 259 1
3553731706.8852463 350 191 1
3553731707.1803284 341 273 0
3553731707.7704926 327 280 1
3553731708.655739 347 187 1
3553731708.80328 358 210 0
3553731708.950821 342 184 1
3553731709.245903 330 204 1
3553731709.393444 351 190 1
3553731709.688526 323 223 0
3553731710.2786903 327 228 1
3553731710.4262314 333 279 1
3553731710.5737724 343 281 1
3553731710.7213135 339 280 1
3553731710.8688545 324 280 1
3553731711.0163956 342 187 0
3553731711.1639366 342 270 0
3553731711.754101 329 282 1
3553731711.901642 336 279 1
3553731712.049183 349 227 1
3553731712.344265 354 201 1
3553731712.491806 340 281 1
3553731712.639347 341 281 1
3553731713.3770523 350 253 0
3553731713.5245934 338 272 0
3553731713.8196754 352 225 0
3553731713.9672165 334 280 1
3553731714.2622986 348 236 1
3553731714.4098396 337 279 1
3553731714.5573807 343 264 1
3553731714.7049217 341 192 0
3553731716.12 336 280 1
3553731716.24 361 283 1
3553731716.3599997 340 271 0
3553731716.4799995 337 268 0
3553731716.839999 338 279 1
3553731717.079999 342 261 0
3553731717.199999 339 272 0
3553731717.4399986 328 222 0
3553731717.6799984 359 278 1
3553731717.919998 341 171 1
3553731718.159998 341 187 0
3553731718.279998 333 280 1
3553731718.3999977 341 266 0
3553731718.6399975 340 280 1
3553731718.7599974 350 211 0
3553731719.119997 342 221 1
3553731719.239997 335 188 0
3553731719.359997 353 236 0
3553731719.4799967 331 197 0
3553731719.7199965 342 174 0
3553731719.8399963 335 250 0
3553731720.079996 347 263 1
3553731720.199996 338 280 1
3553731720.439996 342 182 1
3553731720.5599957 339 281 1
3553731721.039995 348 192 1
3553731721.5199947 340 223 1
3553731721.8799944 343 226 0
3553731721.9999943 351 218 1
3553731722.479994 335 280 1
3553731722.7199936 335 279 1
3553731722.9599934 342 281 1
3553731723.0799932 340 187 0
3553731723.199993 334 248 0
3553731723.439993 339 280 1
3553731723.559993 336 279 1
3553731723.6799927 327 229 1
3553731724.159992 337 264 1
3553731724.399992 342 224 1
3553731724.519992 338 187 0
3553731724.6399918 342 266 0
3553731724.7599916 338 182 1
3553731724.8799915 346 264 0
3553731726.0 341 271 0
3553731726.3 340 274 0
3553731726.4500003 334 279 1
3553731726.7500005 353 238 0
3553731726.9000006 345 257 0
3553731727.350001 342 265 0
3553731727.9500012 353 189 0
3553731728.1000013 345 187 1
3553731728.2500014 336 249 1
3553731728.7000017 337 272 0
3553731729.150002 342 252 0
3553731729.300002 340 272 1
3553731729.450002 341 274 0
3553731729.7500024 339 183 1
3553731729.9000025 339 270 1
3553731730.2000027 341 272 0
3553731730.350003 342 259 0
3553731730.650003 332 202 1
3553731730.950003 343 180 0
3553731731.1000032 350 249 1
3553731731.7000036 328 199 0
3553731732.000004 341 250 1
3553731732.150004 338 184 0
3553731732.300004 342 247 1
3553731732.450004 339 191 1
3553731732.600004 339 178 0
3553731732.7500043 341 264 0
3553731733.0500045 346 225 1
3553731733.2000046 340 273 1
3553731733.3500047 340 281 1
3553731733.500005 327 233 1
3553731733.650005 350 269 1
3553731733.950005 342 267 0
3553731734.5500054 366 282 1
3553731736.0 338 274 0
3553731736.173077 326 235 0
3553731736.346154 343 179 0
3553731736.6923084 327 226 0
3553731737.0384626 341 281 1
3553731737.557694 342 251 0
3553731737.730771 355 195 1
3553731737.903848 338 280 1
3553731738.0769253 337 280 1
3553731738.2500024 349 222 1
3553731738.4230795 351 187 0
3553731739.115388 341 257 0
3553731739.288465 345 174 0
3553731739.8076963 345 175 0
3553731739.9807734 336 252 0
3553731740.3269277 335 266 1
3553731740.500005 347 188 1
3553731740.673082 333 280 1
3553731741.019236 353 234 0
3553731741.192313 348 253 0
3553731741.5384674 352 242 0
3553731741.7115445 351 207 0
3553731741.8846216 346 183 1
3553731742.0576987 343 281 1
3553731742.403853 335 264 1
3553731742.57693 339 271 0
3553731743.2692385 344 193 0
3553731743.4423156 343 184 1
3553731743.6153927 339 254 0
3553731744.134624 339 185 0
3553731744.480778 345 274 0
3553731746.0 353 212 1
3553731746.130435 342 268 0
3553731746.52174 336 256 0
3553731746.652175 348 230 1
3553731746.913045 344 175 1
3553731747.04348 337 191 1
3553731747.30435 334 256 1
3553731747.82609 342 257 0
3553731747.956525 338 250 1
3553731748.34783 355 228 0
3553731748.478265 344 265 1
3553731748.6087 351 241 0
3553731749.000005 332 219 0
3553731749.1304398 340 178 1
3553731749.2608747 349 255 0
3553731749.9130497 336 188 0
3553731750.0434847 331 214 0
3553731750.3043547 355 275 1
3553731750.5652246 339 282 1
3553731750.8260946 339 180 0
3553731751.2173996 318 279 1
3553731751.3478346 352 244 0
3553731751.6087046 335 243 1
3553731751.7391396 337 276 0
3553731751.8695745 327 222 0
3553731752.0000095 345 240 0
3553731752.3913145 346 176 0
3553731752.5217495 334 280 1
3553731752.6521845 347 197 0
3553731752.7826195 350 250 0
3553731752.9130545 353 210 0
3553731753.1739244 335 279 1
3553731753.3043594 339 280 1
3553731753.4347944 341 270 0
3553731753.5652294 353 209 0
3553731753.9565344 344 182 1
3553731754.0869694 332 204 1
3553731754.2174044 343 237 0
3553731754.4782743 336 279 1
3553731756.0 350 282 0
3553731756.6923075 356 224 1
3553731756.9230766 342 245 1
3553731757.153846 348 189 1
3553731757.384615 336 269 1
3553731757.7307687 349 242 0
3553731757.8461533 339 275 0
3553731757.961538 332 192 1
3553731758.0769224 337 280 1
3553731758.76923 344 237 0
3553731758.999999 342 281 1
3553731759.230768 353 188 0
3553731759.346153 338 270 1
3553731759.6923065 340 281 1
3553731759.807691 342 254 0
3553731759.9230757 332 281 1
3553731760.153845 338 280 1
3553731760.2692294 343 281 1
3553731760.4999986 353 191 1
3553731760.615383 338 254 0
3553731760.961537 343 224 1
3553731761.53846 332 190 0
3553731761.6538444 345 178 1
3553731761.8846135 343 187 0
3553731761.999998 336 178 0
3553731762.9230747 324 279 1
3553731763.0384593 340 181 0
3553731763.730767 343 250 0
3553731764.192305 332 280 1
3553731764.769228 334 280 1
3553731764.8846126 341 281 1
3553731766.0 348 249 1
3553731766.1034484 342 187 0
3553731766.4137936 335 280 1
3553731766.7241387 342 263 0
3553731766.827587 354 227 0
3553731766.9310355 339 186 0
3553731767.034484 338 253 0
3553731767.1379323 340 281 1
3553731767.2413807 339 281 1
3553731767.344829 356 194 1
3553731767.551726 352 208 0
3553731767.6551743 338 174 1
3553731767.862071 340 186 0
3553731767.9655194 351 212 0
3553731768.068968 346 227 0
3553731768.172416 350 252 0
3553731768.2758646 325 235 0
3553731768.4827614 346 226 0
3553731768.58621 343 173 1
3553731769.1034517 344 217 0
3553731769.2069 345 196 0
3553731769.3103485 344 241 0
3553731769.413797 340 270 1
3553731769.5172453 351 220 1
3553731769.6206937 344 183 1
3553731769.724142 347 264 0
3553731769.8275905 325 233 0
3553731770.241384 346 188 1
3553731770.3448324 330 190 0
3553731770.448281 336 280 1
3553731770.551729 351 247 0
3553731770.8620744 340 250 1
3553731771.1724195 343 235 0
3553731771.275868 337 256 0
3553731771.4827647 334 276 0
3553731771.6896615 340 191 1
3553731772.2069035 341 183 0
3553731772.310352 338 275 0
3553731772.4138002 340 252 0
3553731772.5172486 352 275 1
3553731772.620697 350 188 0
3553731772.827594 332 229 0
3553731772.931042 339 277 1
3553731773.2413874 340 283 0
3553731773.3448358 346 175 1
3553731773.5517325 342 278 1
3553731774.0689745 343 185 1
3553731774.482768 352 190 1
3553731774.689665 348 233 1
3553731776.0 344 178 1
3553731776.683544 342 191 1
3553731776.797468 323 280 1
3553731777.025316 342 262 0
3553731777.2531643 337 280 1
3553731777.3670883 343 281 1
3553731777.4810123 323 232 1
3553731778.1645565 343 278 1
3553731778.2784805 352 188 0
3553731778.3924046 339 270 1
3553731778.6202526 343 191 1
3553731778.8481007 335 280 1
3553731778.9620247 344 237 1
3553731779.0759487 341 271 0
3553731779.1898727 341 272 0
3553731779.303797 348 242 1
3553731779.531645 343 221 1
3553731779.645569 341 185 1
3553731779.759493 338 283 0
3553731779.873417 335 254 1
3553731779.987341 345 257 1
3553731780.101265 330 279 1
3553731780.670885 340 273 1
3553731780.784809 337 270 1
3553731781.012657 339 280 1
3553731781.126581 352 191 1
3553731781.240505 339 281 1
3553731781.5822773 338 280 1
3553731781.8101254 342 270 0
3553731782.3797455 346 174 1
3553731782.4936695 341 281 1
3553731782.7215176 338 252 1
3553731782.9493656 338 281 1
3553731783.0632896 328 228 1
3553731783.2911377 335 252 1
3553731783.4050617 336 280 1
3553731783.746834 334 280 1
3553731783.974682 341 253 0
3553731784.088606 351 239 0
3553731784.20253 344 221 1
3553731784.658226 339 173 1
3553731784.77215 339 250 1
3553731786.24 331 199 1
3553731786.4799995 352 243 0
3553731786.7199993 355 192 1
3553731786.839999 341 191 1
3553731787.079999 341 275 0
3553731787.199999 344 173 1
3553731787.4399986 340 268 0
3553731787.5599985 344 189 1
3553731787.6799984 337 280 1
3553731788.7599974 333 238 1
3553731788.8799973 343 236 0
3553731789.239997 332 282 1
3553731789.359997 354 191 1
3553731789.4799967 337 281 1
3553731789.7199965 339 190 1
3553731789.959996 343 210 0
3553731790.079996 353 274 1
3553731790.199996 342 264 0
3553731790.319996 326 280 1
3553731790.439996 340 207 0
3553731790.6799955 345 188 1
3553731790.7999954 350 249 1
3553731790.9199953 343 239 0
3553731791.039995 345 174 1
3553731791.159995 340 282 1
3553731791.279995 330 283 1
3553731791.399995 325 228 0
3553731791.6399946 326 230 0
3553731791.7599945 356 196 1
3553731791.8799944 351 251 0
3553731792.119994 350 187 0
3553731792.8399935 336 176 0
3553731793.319993 334 280 1
3553731793.7999926 348 231 1
3553731793.9199924 335 280 1
3553731794.159992 338 185 0
3553731794.279992 344 253 0
3553731794.399992 345 247 0
3553731794.519992 335 265 1
3553731796.455696 340 280 1
3553731796.56962 340 179 0
3553731796.683544 338 271 1
3553731796.911392 342 281 1
3553731797.1392403 339 281 1
3553731797.3670883 349 210 0
3553731797.4810123 332 220 0
3553731797.8227844 338 268 0
3553731798.0506325 336 280 1
3553731798.2784805 356 278 1
3553731798.5063286 331 195 0
3553731798.6202526 338 253 1
3553731798.7341766 335 267 1
3553731799.1898727 341 282 1
3553731799.303797 351 272 1
3553731799.645569 334 255 1
3553731799.987341 343 247 0
3553731800.101265 344 231 1
3553731800.329113 340 269 1
3553731800.443037 347 175 1
3553731800.556961 333 282 1
3553731801.012657 343 264 1
3553731801.126581 356 222 1
3553731801.240505 344 179 1
3553731801.3544292 325 234 1
3553731801.4683533 340 221 1
3553731801.5822773 333 212 1
3553731801.6962013 358 219 1
3553731802.0379734 348 188 1
3553731802.1518974 345 244 0
3553731802.2658215 340 281 1
3553731802.3797455 325 229 0
3553731802.4936695 339 272 0
3553731802.6075935 341 182 1
3553731802.7215176 337 254 0
3553731803.4050617 337 280 1
3553731803.63291 329 193 1
3553731803.746834 343 182 1
3553731803.860758 341 281 1
3553731804.088606 335 255 1
3553731804.316454 333 280 1
3553731804.430378 334 280 1
3553731804.77215 339 270 1
3553731806.0 341 268 0
3553731806.160714 335 223 1
3553731806.3214283 341 227 1
3553731806.4821424 337 272 0
3553731806.6428566 345 190 1
3553731807.4464273 323 225 1
3553731807.6071415 341 274 0
3553731807.7678556 338 280 1
3553731807.92857 356 279 1
3553731808.4107122 342 266 0
3553731808.7321405 327 230 1
3553731808.8928547 334 256 1
3553731809.053569 351 190 1
3553731809.5357113 351 208 0
3553731809.8571396 332 204 1
3553731810.0178537 338 270 1
3553731810.178568 335 190 1
3553731810.8214245 347 197 1
3553731810.9821386 345 189 1
3553731811.142853 339 179 0
3553731811.624995 342 258 0
3553731811.7857094 346 242 0
3553731812.1071377 336 191 1
3553731812.428566 347 230 1
3553731812.58928 336 246 0
3553731812.7499943 341 252 0
3553731812.9107084 328 213 0
3553731813.2321367 335 280 1
3553731813.553565 337 281 1
3553731813.714279 339 187 0
3553731813.8749933 337 283 0
3553731814.1964216 318 280 1
3553731814.357136 342 225 1
3553731814.51785 338 281 1
3553731814.678564 342 253 0
3553731814.839278 344 177 1
3553731816.0 343 281 1
3553731816.3103447 345 185 1
3553731816.465517 343 248 0
3553731816.6206894 344 174 1
3553731817.0862064 341 175 0
3553731817.396551 336 280 1
3553731818.327585 350 254 0
3553731818.4827576 336 281 1
3553731818.9482746 342 173 1
3553731819.103447 351 245 0
3553731819.2586193 343 239 1
3553731819.4137917 351 188 0
3553731819.568964 344 262 1
3553731819.7241364 328 281 1
3553731820.034481 342 265 0
3553731820.499998 340 265 0
3553731820.965515 340 188 0
3553731821.1206875 337 280 1
3553731821.27586 336 252 1
3553731821.431032 341 283 1
3553731821.5862045 346 226 1
3553731821.896549 339 281 1
3553731822.0517216 324 281 1
3553731822.206894 341 187 0
3553731822.5172386 340 270 1
3553731822.8275833 342 180 0
3553731823.137928 324 227 0
3553731823.4482727 342 241 1
3553731823.603445 349 210 1
3553731824.534479 352 241 0
3553731824.6896515 335 277 0
3553731824.844824 337 183 0
3553731826.0 342 188 0
3553731826.1666665 339 282 1
3553731826.333333 352 242 0
3553731826.4999995 340 250 1
3553731826.8333325 346 261 0
3553731826.999999 337 277 0
3553731827.333332 338 279 0
3553731827.4999986 341 231 0
3553731827.666665 341 273 0
3553731827.8333316 335 280 1
3553731827.999998 348 260 0
3553731828.1666646 335 264 1
3553731828.4999976 345 181 1
3553731828.666664 354 236 0
3553731828.8333306 343 210 1
3553731828.999997 354 212 0
3553731829.1666636 341 198 0
3553731829.33333 341 271 0
3553731829.4999967 328 213 1
3553731829.666663 344 183 1
3553731829.8333297 343 265 0
3553731830.1666627 340 281 1
3553731830.333329 342 179 0
3553731830.666662 341 282 1
3553731831.6666613 342 222 0
3553731831.9999943 342 282 1
3553731832.166661 353 237 0
3553731832.3333273 336 280 1
3553731832.6666603 339 192 0
3553731832.9999933 353 230 1
3553731833.3333263 352 200 0
3553731833.499993 334 280 1
3553731833.6666594 342 232 0
3553731833.833326 335 281 1
3553731833.9999924 345 222 0
3553731834.499992 334 282 0
3553731836.0 352 209 0
3553731836.1525426 339 281 1
3553731836.6101704 349 245 1
3553731836.762713 354 192 1
3553731837.067798 331 227 0
3553731837.2203407 353 214 0
3553731837.6779685 325 218 0
3553731837.830511 337 270 1
3553731837.9830537 335 238 0
3553731838.288139 343 255 1
3553731838.593224 340 282 1
3553731838.7457666 356 195 1
3553731838.898309 339 270 1
3553731839.050852 335 280 1
3553731839.355937 343 263 1
3553731839.5084796 347 199 0
3553731839.661022 326 208 0
3553731839.813565 341 224 1
3553731839.9661074 340 275 0
3553731840.423735 335 246 0
3553731840.5762777 341 262 0
3553731840.881363 339 185 0
3553731841.0339055 335 252 1
3553731841.186448 352 211 1
3553731841.3389907 340 187 0
3553731841.4915333 349 257 0
3553731841.644076 333 201 0
3553731842.1017036 338 272 0
3553731842.406789 331 218 0
3553731842.5593314 343 281 1
3553731842.711874 339 224 1
3553731843.016959 349 254 0
3553731843.3220444 342 182 1
3553731844.2373 333 189 0
3553731844.3898425 353 189 0
3553731844.542385 334 253 1
3553731844.6949277 339 186 0
3553731844.8474703 327 282 1
3553731846.130435 348 221 1
3553731846.52174 338 281 1
3553731846.652175 338 275 0
3553731846.78261 332 210 0
3553731847.173915 345 186 1
3553731847.434785 326 215 0
3553731847.56522 340 281 1
3553731847.695655 357 210 0
3553731847.956525 341 282 1
3553731848.478265 341 176 0
3553731848.6087 339 245 0
3553731848.86957 338 274 1
3553731849.2608747 333 281 1
3553731849.6521797 349 256 0
3553731849.7826147 332 206 0
3553731850.1739197 354 235 0
3553731850.3043547 346 250 1
3553731850.5652246 340 273 1
3553731850.6956596 336 248 1
3553731850.8260946 341 188 0
3553731850.9565296 345 184 1
3553731851.2173996 340 270 1
3553731851.4782696 349 249 1
3553731851.7391396 339 281 1
3553731852.2608795 341 198 1
3553731852.5217495 330 280 1
3553731852.6521845 337 274 1
3553731853.0434895 345 228 0
3553731853.1739244 330 193 1
3553731853.3043594 338 282 1
3553731853.4347944 351 253 0
3553731854.0869694 347 227 0
3553731854.2174044 332 243 0
3553731854.6087093 334 280 1
3553731856.1363635 325 230 0
3553731856.272727 331 203 0
3553731856.4090905 334 249 0
3553731856.6818175 354 226 0
3553731856.818181 337 280 1
3553731857.090908 342 269 0
3553731857.4999986 364 280 1
3553731857.636362 324 282 1
3553731858.3181796 349 252 0
3553731858.454543 339 262 0
3553731858.72727 345 194 0
3553731858.8636336 348 268 0
3553731859.1363606 336 277 0
3553731859.6818147 334 281 1
3553731859.818178 340 184 1
3553731860.636359 336 280 1
3553731861.0454497 338 281 1
3553731861.3181767 334 257 1
3553731861.4545403 351 252 0
3553731861.863631 338 184 0
3553731862.136358 340 263 0
3553731862.2727213 332 211 0
3553731862.409085 339 282 1
3553731863.227266 330 192 1
3553731863.3636293 341 275 0
3553731864.045447 339 281 1
3553731864.4545374 353 209 0
3553731866.132353 340 272 0
3553731866.661764 342 260 0
3553731866.794117 330 194 0
3553731866.92647 336 283 0
3553731867.0588226 358 209 1
3553731867.455881 338 185 0
3553731867.9852924 340 266 0
3553731868.1176453 350 227 1
3553731868.249998 347 249 1
3553731868.6470566 333 281 1
3553731868.911762 335 280 1
3553731869.044115 344 223 0
3553731869.3088207 332 206 1
3553731869.4411736 350 249 1
3553731869.5735264 348 189 1
3553731869.970585 326 282 1
3553731870.2352905 343 225 1
3553731870.3676434 327 228 1
3553731870.632349 345 175 0
3553731871.1617603 342 282 1
3553731871.294113 331 192 1
3553731871.558819 338 270 1
3553731871.8235245 352 190 1
3553731871.9558773 340 224 1
3553731872.220583 336 177 0
3553731873.4117584 346 182 1
3553731874.0735226 339 270 1
3553731874.470581 344 253 1
3553731874.602934 341 220 0
3553731874.7352867 341 272 0
3553731876.257143 337 281 1
3553731876.3857145 341 207 0
3553731876.6428576 351 248 0
3553731876.9000006 346 225 1
3553731877.028572 360 279 1
3553731877.1571436 353 191 1
3553731877.285715 346 175 1
3553731877.4142866 324 230 0
3553731877.6714296 352 201 0
3553731878.314287 340 281 1
3553731879.0857162 342 172 1
3553731879.6000023 344 178 1
3553731879.8571453 344 270 0
3553731880.6285744 338 219 1
3553731880.8857174 335 281 1
3553731881.014289 339 188 0
3553731881.271432 338 276 0
3553731881.4000034 340 254 0
3553731881.528575 343 282 1
3553731881.6571465 338 191 1
3553731881.785718 335 250 1
3553731881.9142895 338 281 1
3553731882.1714325 342 210 0
3553731882.300004 338 271 1
3553731882.4285755 343 262 1
3553731882.557147 336 187 0
3553731882.6857185 340 282 1
3553731882.9428616 332 203 1
3553731883.071433 345 222 1
3553731883.328576 351 242 0
3553731883.842862 333 207 1
3553731883.9714336 355 193 1
3553731884.100005 342 275 0
3553731884.2285767 334 190 1
3553731884.357148 345 249 1
3553731884.4857197 342 281 1
3553731884.614291 357 199 1
3553731884.7428627 337 184 0
3553731886.145161 340 270 1
3553731886.5806446 341 282 1
3553731886.870967 355 194 1
3553731887.3064504 347 188 1
3553731887.4516115 339 275 0
3553731888.032256 344 250 1
3553731888.1774173 345 279 1
3553731888.3225784 342 222 1
3553731888.758062 342 252 0
3553731888.903223 340 274 1
3553731889.048384 341 271 0
3553731889.3387065 351 250 0
3553731889.629029 353 190 1
3553731889.77419 334 281 1
3553731890.0645123 353 211 0
3553731890.4999957 336 281 1
3553731890.790318 344 230 1
3553731891.0806403 339 281 1
3553731891.2258015 336 269 1
3553731891.661285 338 179 0
3553731891.806446 354 189 0
3553731891.951607 339 282 1
3553731892.0967684 337 270 1
3553731892.2419295 335 254 1
3553731892.3870907 348 224 1
3553731892.532252 327 226 0
3553731893.838702 336 225 0
3553731893.9838634 339 270 1
3553731894.709669 337 191 1
3553731894.8548303 336 280 1
3553731896.111111 345 230 1
3553731896.2222223 336 228 0
3553731896.666667 342 270 0
3553731896.8888893 337 281 1
3553731897.222223 334 195 0
3553731897.333334 341 270 1
3553731897.6666675 338 282 1
3553731897.88889 323 233 1
3553731898.111112 339 274 0
3553731898.3333344 348 192 1
3553731898.4444456 341 178 1
3553731898.777779 346 231 1
3553731899.1111126 338 263 0
3553731899.7777796 351 246 0
3553731900.222224 338 281 1
3553731900.5555577 340 282 1
3553731900.77778 349 189 1
3553731901.2222247 338 180 0
3553731901.444447 342 183 0
3553731901.6666694 351 240 0
3553731901.8888917 353 213 1
3553731902.000003 339 281 1
3553731902.111114 351 207 1
3553731902.222225 355 191 0
3553731902.3333364 325 216 0
3553731902.4444475 331 282 1
3553731902.5555587 339 180 0
3553731902.777781 346 176 1
3553731902.888892 334 281 1
3553731903.0000033 342 282 1
3553731903.1111145 340 176 0
3553731903.333337 336 281 1
3553731903.6666703 338 188 0
3553731903.7777815 339 186 0
3553731904.222226 335 251 0
3553731904.3333373 342 185 1
3553731904.4444485 335 281 1
3553731904.666671 353 241 0
3553731906.3829784 352 189 0
3553731906.5744677 352 243 0
3553731906.765957 337 271 1
3553731907.1489353 351 191 1
3553731907.3404245 343 249 0
3553731907.5319138 337 243 1
3553731907.723403 352 216 0
3553731908.1063814 337 248 1
3553731908.2978706 341 280 0
3553731908.48936 341 282 1
3553731909.0638275 350 190 1
3553731909.2553167 339 250 1
3553731910.0212736 339 175 0
3553731910.404252 341 187 0
3553731910.5957413 336 178 0
3553731910.9787197 339 273 0
3553731911.170209 341 207 1
3553731911.361698 334 219 0
3553731911.5531874 337 281 1
3553731911.936166 345 174 1
3553731912.127655 337 251 1
3553731912.3191442 340 178 1
3553731912.7021227 344 223 1
3553731912.893612 334 244 1
3553731913.2765903 343 282 1
3553731913.4680796 340 270 1
3553731913.659569 340 265 1
3553731914.617015 347 260 0
3553731914.808504 337 182 0
3553731916.0 340 180 0
3553731916.1384616 340 254 1
3553731917.2461543 342 191 1
3553731917.384616 351 190 1
3553731917.8000007 354 276 1
3553731918.076924 338 272 0
3553731918.2153854 345 178 1
3553731918.353847 334 281 1
3553731918.4923086 335 281 1
3553731918.63077 349 221 1
3553731918.769232 339 282 1
3553731918.9076934 338 281 1
3553731919.046155 335 203 0
3553731919.1846166 348 248 1
3553731919.323078 326 209 0
3553731919.4615397 340 282 1
3553731919.8769245 341 275 0
3553731920.015386 342 280 0
3553731920.1538477 341 276 0
3553731920.2923093 349 242 1
3553731920.5692325 348 259 0
3553731920.8461556 350 241 1
3553731920.984617 332 244 0
3553731921.400002 342 226 0
3553731921.9538484 355 279 1
3553731922.369233 321 280 1
3553731922.784618 350 232 1
3553731923.6153874 341 172 1
3553731924.030772 325 283 1
3553731924.3076954 337 281 1
3553731924.446157 332 202 1
3553731924.8615417 342 282 1
3553731926.0 328 227 0
3553731926.1216216 342 260 1
3553731926.364865 342 254 0
3553731926.608108 339 272 0
3553731927.3378377 342 276 0
3553731927.4594593 340 282 1
3553731927.581081 339 187 0
3553731927.7027025 339 176 0
3553731927.824324 339 270 1
3553731928.189189 336 281 1
3553731928.3108106 343 256 1
3553731928.554054 346 224 1
3553731928.6756754 327 228 1
3553731928.797297 349 232 1
3553731929.162162 331 235 0
3553731929.405405 350 191 1
3553731929.6486483 337 280 1
3553731930.013513 338 282 1
3553731930.4999995 350 188 0
3553731930.621621 344 183 1
3553731930.7432427 335 281 1
3553731930.986486 341 282 1
3553731931.229729 350 216 0
3553731931.4729724 338 270 1
3553731931.7162156 336 257 0
3553731931.959459 349 248 0
3553731932.0810804 332 205 1
3553731932.3243237 328 228 1
3553731932.4459453 350 273 1
3553731932.81081 334 277 0
3553731933.418918 344 186 1
3553731933.783783 336 175 0
3553731933.9054046 340 255 0
3553731934.027026 338 186 0
3553731934.2702694 339 281 1
3553731934.635134 357 279 1
3553731936.0 344 182 1
3553731936.257143 349 258 0
3553731936.6428576 338 281 1
3553731936.771429 333 246 0
3553731937.028572 336 281 1
3553731937.285715 345 185 1
3553731937.4142866 335 257 0
3553731937.542858 340 250 1
3553731937.9285727 353 242 0
3553731938.057144 344 264 1
3553731938.1857157 350 221 1
3553731938.57143 328 223 0
3553731938.7000017 340 186 0
3553731939.0857162 335 207 0
3553731939.2142878 334 195 1
3553731939.8571453 343 180 0
3553731940.24286 336 176 0
3553731940.500003 336 190 1
3553731941.1428604 337 183 0
3553731941.4000034 343 227 0
3553731941.785718 340 253 0
3553731942.1714325 341 273 0
3553731942.300004 354 190 0
3553731942.4285755 335 281 1
3553731942.557147 339 282 1
3553731942.81429 335 278 0
3553731943.071433 333 202 0
3553731943.328576 334 220 0
3553731943.9714336 338 185 0
3553731944.357148 340 282 1
3553731944.4857197 339 179 0
3553731944.7428627 327 213 0
3553731944.871434 340 275 0
3553731946.0 337 283 0
3553731946.305085 334 245 1
3553731946.6101704 346 208 0
3553731946.762713 352 199 0
3553731946.9152555 350 201 0
3553731947.067798 351 221 1
3553731947.2203407 336 278 0
3553731947.3728833 337 281 1
3553731947.6779685 348 189 1
3553731948.288139 336 177 0
3553731948.7457666 327 230 1
3553731948.898309 348 246 0
3553731949.2033944 343 263 1
3553731949.9661074 342 184 1
3553731950.423735 344 176 1
3553731951.3389907 342 282 1
3553731951.644076 334 281 1
3553731951.7966185 334 214 0
3553731951.949161 334 279 0
3553731952.1017036 342 268 1
3553731952.5593314 341 258 0
3553731952.8644166 349 252 1
3553731953.016959 329 221 0
3553731953.3220444 347 257 0
3553731953.779672 338 187 0
3553731954.0847573 347 258 0
3553731954.3898425 336 281 1
3553731954.542385 343 240 0
3553731956.0 342 209 0
3553731956.104651 342 195 0
3553731956.209302 343 174 1
3553731956.313953 345 187 1
3553731956.523255 347 269 0
3553731956.732557 344 281 1
3553731956.837208 339 278 1
3553731956.941859 341 275 0
3553731957.0465097 331 219 0
3553731957.3604627 339 282 1
3553731957.4651136 340 270 1
3553731957.6744156 352 212 1
3553731957.7790666 331 237 0
3553731957.8837175 338 269 0
3553731957.9883685 339 259 0
3553731958.0930195 326 220 0
3553731958.1976705 344 179 1
3553731958.3023214 342 236 0
3553731958.7209253 337 257 0
3553731958.8255763 336 179 0
3553731958.9302273 328 222 0
3553731959.139529 342 283 1
3553731959.558133 352 244 0
3553731959.662784 331 280 1
3553731959.872086 338 282 1
3553731959.976737 337 250 1
3553731960.186039 335 255 1
3553731960.604643 335 281 1
3553731960.813945 333 241 1
3553731961.1278977 327 210 0
3553731961.2325487 337 281 1
3553731961.5465016 326 231 0
3553731961.6511526 332 204 1
3553731961.9651055 341 179 1
3553731962.1744075 338 279 1
3553731962.3837094 341 282 1
3553731962.6976624 351 238 0
3553731962.8023133 349 188 0
3553731963.0116153 342 192 0
3553731963.1162663 343 281 1
3553731963.220917 343 282 1
3553731963.430219 331 239 0
3553731963.53487 346 243 0
3553731963.639521 353 226 0
3553731964.476729 336 281 1
3553731964.58138 344 173 1
3553731964.790682 341 188 0
3553731966.818183 342 233 0
3553731966.935066 338 281 1
3553731967.0519495 352 191 1
3553731967.168833 340 185 1
3553731967.4025993 335 245 0
3553731967.8701324 341 250 1
3553731967.9870157 349 233 1
3553731968.6883154 346 175 1
3553731968.922082 339 282 1
3553731969.038965 339 186 0
3553731969.272732 349 225 0
3553731969.389615 346 227 0
3553731969.740265 352 226 0
3553731969.857148 345 225 1
3553731970.207798 325 281 1
3553731970.3246813 340 187 0
3553731970.558448 347 188 1
3553731970.675331 357 198 1
3553731970.7922144 327 281 1
3553731971.142864 345 182 1
3553731971.6103973 338 183 1
3553731971.844164 343 173 1
3553731972.662347 358 278 1
3553731973.12988 340 266 1
3553731973.246763 340 282 1
3553731973.597413 356 194 1
3553731973.8311796 332 219 0
3553731974.064946 335 254 0
3553731974.415596 345 183 1
3553731974.5324793 334 281 1
3553731974.6493626 342 195 1
3553731976.0 349 211 0
3553731976.1125 344 184 1
3553731976.9000015 345 184 1
3553731977.0125017 342 209 1
3553731977.125002 338 282 1
3553731977.237502 350 242 1
3553731977.3500023 353 210 0
3553731977.5750027 353 211 0
3553731977.687503 340 197 0
3553731977.800003 319 279 1
3553731977.9125032 350 215 0
3553731978.250004 335 281 1
3553731978.362504 348 248 0
3553731979.1500053 358 213 0
3553731979.2625055 341 189 0
3553731979.3750057 337 279 1
3553731979.600006 338 283 1
3553731979.9375067 331 217 0
3553731980.050007 339 283 1
3553731980.162507 345 186 1
3553731980.612508 340 188 0
3553731980.9500084 338 250 1
3553731981.287509 331 283 1
3553731981.5125093 331 196 0
3553731981.6250095 349 192 1
3553731981.85001 339 282 1
3553731981.96251 323 282 1
3553731982.1875105 342 282 1
3553731982.412511 334 248 0
3553731982.525011 331 241 0
3553731982.8625116 344 178 1
3553731983.3125124 340 260 0
3553731983.4250126 345 227 0
3553731983.537513 342 267 1
3553731983.650013 353 191 1
3553731984.1000137 340 234 0
3553731984.325014 344 192 0
3553731984.775015 350 253 0
3553731984.887515 334 188 0
3553731986.0 356 276 1
3553731986.2250004 346 225 1
3553731986.7875013 339 270 1
3553731986.9000015 344 263 1
3553731987.125002 335 215 0
3553731987.237502 345 181 1
3553731987.3500023 350 225 0
3553731987.687503 337 189 1
3553731987.9125032 345 176 0
3553731988.0250034 343 237 0
3553731988.1375036 352 242 0
3553731988.250004 337 281 1
3553731988.7000046 335 201 0
3553731988.812505 352 212 1
3553731988.925005 341 282 1
3553731989.2625055 339 223 0
3553731989.7125063 342 266 1
3553731989.8250065 332 203 1
3553731989.9375067 344 245 0
3553731990.050007 336 281 1
3553731990.5000076 339 181 0
3553731990.9500084 333 247 0
3553731991.287509 331 238 0
3553731991.5125093 340 282 1
3553731991.6250095 342 235 0
3553731991.7375097 338 282 1
3553731991.85001 349 230 1
3553731991.96251 340 261 0
3553731992.412511 342 262 1
3553731992.6375113 333 281 1
3553731992.7500114 358 202 1
3553731992.8625116 334 220 1
3553731993.3125124 338 274 1
3553731993.4250126 343 282 1
3553731993.537513 334 282 1
3553731993.9875135 350 249 1
3553731994.1000137 350 240 1
3553731994.212514 355 278 1
3553731994.325014 355 193 1
3553731994.5500145 343 185 1
3553731994.6625147 333 282 1
3553731994.775015 337 282 1
3553731994.887515 325 282 1
3553731996.0 355 190 0
3553731996.12 340 283 1
3553731996.24 342 269 1
3553731996.839999 343 247 0
3553731996.959999 345 188 1
3553731997.3199987 332 281 1
3553731997.4399986 340 175 0
3553731997.6799984 339 282 1
3553731998.159998 344 227 0
3553731998.8799973 327 229 1
3553731999.359997 338 276 0
3553731999.8399963 336 254 1
3553731999.959996 323 226 1
3553732000.079996 343 271 1
3553732000.319996 342 173 1
3553732000.6799955 350 212 0
3553732000.7999954 343 192 0
3553732001.279995 342 250 1
3553732001.399995 348 187 0
3553732001.5199947 336 191 1
3553732001.7599945 345 180 1
3553732001.8799944 358 203 1
3553732002.119994 351 238 1
3553732002.479994 353 213 1
3553732002.7199936 329 216 0
3553732002.9599934 339 191 1
3553732003.0799932 320 281 1
3553732003.439993 354 192 1
3553732003.7999926 327 230 1
3553732004.159992 339 276 0
3553732004.519992 342 282 1
3553732004.7599916 338 209 0
3553732004.8799915 349 224 1
3553732006.0 339 282 1
3553732006.111111 343 184 0
3553732006.3333335 334 253 0
3553732006.555556 335 281 1
3553732006.666667 343 191 1
3553732006.777778 347 225 1
3553732007.0000005 330 282 1
3553732007.222223 344 246 0
3553732007.333334 342 259 1
3553732007.444445 347 241 0
3553732007.88889 346 190 1
3553732008.111112 341 181 1
3553732008.555557 335 228 0
3553732008.8888903 340 274 1
3553732009.1111126 340 282 1
3553732009.333335 324 283 1
3553732009.7777796 341 254 0
3553732010.000002 324 281 1
3553732010.222224 341 234 0
3553732010.3333354 342 180 0
3553732010.77778 346 189 1
3553732010.888891 338 282 1
3553732011.2222247 335 215 1
3553732011.333336 344 244 0
3553732011.444447 339 274 1
3553732011.555558 344 280 1
3553732011.6666694 341 251 1
3553732011.7777805 339 271 1
3553732012.000003 357 197 1
3553732012.222225 354 191 1
3553732012.3333364 341 212 0
3553732012.4444475 337 273 0
3553732012.5555587 339 275 0
3553732012.66667 337 282 1
3553732012.777781 341 182 1
3553732013.0000033 364 227 0
3553732013.1111145 332 243 0
3553732013.2222257 342 266 1
3553732013.444448 342 179 0
3553732013.555559 339 242 0
3553732013.7777815 339 225 0
3553732014.111115 344 251 1
3553732014.3333373 356 198 1
3553732014.666671 343 186 1
3553732014.777782 334 282 1
3553732014.888893 337 283 1
3553732016.760563 347 189 1
3553732017.014084 342 270 1
3553732017.1408443 333 208 1
3553732017.267605 363 280 1
3553732017.521126 352 245 0
3553732017.7746468 336 186 0
3553732018.2816887 328 283 1
3553732018.408449 338 282 1
3553732018.66197 358 207 1
3553732019.169012 329 283 1
3553732019.2957726 344 183 1
3553732019.5492935 353 192 1
3553732019.929575 331 215 0
3553732020.0563354 348 232 1
3553732020.3098564 343 260 1
3553732020.436617 341 270 1
3553732020.5633774 339 187 0
3553732020.690138 342 175 0
3553732020.8168983 338 273 0
3553732021.3239403 335 282 1
3553732021.7042217 345 174 1
3553732021.830982 351 243 0
3553732021.9577427 334 249 0
3553732022.084503 344 260 1
3553732022.338024 338 264 0
3553732022.591545 337 211 0
3553732022.7183056 343 283 1
3553732022.845066 341 187 0
3553732023.098587 339 255 0
3553732023.605629 330 281 1
3553732023.85915 336 252 1
3553732023.9859104 339 283 1
3553732024.112671 338 184 0
3553732024.2394314 336 281 1
3553732024.366192 344 264 1
3553732024.873234 346 176 1
3553732026.0 338 185 0
3553732026.295082 331 240 0
3553732026.737705 340 197 1
3553732027.1803284 336 211 0
3553732027.3278694 339 282 1
3553732027.4754105 338 283 1
3553732028.0655746 340 282 1
3553732028.3606567 349 187 0
3553732028.508198 336 180 0
3553732028.950821 355 229 0
3553732029.098362 352 200 0
3553732029.393444 340 273 0
