740207927.0161289 329 192 1
740207927.4516127 347 226 0
740207927.7419353 349 251 1
740207928.0322578 330 230 0
740207928.1774191 338 174 0
740207928.4677416 354 228 1
740207928.7580642 340 219 1
740207929.3387092 334 250 0
740207929.6290318 337 182 0
740207929.774193 341 168 1
740207929.9193543 340 169 0
740207930.0645156 351 199 0
740207930.2096769 336 254 0
740207930.4999994 329 194 0
740207930.6451607 340 210 0
740207930.9354832 336 241 1
740207931.0806445 339 169 0
740207931.2258058 338 252 0
740207931.370967 340 213 1
740207931.6612896 335 245 0
740207931.9516121 334 235 1
740207932.0967734 352 197 1
740207932.3870959 337 173 1
740207932.6774185 337 247 1
740207932.967741 335 199 1
740207933.1129023 337 194 1
740207933.4032248 336 227 1
740207933.6935474 362 243 1
740207933.9838699 338 214 0
740207934.4193537 348 206 0
740207934.8548375 338 206 0
740207936.0 342 169 1
740207936.2093023 339 209 0
740207936.4186046 338 168 1
740207936.8372092 352 198 0
740207937.0465115 323 198 1
740207937.2558138 341 232 0
740207938.0930231 348 185 1
740207938.3023254 337 207 1
740207938.5116277 345 224 0
740207938.9302323 335 183 0
740207939.5581392 339 167 1
740207939.9767438 341 211 0
740207940.1860461 337 250 0
740207940.3953484 319 240 0
740207940.6046507 327 260 0
740207941.0232553 346 185 0
740207942.0697669 335 195 1
740207942.4883715 332 211 0
740207943.1162784 344 199 1
740207943.3255807 333 191 1
740207943.7441853 336 187 1
740207943.9534876 349 197 0
740207944.3720922 335 249 0
740207946.0 337 168 1
740207946.4285715 345 223 0
740207946.8571429 331 195 0
740207948.1428573 341 231 0
740207948.5714288 346 213 1
740207949.4285717 339 207 1
740207949.6428574 336 216 0
740207949.8571432 337 174 0
740207950.0714289 343 237 0
740207950.7142861 334 196 0
740207951.1428576 342 251 0
740207951.3571433 341 217 0
740207951.571429 332 206 0
740207951.7857147 344 171 1
740207952.4285719 349 187 1
740207952.6428577 347 214 0
740207953.0714291 354 228 0
740207953.2857149 339 180 1
740207953.5000006 335 239 1
740207953.7142863 325 201 0
740207953.928572 341 242 0
740207954.3571435 349 182 0
740207956.367347 335 229 0
740207957.102041 337 243 1
740207957.469388 337 259 0
740207958.0204085 335 183 1
740207958.204082 345 211 1
740207958.938776 338 169 0
740207959.1224495 345 251 0
740207959.4897965 335 250 0
740207959.8571435 340 174 0
740207960.408164 325 195 1
740207961.510205 335 253 1
740207961.877552 335 172 0
740207962.244899 349 246 0
740207963.1632665 336 243 1
740207963.5306135 344 210 1
740207963.714287 321 174 0
740207964.081634 339 224 0
740207964.2653075 333 211 0
740207964.448981 343 173 0
740207966.2903225 341 170 0
740207967.3064514 343 236 1
740207967.8870965 334 229 1
740207968.4677416 319 240 1
740207968.7580642 329 194 1
740207969.3387092 336 249 0
740207969.4838705 343 220 1
740207970.2096769 345 207 1
740207971.2258058 334 179 0
740207972.3870959 336 237 1
740207972.6774185 343 177 1
740207972.8225797 338 178 1
740207972.967741 327 260 1
740207973.1129023 332 190 1
740207973.2580636 333 190 1
740207973.4032248 338 167 1
740207973.5483861 337 213 1
740207973.6935474 338 168 1
740207973.8387086 330 230 1
740207973.9838699 346 194 1
740207974.1290312 350 189 1
740207974.2741925 340 251 1
740207976.0 339 170 0
740207976.1875 334 210 0
740207976.375 340 228 0
740207976.5625 354 226 1
740207976.75 329 252 0
740207977.875 339 168 1
740207978.0625 338 245 1
740207978.25 342 198 1
740207978.4375 335 209 0
740207978.625 338 207 1
740207978.8125 335 251 1
740207979.1875 336 230 1
740207979.75 343 204 1
740207980.3125 328 199 0
740207980.5 346 204 1
740207980.875 338 173 1
740207981.625 335 241 1
740207982.0 348 182 0
740207982.375 334 235 0
740207982.5625 358 260 1
740207984.0625 331 195 1
740207984.4375 336 177 0
740207984.8125 333 193 0
740207986.0 333 249 0
740207987.4318185 339 238 1
740207987.8409095 333 204 1
740207988.6590915 347 226 1
740207989.681819 345 230 0
740207990.2954555 334 207 1
740207991.318183 340 214 1
740207991.5227284 350 191 1
740207991.727274 346 196 1
740207992.1363649 335 247 1
740207992.3409104 340 172 1
740207992.9545469 335 215 0
740207993.1590924 342 251 1
740207993.7727289 338 254 0
740207994.7954564 350 170 0
740207996.0 335 251 0
740207997.2115381 342 169 1
740207998.0769224 346 185 1
740207998.2499993 364 183 0
740207999.2884605 334 214 1
740208000.1538448 339 231 0
740208000.3269217 338 250 0
740208000.8461523 335 216 0
740208001.0192292 340 222 0
740208001.7115366 341 174 0
740208002.0576904 340 170 0
740208003.7884591 339 177 1
740208004.1346128 334 249 0
740208004.4807665 329 195 0
740208004.6538434 341 168 1
740208006.15 337 249 0
740208006.7499999 321 174 1
740208006.8999999 339 226 0
740208007.1999998 319 243 0
740208007.3499998 332 212 1
740208007.4999998 334 227 1
740208010.3499993 336 171 0
740208010.6499993 328 199 1
740208010.7999992 336 208 0
740208011.0999992 339 168 1
740208012.299999 344 173 1
740208012.8999989 339 211 1
740208013.0499989 342 223 0
740208013.1999989 339 223 0
740208014.0999987 339 260 1
740208014.6999986 348 181 0
740208016.0 335 210 0
740208016.7826085 338 170 0
740208017.043478 346 187 0
740208017.3043475 340 168 1
740208017.4347823 342 171 0
740208018.7391298 335 207 1
740208018.8695645 341 204 1
740208019.5217383 338 235 1
740208019.7826078 325 201 1
740208019.9130425 345 230 1
740208020.173912 337 170 0
740208020.3043468 333 249 1
740208020.4347816 342 232 0
740208020.5652163 336 244 1
740208020.9565206 336 174 0
740208021.2173901 353 190 0
740208021.3478248 337 171 0
740208022.1304333 339 227 0
740208022.2608681 343 171 1
740208022.3913028 342 208 1
740208022.9130418 334 235 1
740208023.0434766 341 213 1
740208023.4347808 344 216 0
740208023.6956503 350 212 1
740208023.9565198 345 197 1
740208024.0869546 344 219 0
740208024.7391284 337 168 1
740208026.0 337 258 0
740208026.457627 349 210 0
740208027.2203388 336 169 1
740208027.8305082 338 230 0
740208028.8983047 335 242 1
740208029.050847 326 243 1
740208029.2033894 337 172 1
740208029.5084741 364 242 0
740208029.8135588 338 218 1
740208030.4237282 353 191 0
740208030.5762706 346 222 0
740208030.8813553 345 208 0
740208031.3389823 358 203 0
740208031.4915247 330 196 0
740208031.644067 340 251 0
740208031.7966094 352 199 0
740208031.9491518 350 191 0
740208032.7118635 339 226 1
740208033.1694906 331 201 1
740208033.4745753 336 242 1
740208033.9322023 350 186 1
740208034.3898294 348 214 0
740208036.734694 320 260 1
740208037.102041 342 232 1
740208038.204082 342 180 0
740208038.3877555 329 255 1
740208038.7551025 335 206 1
740208039.1224495 336 204 1
740208039.306123 338 168 1
740208039.4897965 329 248 0
740208039.67347 348 196 1
740208040.2244905 340 168 1
740208040.408164 335 229 1
740208040.5918375 341 208 1
740208040.775511 332 189 1
740208041.6938785 341 182 1
740208042.244899 325 189 1
740208042.612246 336 249 0
740208042.979593 347 215 0
740208043.1632665 340 218 1
740208043.714287 337 202 1
740208044.081634 347 211 1
740208044.816328 332 191 1
740208046.0 344 181 0
740208046.3103449 330 258 0
740208046.4655174 336 201 1
740208046.6206899 337 260 0
740208046.7758623 326 263 0
740208046.9310348 343 221 0
740208047.0862073 344 231 0
740208047.7068971 341 209 1
740208048.327587 353 190 1
740208048.9482769 347 197 1
740208049.1034493 339 224 1
740208049.4137943 349 212 1
740208049.5689667 334 238 0
740208049.7241392 359 255 0
740208049.8793117 319 243 1
740208050.1896566 334 252 1
740208050.655174 344 220 0
740208051.4310364 344 219 1
740208051.5862088 339 168 1
740208052.6724161 342 174 0
740208052.8275886 334 204 0
740208053.1379335 328 196 0
740208053.4482784 337 204 1
740208054.3793132 346 193 1
740208054.5344857 341 179 1
740208054.6896582 344 244 1
740208056.75 335 257 0
740208058.0 337 170 0
740208058.25 338 244 1
740208058.75 351 207 1
740208059.25 342 180 1
740208061.25 357 240 1
740208061.75 325 195 0
740208062.5 338 252 1
740208063.0 331 194 0
740208063.5 350 182 0
740208063.75 340 208 1
740208064.0 343 190 1
740208064.25 341 242 1
740208064.5 345 208 1
740208064.75 336 167 1
740208066.0 339 229 0
740208066.1914893 349 241 1
740208066.574468 325 201 0
740208066.7659574 334 238 1
740208067.3404254 347 226 0
740208067.723404 341 170 0
740208068.1063827 346 185 0
740208068.2978721 342 235 0
740208068.4893614 342 218 0
740208068.8723401 340 223 0
740208069.0638294 345 217 0
740208069.6382974 339 238 0
740208070.5957441 345 213 1
740208070.7872335 344 205 1
740208071.1702121 335 227 1
740208071.7446802 344 218 0
740208071.9361695 337 258 1
740208072.5106375 347 208 0
740208072.7021269 334 201 0
740208073.2765949 337 206 0
740208073.4680842 336 247 1
740208073.6595736 344 207 1
740208074.2340416 345 228 0
740208074.4255309 330 258 1
740208074.6170202 337 169 1
740208076.0 340 220 1
740208076.4615386 313 238 0
740208076.9230771 347 207 0
740208077.1538464 345 205 1
740208077.3846157 326 252 0
740208077.6153849 343 220 0
740208078.0769235 349 202 0
740208079.0000006 338 177 1
740208079.9230777 339 243 1
740208080.153847 326 263 1
740208080.3846163 317 256 0
740208080.6153855 313 250 0
740208080.8461548 332 209 1
740208081.0769241 340 252 1
740208081.5384626 341 226 0
740208082.0000012 352 185 0
740208082.692309 335 214 1
740208083.1538476 343 170 1
740208083.3846169 337 239 1
740208083.8461554 350 191 1
740208086.375 346 185 1
740208087.5 349 200 0
740208087.6875 346 209 0
740208087.875 337 216 0
740208088.0625 345 202 0
740208088.625 338 170 0
740208089.0 339 170 0
740208089.9375 346 223 0
740208090.5 333 203 1
740208090.875 337 249 0
740208091.625 316 241 0
740208092.5625 342 169 1
740208092.9375 334 216 0
740208093.3125 357 191 0
740208093.5 339 206 0
740208093.6875 333 200 0
740208093.875 331 188 1
740208094.25 359 255 1
740208094.8125 350 187 1
740208096.1730769 339 176 1
740208096.5192306 319 240 1
740208096.8653843 349 246 1
740208097.5576918 361 251 0
740208097.9038455 338 249 0
740208098.0769224 360 254 0
740208098.4230762 348 212 1
740208098.596153 339 248 0
740208099.2884605 334 179 1
740208099.6346142 320 260 0
740208099.980768 337 252 1
740208100.3269217 346 214 1
740208100.4999986 344 222 0
740208100.6730754 335 249 0
740208100.8461523 338 259 0
740208101.192306 351 209 1
740208102.2307673 328 197 0
740208103.0961516 358 187 0
740208103.2692285 338 216 0
740208103.7884591 348 202 0
740208103.9615359 339 168 1
740208104.3076897 334 195 1
740208104.8269203 337 173 1
740208107.2352945 330 205 1
740208108.4705889 338 239 1
740208109.1764715 337 255 0
740208109.3529421 326 252 1
740208109.882354 352 193 1
740208110.2352953 350 217 0
740208111.2941191 334 194 1
740208111.4705898 335 215 1
740208111.6470604 334 248 0
740208111.823531 357 191 1
740208112.0000017 364 242 1
740208112.352943 336 169 1
740208112.8823549 339 256 0
740208113.764708 335 248 0
740208114.1176493 349 207 1
740208114.6470612 334 239 1
740208116.1836735 340 251 1
740208116.5510205 347 212 1
740208117.102041 336 248 0
740208117.2857145 333 214 1
740208117.469388 339 253 1
740208117.6530615 344 220 1
740208118.0204085 335 171 0
740208118.204082 361 197 0
740208118.3877555 338 183 0
740208118.7551025 346 181 0
740208119.1224495 335 259 0
740208119.4897965 336 259 0
740208119.67347 348 209 0
740208120.040817 344 195 0
740208121.142858 345 204 1
740208122.244899 341 171 0
740208123.34694 342 172 0
740208123.714287 361 251 1
740208124.081634 339 248 1
740208124.448981 344 182 1
740208124.816328 348 197 1
740208126.3555555 346 204 1
740208126.5333333 341 198 1
740208126.7111111 327 256 0
740208127.0666666 360 254 1
740208127.2444444 339 251 1
740208127.5999999 334 179 0
740208128.4888887 335 173 0
740208128.6666665 334 195 0
740208129.7333331 335 204 1
740208129.9111109 346 187 1
740208130.2666664 349 188 1
740208130.4444442 345 180 0
740208131.1555552 343 230 0
740208131.333333 330 202 0
740208132.0444441 347 182 0
740208132.9333329 330 186 1
740208133.1111107 327 195 0
740208136.0 344 196 1
740208136.7941177 334 250 0
740208137.3235295 334 194 0
740208137.8529413 337 248 0
740208139.9705884 349 200 1
740208140.5000002 364 183 1
740208141.2941179 344 231 1
740208141.8235297 339 174 0
740208142.0882356 344 180 0
740208142.3529415 342 240 0
740208143.4117651 312 253 0
740208143.676471 338 229 1
740208144.2058828 341 168 1
740208144.7352946 356 255 0
740208146.0 349 213 1
740208146.1836735 341 196 1
740208146.5510205 339 168 1
740208146.734694 349 208 1
740208147.102041 342 168 1
740208147.469388 342 227 0
740208147.6530615 336 250 0
740208148.204082 343 241 0
740208149.4897965 345 203 0
740208150.408164 340 205 1
740208151.3265315 339 167 1
740208153.8979605 362 251 0
740208154.2653075 335 200 1
740208154.816328 342 179 1
740208156.0 338 173 1
740208156.2142857 336 209 0
740208156.6428572 336 252 1
740208157.0714287 337 258 0
740208157.5000001 334 209 0
740208157.9285716 335 244 1
740208159.0000002 340 168 1
740208159.6428574 340 217 1
740208159.8571432 333 204 1
740208160.7142861 343 183 1
740208161.1428576 329 201 0
740208162.2142862 313 250 1
740208162.6428577 343 193 0
740208163.2857149 333 208 1
740208163.5000006 345 195 0
740208163.928572 348 203 0
740208166.2093023 331 187 1
740208166.4186046 338 203 1
740208167.8837208 346 221 0
740208168.0930231 337 169 1
740208168.3023254 334 234 1
740208168.9302323 338 168 1
740208169.3488369 337 252 1
740208169.7674415 333 186 1
740208169.9767438 316 241 1
740208170.6046507 338 213 1
740208171.2325577 331 207 1
740208171.44186 342 242 0
740208171.8604646 338 249 0
740208172.2790692 351 193 1
740208172.4883715 334 228 1
740208172.6976738 344 194 0
740208172.9069761 340 170 0
740208173.534883 343 248 1
740208174.16279 342 190 1
740208174.3720922 328 193 1
740208174.5813946 334 205 1
740208174.7906969 337 168 1
740208176.1730769 335 259 1
740208177.384615 342 175 0
740208177.9038455 336 248 0
740208178.2499993 333 220 0
740208178.4230762 339 175 0
740208178.9423068 338 225 0
740208179.4615374 336 249 0
740208179.8076911 344 188 1
740208180.1538448 339 168 1
740208180.6730754 344 234 0
740208180.8461523 340 254 1
740208181.192306 340 219 1
740208181.8846135 339 181 0
740208182.0576904 356 255 1
740208183.2692285 312 253 1
740208183.4423053 336 258 0
740208183.7884591 336 199 0
740208184.4807665 339 253 1
740208184.8269203 354 248 0
740208186.0 336 173 1
740208186.8372092 343 173 0
740208187.0465115 334 199 1
740208187.2558138 351 184 0
740208187.4651161 353 193 1
740208187.6744184 335 216 0
740208188.0930231 319 240 0
740208188.72093 359 191 0
740208188.9302323 341 222 0
740208189.7674415 329 248 1
740208190.1860461 347 197 1
740208191.0232553 338 254 0
740208191.44186 339 208 1
740208191.6511623 337 254 0
740208191.8604646 348 202 1
740208192.2790692 334 232 1
740208192.9069761 338 248 0
740208193.1162784 343 172 1
740208193.3255807 340 226 0
740208193.534883 339 171 0
740208193.7441853 337 171 0
740208193.9534876 350 208 1
740208194.16279 340 218 1
740208196.0 334 204 1
740208196.8372092 337 175 0
740208197.8837208 317 256 1
740208199.3488369 336 174 0
740208199.7674415 342 207 0
740208199.9767438 338 171 0
740208200.1860461 338 169 1
740208200.6046507 313 238 1
740208201.44186 343 208 1
740208201.6511623 337 189 1
740208202.2790692 337 249 0
740208203.7441853 341 169 1
740208203.9534876 338 170 0
740208204.3720922 337 248 0
740208206.0 342 255 1
740208206.1777778 361 197 1
740208206.5333333 339 170 0
740208206.7111111 337 173 1
740208207.0666666 340 178 1
740208207.4222221 340 220 1
740208207.5999999 335 248 0
740208207.7777777 343 174 0
740208207.9555554 340 171 0
740208208.4888887 339 226 0
740208208.6666665 346 195 0
740208209.7333331 337 183 0
740208210.2666664 359 210 0
740208210.4444442 341 243 0
740208210.622222 344 213 1
740208211.1555552 344 195 1
740208211.5111108 347 206 0
740208212.9333329 336 253 1
740208213.1111107 352 190 0
740208213.2888885 346 236 0
740208216.0 363 239 0
740208216.1764706 338 225 1
740208216.3529413 344 204 1
740208216.8823532 336 226 1
740208217.0588238 335 207 1
740208217.4117651 337 169 1
740208217.5882357 346 205 1
740208218.2941183 346 164 0
740208218.8235302 333 208 0
740208219.0000008 351 198 0
740208219.3529421 336 171 0
740208219.5294127 358 187 1
740208219.7058834 357 240 0
740208220.2352953 338 240 0
740208220.5882366 345 212 1
740208221.1176485 339 178 1
740208222.1764723 339 173 1
740208222.5294136 340 253 1
740208223.0588255 351 163 0
740208223.2352961 342 170 1
740208224.1176493 329 196 0
740208224.6470612 339 258 0
740208224.8235319 359 226 0
740208226.0 343 235 0
740208226.2045455 359 210 1
740208226.409091 348 205 0
740208226.6136365 338 179 1
740208226.818182 350 217 1
740208227.8409095 341 218 0
740208228.045455 318 241 0
740208228.2500005 339 168 1
740208228.454546 337 261 0
740208228.6590915 339 261 0
740208228.863637 327 256 1
740208229.272728 346 203 0
740208229.8863645 341 238 0
740208230.2954555 337 253 1
740208230.7045465 350 187 0
740208230.909092 342 207 1
740208231.1136374 342 208 1
740208231.318183 333 216 0
740208231.727274 346 212 1
740208231.9318194 341 169 1
740208232.5454559 347 226 1
740208232.7500014 335 238 1
740208232.9545469 336 207 1
740208233.7727289 363 264 0
740208234.1818199 343 221 1
740208234.5909109 343 218 0
740208234.7954564 333 219 0
740208236.0 348 186 1
740208236.1698114 336 250 1
740208236.6792455 342 204 1
740208236.8490568 336 205 1
740208237.0188682 337 205 1
740208237.358491 359 229 0
740208237.5283023 344 182 1
740208237.6981137 342 170 1
740208237.867925 344 231 0
740208238.2075478 362 245 0
740208238.3773592 334 207 1
740208238.8867933 340 169 1
740208239.226416 335 172 0
740208239.3962274 317 258 0
740208240.4150956 341 206 0
740208241.2641524 345 205 1
740208241.4339638 351 194 1
740208241.9433979 336 255 0
740208242.1132092 340 179 1
740208242.2830206 338 178 1
740208242.6226434 363 239 1
740208242.7924547 352 248 0
740208242.9622661 343 255 1
740208243.1320775 338 169 1
740208243.3018888 331 192 0
740208243.6415116 346 164 1
740208243.8113229 336 214 1
740208243.9811343 342 171 0
740208244.8301911 362 246 0
740208246.0 343 171 1
740208246.4390244 338 176 1
740208246.8780489 349 194 1
740208247.0975611 341 242 0
740208247.3170733 338 256 0
740208247.5365856 326 261 1
740208247.97561 341 170 0
740208248.1951222 341 259 0
740208248.8536589 328 193 0
740208249.5121956 328 228 0
740208250.1707323 329 204 1
740208251.0487812 352 212 1
740208251.2682934 342 229 0
740208251.7073178 339 179 1
740208252.5853667 352 190 1
740208252.804879 347 206 1
740208253.0243912 349 192 1
740208253.2439034 343 229 0
740208253.6829278 346 221 1
740208253.9024401 334 224 0
740208254.3414645 333 208 1
740208254.5609767 343 264 0
740208256.9230771 333 206 1
740208257.1538464 344 205 1
740208257.6153849 341 172 1
740208257.8461542 353 196 1
740208258.7692313 338 205 1
740208259.2307699 336 189 1
