3517422691.4615955 294 296 0
3517422691.5763893 322 303 0
3517422691.599348 304 340 1
3517422691.783018 292 361 1
3517422691.7944975 321 342 0
3517422691.8174562 335 320 1
3517422691.874853 293 324 1
3517422691.897812 313 334 0
3517422691.989647 331 303 0
3517422692.047044 309 314 1
3517422692.265152 329 281 1
3517422692.563616 325 409 1
3517422694.502327 314 344 0
3517422694.931398 300 325 1
3517422694.9732585 300 321 1
3517422695.1825614 329 330 0
3517422695.8941913 323 309 0
3517422695.9255867 323 306 1
3517422696.2081456 309 270 0
3517422696.250006 296 325 0
3517422696.4907045 330 330 0
3517422697.25466 325 337 0
3517422697.2860556 326 343 0
3517422697.4116373 324 348 1
3517422697.547684 313 319 0
3517422697.5790796 299 338 0
3517422697.610475 324 318 0
3517422697.694196 308 273 0
3517422697.746522 297 317 0
3517422697.7779174 323 321 0
3517422697.7988477 324 328 0
3517422697.9139643 309 350 0
3517422698.1337323 323 396 1
3517422698.1441975 331 290 1
3517422698.2802444 324 312 0
3517422698.908153 311 282 0
3517422698.991874 325 394 1
3517422699.0023394 313 351 0
3517422699.3162937 319 292 0
3517422699.766295 310 261 0
3517422699.77676 316 312 0
3517422699.7976904 315 313 0
3517422699.9337373 335 319 0
3517422701.0221124 326 405 1
3517422701.1686244 331 321 1
3517422701.9116497 331 328 0
3517422701.93258 306 341 0
3517422702.1000223 312 338 0
3517422702.1104875 317 396 1
3517422702.2465343 312 342 0
3517422702.309325 321 368 1
3517422702.3197904 313 338 0
3517422702.5395584 307 263 0
3517422702.5604887 300 338 0
3517422702.6023493 324 331 0
3517422702.863978 332 330 0
3517422704.464026 306 348 1
3517422705.176252 312 262 0
3517422705.294956 294 283 0
3517422705.3057475 319 307 0
3517422705.3704953 310 348 1
3517422705.5539474 332 389 0
3517422705.640278 322 333 1
3517422705.7050257 325 312 0
3517422705.748191 325 381 1
3517422706.2985473 330 395 1
3517422706.395669 331 384 1
3517422706.643869 298 280 0
3517422707.2050166 324 341 0
3517422707.3453035 328 368 1
3517422707.5611296 318 336 0
3517422707.6690426 324 304 1
3517422707.787747 303 260 1
3517422707.820121 303 268 1
3517422707.863286 330 373 1
3517422707.8848686 297 320 0
3517422708.0683208 312 392 1
3517422708.111486 316 267 0
3517422708.6402597 330 320 1
3517422708.72659 322 342 0
3517422708.9208336 302 279 1
3517422709.0179553 316 317 1
3517422709.2769465 315 264 0
3517422709.4172335 325 283 1
3517422709.5683117 300 331 1
3517422709.870468 331 390 0
3517422709.9244246 328 397 1
3517422710.075503 324 357 0
3517422710.291329 305 334 0
3517422710.3452854 309 253 0
3517422710.5287375 317 268 0
3517422711.2085896 309 351 0
3517422711.2517548 327 393 1
3517422711.5647025 333 394 1
3517422711.5970764 329 282 1
3517422711.683407 330 293 0
3517422711.7157807 325 311 0
3517422712.082685 310 263 0
3517422712.2013893 302 310 0
3517422712.5035458 330 385 1
3517422712.514337 325 325 0
3517422712.6006675 312 354 0
3517422712.6330414 327 366 0
3517422712.6762066 295 333 1
3517422712.730163 320 369 1
3517422712.7733283 316 344 0
3517422712.945989 324 351 0
3517422712.9567804 303 259 1
3517422714.0410023 331 320 1
3517422714.18451 318 318 0
3517422714.471526 300 317 1
3517422714.5637813 326 390 0
3517422715.517084 333 386 0
3517422715.660592 335 382 0
3517422715.6708426 306 322 0
3517422715.855353 303 278 1
3517422716.2243733 329 304 0
3517422716.798405 318 334 0
3517422717.0239177 325 328 0
3517422717.300683 333 316 0
3517422717.42369 303 269 1
3517422717.946469 312 281 0
3517422717.9772205 334 320 1
3517422718.0284734 329 293 0
3517422718.2334847 324 350 0
3517422718.274487 299 338 0
3517422718.3564916 311 346 0
3517422718.397494 316 277 1
3517422718.4999995 297 333 1
3517422718.6230063 329 294 0
3517422718.9510245 317 309 0
3517422718.9715257 319 311 1
3517422719.3507967 328 391 0
3517422719.504555 328 388 1
3517422719.914578 332 398 1
3517422720.0478354 322 304 0
3517422720.201594 326 277 0
3517422720.273348 317 316 1
3517422720.2835984 318 309 0
3517422720.386104 326 335 0
3517422721.001138 329 394 1
3517422721.1856484 307 302 0
3517422721.462414 326 336 0
3517422721.6366735 298 338 0
3517422721.8929377 334 324 0
3517422722.1799536 319 329 1
3517422722.425967 323 332 0
3517422722.528473 301 402 1
3517422722.569475 294 322 1
3517422722.8052382 297 283 1
3517422722.83599 299 303 0
3517422722.8974934 311 347 0
3517422722.928245 316 311 0
3517422722.9384956 315 263 0
3517422724.042303 325 391 0
3517422724.190364 330 390 0
3517422724.2432427 326 391 0
3517422724.317273 329 288 0
3517422725.110456 330 323 1
3517422725.1316075 315 312 0
3517422725.2373652 315 269 0
3517422725.755578 300 280 1
3517422725.903639 295 332 1
3517422725.9247904 310 269 0
3517422725.9776692 306 354 1
3517422726.0093966 316 264 0
3517422726.2843666 315 332 1
3517422726.5593367 291 296 0
3517422726.8871856 306 351 1
3517422727.0246706 301 309 0
3517422727.0352464 309 346 0
3517422727.5323076 311 351 0
3517422727.9659142 326 293 1
3517422728.1880054 332 321 1
3517422728.2303085 325 394 0
3517422728.2726116 318 317 0
3517422728.3677936 320 322 0
3517422728.4206724 335 322 0
3517422728.7485213 294 325 1
3517422728.811976 329 328 1
3517422729.1609764 304 314 0
3517422729.2984614 301 271 1
3517422729.404219 312 333 0
3517422730.207978 334 276 1
3517422730.715615 327 391 0
3517422731.6568584 335 388 0
3517422731.773192 299 289 0
3517422731.826071 320 306 0
3517422732.005859 315 335 0
3517422732.3548594 312 271 0
3517422732.513496 320 304 0
3517422732.545223 294 286 1
3517422732.598102 324 319 0
3517422732.693284 293 286 0
3517422732.7250113 331 328 1
3517422732.7673144 324 337 0
3517422732.9471025 329 283 1
3517422732.968254 319 269 1
3517422734.406842 332 300 1
3517422734.7243776 334 329 0
3517422735.2502956 333 313 0
3517422735.3495255 311 338 0
3517422735.7762136 330 291 0
3517422735.8655205 312 339 0
3517422735.8853664 329 391 0
3517422735.9647503 324 345 0
3517422736.034211 334 388 0
3517422736.222748 312 270 0
3517422736.3319006 327 407 1
3517422736.8677416 292 316 1
3517422736.9074335 304 341 1
3517422737.254738 308 334 1
3517422737.3241987 306 314 0
3517422737.592119 309 320 0
3517422738.0981913 324 305 1
3517422738.296651 332 297 1
3517422738.3760347 324 277 0
3517422738.5348024 324 391 0
3517422738.673724 329 291 0
3517422738.683647 323 323 0
3517422738.723339 296 318 1
3517422738.862261 314 399 0
3517422738.9714136 321 330 0
3517422739.0507975 316 331 0
3517422739.229411 309 343 0
3517422740.2117863 304 275 0
3517422740.370554 326 310 0
3517422740.479707 288 305 0
3517422740.5094757 326 356 0
3517422740.5193987 314 267 0
3517422740.6285515 328 365 0
3517422740.6781664 324 349 0
3517422740.7079353 319 318 0
3517422740.836934 307 268 0
3517422740.946087 300 323 1
3517422741.5414658 303 261 1
3517422741.6803875 326 277 1
3517422741.878847 323 270 1
3517422742.017769 314 337 1
3517422742.1269217 301 317 1
3517422742.7322235 325 398 0
3517422742.8016844 315 310 1
3517422742.960452 333 322 0
3517422742.990221 308 269 0
3517422744.0593405 323 376 1
3517422744.6626353 315 309 0
3517422744.890107 312 336 0
3517422744.969228 324 324 0
3517422744.998898 298 325 0
3517422745.0483484 332 315 0
3517422745.127469 294 327 1
3517422745.1868095 313 267 0
3517422745.25604 330 325 1
3517422745.2758203 324 346 0
3517422745.483512 299 294 1
3517422745.493402 311 312 0
3517422745.5428524 316 279 1
3517422745.641753 309 262 0
3517422745.6615334 299 289 1
3517422745.7109838 331 309 0
3517422745.7999945 321 372 0
3517422745.839555 320 278 1
3517422745.9582357 304 302 1
3517422746.343949 333 330 0
3517422746.5219703 303 279 1
3517422747.3032866 325 269 1
3517422748.0450425 321 366 0
3517422748.232954 313 337 0
3517422748.5098763 328 279 0
3517422749.0439405 312 363 0
3517422750.1615195 292 308 1
3517422750.2505302 312 281 1
3517422750.359321 333 315 0
3517422750.576903 333 389 0
3517422750.606573 315 278 1
3517422751.0021763 309 351 1
3517422751.2593184 297 323 0
3517422751.704372 308 300 0
3517422751.832943 315 335 1
3517422752.4164577 328 325 1
3517422752.5351386 346 365 0
3517422752.584589 332 302 0
3517422752.7725005 317 269 0
3517422752.7823906 323 298 0
3517422752.861511 316 336 1
3517422752.8714013 309 318 0
3517422752.9109616 303 265 1
3517422754.0476694 330 294 0
3517422754.1048727 325 343 0
3517422754.1906776 301 309 1
3517422754.257415 305 258 1
3517422754.324152 326 296 1
3517422754.476694 311 363 0
3517422754.5243635 332 268 1
3517422754.552965 307 339 1
3517422755.878175 300 339 0
3517422755.9067764 314 331 1
3517422755.944912 315 314 0
3517422755.954446 304 268 1
3517422756.030717 283 272 1
3517422756.7266903 310 356 0
3517422757.632409 323 278 1
3517422758.061434 323 319 0
3517422758.137705 295 282 0
3517422758.3188486 316 312 1
3517422758.4046535 302 266 1
3517422758.461857 313 363 0
3517422758.51906 310 277 0
3517422758.623933 286 272 1
3517422758.6525345 313 346 0
3517422758.7192717 319 309 0
3517422758.7288055 303 266 1
3517422758.776475 314 280 1
3517422758.8241444 331 298 1
3517422759.348508 319 323 0
3517422759.358042 329 295 0
3517422759.405711 320 409 0
3517422759.481982 323 377 1
3517422759.510584 303 270 1
3517422759.6059227 325 303 1
3517422759.67266 320 323 0
3517422760.549777 320 269 1
3517422760.635582 328 366 0
3517422760.711853 311 337 0
3517422761.055073 312 333 1
3517422761.274352 291 303 0
3517422761.6461735 306 275 0
3517422761.922656 300 332 1
3517422762.0561304 312 336 1
3517422762.1324015 318 351 1
3517422762.57096 328 391 0
3517422762.6758327 335 323 0
3517422762.904646 298 301 1
3517422764.0 329 327 1
3517422764.13402 323 301 0
3517422764.2061844 318 313 0
3517422764.329895 315 321 1
3517422764.3402042 311 351 1
3517422764.371132 312 346 0
3517422764.4536057 321 269 1
3517422764.463915 333 317 0
3517422764.556698 315 309 1
3517422764.6288624 292 288 0
3517422764.65979 331 322 1
3517422764.742264 332 298 1
3517422765.0103035 322 318 1
3517422765.927824 288 305 1
3517422766.298956 332 304 0
3517422766.3195744 322 301 0
3517422766.402048 301 320 1
3517422766.4742126 314 399 1
3517422766.6082325 330 391 0
3517422766.6597786 311 348 1
3517422766.6907063 298 280 0
3517422767.195858 327 286 1
3517422767.340187 292 305 0
3517422767.5463715 332 400 1
3517422767.618536 295 299 1
3517422767.7319374 321 296 1
3517422767.938122 331 404 1
3517422768.1236877 326 302 1
3517422768.22678 289 307 1
3517422768.835024 324 311 0
3517422768.938116 310 271 0
3517422768.9690437 306 314 1
3517422768.9999714 331 382 1
3517422769.0515175 325 313 0
3517422769.072136 330 269 1
3517422769.1030636 326 330 0
3517422769.3401756 300 324 1
3517422769.3814125 308 263 0
3517422769.5154324 293 287 0
3517422769.628834 292 291 0
3517422769.958729 297 338 0
3517422770.020584 318 336 1
3517422770.051512 299 271 1
3517422770.3195515 299 337 0
3517422770.7422295 293 284 0
3517422770.948414 296 337 0
3517422770.99996 311 269 0
3517422771.0205784 329 296 0
3517422771.247381 314 330 1
3517422772.31954 315 284 0
3517422772.371086 301 322 1
3517422772.4432507 299 279 0
3517422772.5669613 308 300 1
3517422772.9174747 298 314 0
3517422774.2468605 324 320 0
3517422774.267432 333 302 1
3517422774.288004 298 318 0
3517422774.349719 300 337 1
3517422774.3702908 326 332 0
3517422774.5142927 329 254 0
3517422774.5348644 346 365 1
3517422774.5451503 300 287 1
3517422774.627437 317 329 1
3517422774.6788664 327 357 0
3517422774.761153 324 353 1
3517422775.0800147 294 309 0
3517422776.622893 314 313 0
3517422777.6926217 321 337 1
3517422777.7646227 325 300 1
3517422777.9189105 316 381 1
3517422778.2686296 318 391 1
3517422778.2892013 341 404 0
3517422778.309773 327 285 1
3517422778.8549232 291 322 1
3517422779.029783 308 334 0
3517422779.2663574 301 280 1
3517422779.4000735 332 330 0
3517422779.6263623 318 316 1
3517422779.862937 330 382 1
3517422780.1715126 313 261 0
3517422780.4698024 316 268 0
3517422780.5418034 316 263 0
3517422780.6652336 316 269 0
3517422780.778378 330 324 1
3517422781.1589546 292 287 0
3517422781.354386 321 278 1
3517422781.3646717 335 395 1
3517422781.8069634 329 297 0
3517422782.393257 298 316 0
3517422782.670975 304 278 1
3517422782.753262 320 270 1
3517422782.763548 316 311 1
3517422782.8458347 297 278 0
3517422784.200233 301 338 0
3517422784.4426203 298 279 0
3517422784.453159 330 288 0
3517422784.653392 283 273 1
3517422784.6850076 298 315 0
3517422784.7587776 287 272 1
3517422784.8114705 302 278 0
3517422784.895779 321 316 0
3517422784.9906263 325 329 0
3517422785.0117035 344 388 0
3517422785.1908593 334 325 0
3517422785.2330136 304 277 0
3517422785.517555 330 321 1
3517422785.6334796 319 318 1
3517422785.696711 296 281 0
3517422785.949637 324 293 0
3517422786.7400303 336 268 1
3517422786.7821846 319 308 0
3517422786.845416 321 306 0
3517422787.245882 322 278 1
3517422787.5304236 305 334 1
3517422787.9098125 317 267 0
3517422787.941428 301 323 1
3517422788.5315886 325 318 0
3517422788.773976 292 272 1
3517422788.868823 302 276 0
3517422789.100672 331 321 1
3517422789.4062905 299 280 0
3517422789.6065235 314 319 0
3517422789.617062 292 290 0
3517422789.6276007 314 335 0
3517422789.6592164 321 371 0
3517422789.764602 297 281 0
3517422789.7856793 310 319 0
3517422789.796218 294 282 0
3517422789.848911 317 268 0
3517422790.049144 331 389 0
3517422790.2809925 311 263 0
3517422790.3126082 323 329 0
3517422790.396917 303 278 0
3517422790.4812255 324 307 1
3517422790.565534 301 339 0
3517422790.6498427 312 343 0
3517422790.691997 298 323 0
3517422790.74469 307 408 0
3517422790.997616 334 389 0
3517422791.0503087 294 330 1
3517422791.766932 300 322 1
3517422791.914472 325 298 1
3517422791.9566264 294 284 0
3517422792.336015 328 294 1
3517422792.5046325 334 388 0
3517422792.588941 333 383 1
3517422794.6296844 294 324 1
3517422795.085663 311 341 0
3517422795.107376 294 253 0
3517422795.139946 325 331 0
3517422795.2702255 322 322 0
3517422795.367935 326 344 0
3517422795.4982147 333 311 0
3517422795.5307846 290 286 0
3517422795.574211 310 268 0
3517422795.6502075 303 268 1
3517422795.661064 318 355 1
3517422795.7370605 291 304 0
3517422795.747917 326 304 1
3517422795.845627 332 305 0
3517422795.9976196 291 299 0
3517422796.2690353 326 370 0
3517422796.279892 282 260 0
3517422796.594734 312 313 0
3517422797.007286 298 324 0
3517422797.1375656 322 313 0
3517422797.3112717 320 342 0
3517422797.6152573 335 321 1
3517422797.6369705 319 402 1
3517422798.6900635 326 333 0
3517422799.5368805 327 297 0
3517422799.721443 320 409 1
3517422799.8300095 323 355 0
3517422799.9385757 298 339 0
3517422800.0579987 298 271 1
3517422800.220848 306 337 0
3517422800.2968445 297 280 0
3517422800.405411 335 320 0
3517422800.6985397 316 301 0
3517422801.328224 309 351 0
3517422802.1424713 294 299 1
3517422802.185898 333 309 0
3517422802.261894 322 301 1
3517422802.3487473 288 342 0
3517422802.793869 332 389 0
3517422802.8915787 306 275 1
3517422804.019149 299 339 0
3517422804.047872 315 267 0
3517422804.0765953 330 394 1
3517422804.1914883 333 388 0
3517422804.6127625 284 303 0
3517422805.2829714 313 272 0
3517422805.598927 329 389 0
3517422805.618076 320 305 0
3517422805.761692 313 381 1
3517422805.7904153 312 352 0
3517422805.7999897 304 336 1
3517422805.895734 332 382 1
3517422805.9053082 318 334 1
3517422806.154243 312 364 0
3517422806.2404127 334 323 0
3517422806.4223266 328 297 0
3517422806.9297705 298 311 0
3517422807.1882796 323 334 0
3517422807.475512 315 310 0
3517422807.657426 335 388 0
3517422807.705298 322 395 1
3517422807.7148724 325 345 0
3517422807.75317 336 385 1
3517422807.915935 299 312 1
3517422807.935084 314 344 1
3517422807.9542327 299 338 0
3517422807.9733815 291 300 0
3517422808.0404024 297 323 1
3517422808.145721 286 272 1
3517422808.375507 291 295 0
3517422808.4616766 298 321 0
3517422808.4999743 296 333 1
3517422808.5286975 331 394 1
3517422809.045716 312 313 1
3517422809.1797576 344 388 1
3517422809.285076 300 339 0
3517422809.3808203 306 322 1
3517422809.562734 332 384 1
3517422809.926562 323 320 0
3517422810.185071 306 339 1
3517422810.1946454 324 323 0
3517422810.44358 333 389 0
3517422810.462729 304 263 0
3517422810.481878 330 393 1
3517422810.5010266 305 299 0
3517422810.6350684 297 322 0
3517422810.7020893 315 268 0
3517422810.76911 298 337 0
3517422810.8457055 332 323 0
3517422810.85528 307 359 1
3517422810.9797473 298 338 0
3517422811.0754914 311 327 0
3517422811.113789 312 272 0
3517422811.247831 316 265 0
3517422811.439319 333 323 0
3517422812.3967605 322 305 0
3517422812.4925046 324 352 0
3517422812.5595255 330 385 1
3517422812.6552696 333 329 0
3517422814.6853333 333 327 0
3517422815.259804 307 279 1
3517422815.310196 326 385 1
3517422816.0056076 325 353 1
3517422816.035843 291 316 1
3517422816.136627 296 274 1
3517422816.1467056 324 269 1
3517422816.348274 300 279 0
3517422816.388588 316 264 0
3517422816.549843 308 264 0
3517422816.650627 329 290 0
3517422816.8925095 294 331 1
3517422817.043686 330 289 0
3517422817.204941 330 377 1
3517422817.6887054 301 310 0
3517422817.9205093 326 269 1
3517422818.2228622 329 370 1
3517422818.3740387 328 269 1
3517422818.545372 328 393 1
3517422818.867882 293 309 0
3517422819.2307053 306 337 1
3517422819.4927444 294 282 1
3517422819.6842346 337 268 1
3517422819.744705 334 394 1
3517422820.3897247 317 396 0
3517422820.4602737 297 323 0
3517422820.490509 334 268 1
3517422820.5308228 330 302 0
3517422821.0448227 333 308 0
3517422821.075058 315 316 1
3517422821.1758423 300 271 1
3517422821.216156 298 322 0
3517422821.4882736 284 272 1
3517422821.5285873 294 285 0
3517422821.679764 321 304 0
3517422821.780548 294 328 1
3517422822.0929794 323 386 1
3517422822.737999 289 272 1
3517422822.7480774 335 268 1
3517422822.8891754 323 302 0
3517422824.205717 286 302 1
3517422824.6788664 331 330 0
3517422824.7508674 300 261 0
3517422825.2240167 334 383 1
3517422825.491449 321 332 0
3517422825.68688 307 408 1
3517422826.057171 301 278 0
3517422826.0983143 317 327 0
3517422826.180601 331 304 0
3517422826.252602 297 324 0
3517422826.417176 301 279 0
3517422826.4274616 331 295 1
3517422826.478891 308 311 1
3517422826.808038 313 272 1
3517422826.818324 311 337 1
3517422827.939482 318 283 1
3517422828.1863427 316 313 0
3517422828.3303447 331 321 1
3517422828.39206 319 270 1
3517422828.525776 313 354 0
3517422828.5669193 324 306 1
3517422828.597777 324 276 0
3517422828.6080627 316 316 1
3517422828.7726364 311 376 0
3517422829.070926 335 385 1
3517422829.2663574 323 269 1
3517422829.5440755 317 345 0
3517422830.3155146 335 320 0
3517422830.3360863 331 329 0
3517422830.438945 325 278 0
3517422830.6652336 305 263 0
3517422830.6858053 302 279 0
3517422830.716663 298 317 0
3517422830.7372346 325 297 1
3517422830.7578063 295 331 1
3517422830.768092 334 389 0
3517422830.840093 307 262 0
3517422830.984095 318 270 1
3517422831.0149527 312 351 0
3517422831.056096 317 257 1
3517422831.117811 322 302 0
3517422831.2515273 334 384 1
3517422831.261813 292 315 1
3517422831.3029566 334 321 1
3517422831.3749576 293 288 0
3517422831.560103 313 332 1
3517422831.848107 319 269 1
3517422831.8583927 319 374 0
3517422832.547545 304 314 1
3517422832.8766923 305 276 0
3517422832.9898367 327 269 1
3517422834.344154 307 341 0
3517422834.865599 330 262 0
3517422834.896886 306 276 0
3517422835.0428905 306 356 1
3517422835.4704757 313 325 0
3517422836.00235 323 320 1
3517422836.2630725 302 260 0
3517422836.419506 311 327 1
3517422836.555082 315 279 1
3517422836.6072264 310 318 1
3517422836.6906576 312 349 1
3517422837.076527 325 269 1
3517422837.086956 311 327 1
3517422837.5979724 288 294 1
3517422837.848266 333 304 1
3517422837.8899817 312 364 1
3517422838.515716 325 392 0
3517422838.5991473 304 337 1
3517422838.6825786 329 289 0
3517422838.755581 322 347 0
3517422839.277026 314 311 1
3517422839.496033 301 321 1
3517422839.9966207 303 267 1
3517422840.090481 323 344 0
3517422840.7787886 317 281 0
3517422840.8100753 315 319 0
3517422840.8935065 321 272 0
3517422840.966509 300 325 1
3517422841.0082245 316 333 0
3517422841.0186534 312 264 0
3517422841.0290823 323 313 0
3517422841.2063737 315 274 1
3517422841.3315206 292 303 0
3517422841.477525 322 270 1
3517422841.487954 292 313 1
3517422841.6548166 292 300 0
3517422841.8633947 330 292 0
3517422841.9155393 325 339 0
3517422842.280551 331 302 0
3517422842.363982 295 334 1
3517422842.509987 321 270 1
3517422842.708136 292 287 1
3517422842.916714 302 271 1
3517422844.1291413 279 313 0
3517422844.198679 333 383 1
3517422844.208613 301 319 1
3517422844.2582827 301 324 1
3517422844.2781506 306 258 1
3517422844.2880845 326 392 0
3517422844.3278203 327 279 0
3517422844.3377542 285 272 1
3517422844.4470277 304 259 1
3517422844.735112 314 283 0
3517422844.933791 325 344 0
3517422845.003329 324 314 0
3517422845.579498 323 309 1
3517422846.0364594 329 372 0
3517422846.165601 324 392 0
3517422846.274874 332 296 1
3517422846.6921 326 359 0
3517422847.0000525 327 289 1
3517422847.049722 314 265 0
3517422847.2285333 331 391 0
3517422847.8047023 313 336 0
3517422847.87424 325 332 0
3517422847.9338436 300 339 0
3517422848.211994 333 310 0
3517422848.4901447 310 370 0
3517422849.046446 316 278 1
3517422849.1457853 331 381 1
3517422849.215323 293 326 1
3517422849.225257 319 374 1
3517422849.2947946 303 269 1
3517422849.3245964 327 358 0
3517422849.3444643 332 298 1
3517422849.5431433 315 284 1
3517422849.6424828 321 394 1
3517422850.367661 297 282 1
3517422850.556406 298 320 0
3517422850.6855474 291 304 1
3517422851.152443 312 326 0
3517422851.2219806 302 311 0
3517422851.718678 307 267 1
3517422851.74848 333 330 0
3517422851.7882156 306 263 0
3517422852.0464983 329 392 0
3517422852.096168 298 313 0
3517422852.12597 308 257 1
3517422852.324649 325 336 0
3517422852.3842525 327 376 0
3517422852.493526 318 255 0
3517422852.6226673 325 340 0
3517422852.6326013 331 290 1
3517422852.7319407 312 321 1
3517422855.049692 312 337 0
3517422855.0885696 333 314 0
3517422855.2635183 316 361 0
3517422855.593977 304 339 1
3517422856.0216293 328 381 1
3517422856.118823 317 314 0
3517422856.332649 313 377 0
3517422856.352088 330 290 0
3517422856.536756 333 386 1
3517422856.585353 294 326 1
3517422856.983847 329 298 0
3517422857.081041 297 281 0
3517422857.09076 298 319 0
3517422857.139357 311 313 0
3517422857.1490765 320 269 1
3517422857.324025 314 342 0
3517422857.3337445 329 269 1
3517422857.3531833 297 338 0
3517422857.4600964 293 302 1
3517422857.4698157 335 329 0
3517422857.6739225 331 323 1
3517422857.7128 325 317 0
3517422857.8294325 329 328 1
3517422857.848871 310 347 0
3517422858.0432587 328 392 0
3517422858.3056817 308 275 1
3517422858.4514723 302 280 1
3517422858.49035 319 355 1
3517422858.655579 328 369 1
3517422859.442848 301 317 1
3517422859.588639 323 258 0
3517422859.598358 326 311 0
3517422859.6372356 319 302 1
3517422859.72471 310 277 1
3517422859.8996587 326 408 0
3517422860.123204 289 250 0
3517422860.220398 326 294 1
3517422860.7063665 333 324 0
3517422861.6783037 289 300 0
3517422861.765778 286 304 0
3517422861.7754974 294 323 1
3517422861.9407268 300 280 0
3517422861.9601655 332 303 0
3517422861.969885 325 363 0
3517422862.0670786 314 372 0
3517422862.105956 323 308 1
3517422862.1739917 332 321 1
3517422862.2225885 312 276 0
3517422862.261466 326 295 1
3517422862.3295016 309 338 0
3517422862.4850116 333 390 0
3517422862.494731 326 357 0
3517422862.5336084 311 312 1
3517422862.543328 316 318 0
3517422864.0769234 330 372 0
3517422864.1250005 311 255 1
3517422864.317309 326 297 1
3517422864.384617 318 283 0
3517422865.4230824 323 300 0
3517422865.6538525 332 382 1
3517422865.7500067 320 402 0
3517422865.7884684 292 330 0
3517422866.346163 335 389 0
3517422866.4038553 303 278 0
3517422866.5000095 326 331 0
3517422866.509625 326 358 0
3517422866.971165 305 277 0
3517422867.288474 329 391 0
3517422867.4807825 326 337 0
3517422867.5673213 285 273 1
3517422867.6346292 311 360 0
3517422867.7500143 326 278 0
3517422867.769245 317 326 0
3517422867.788476 325 333 0
3517422867.923092 310 257 1
3517422867.9807844 310 299 0
3517422868.067323 331 308 0
3517422868.173093 291 308 0
3517422868.250016 292 308 0
3517422868.317324 313 339 0
3517422868.3942475 317 316 1
3517422868.4134784 324 294 0
3517422868.423094 315 260 0
3517422868.4423246 312 378 1
3517422868.4904017 311 342 0
3517422868.8269415 328 372 0
3517422868.903865 327 392 0
3517422869.2404046 318 316 1
3517422869.5096364 314 317 1
3517422869.58656 333 319 0
3517422870.096177 331 318 1
3517422870.1250234 320 256 0
3517422870.250024 329 326 1
3517422870.365409 306 327 0
3517422870.394255 331 296 1
3517422870.4038706 299 280 0
3517422870.730795 301 339 0
3517422870.8365645 325 310 0
3517422870.9711804 334 324 0
3517422871.1731043 303 268 1
3517422871.3365664 300 391 1
3517422871.4231052 312 269 0
3517422871.7307987 307 345 0
3517422872.1346464 303 277 0
3517422872.144262 325 259 0
3517422872.221185 318 276 0
3517422872.44234 328 367 0
3517422872.5961866 293 278 0
3517422872.7500334 311 313 1
3517422872.8846493 333 382 1
3517422872.9615726 313 335 0
3517422872.990419 326 260 0
3517422874.1163807 334 406 0
3517422874.193968 315 261 0
3517422874.2133646 331 321 1
3517422874.8340616 307 271 0
3517422874.9989343 318 332 0
3517422875.3965683 331 331 0
3517422875.5032506 307 277 1
3517422875.532346 334 390 0
3517422875.5711393 333 384 1
3517422875.6196313 303 271 1
3517422875.6778216 301 271 1
3517422875.8232975 322 269 1
3517422876.502185 317 269 0
3517422877.5108175 299 292 1
3517422877.6853886 297 314 0
3517422877.7532773 330 254 0
3517422877.8308644 312 326 1
3517422877.9278483 312 385 0
3517422878.0345306 327 270 1
3517422878.073324 320 331 0
3517422878.141213 335 384 1
3517422878.189705 323 318 1
3517422878.344879 326 338 0
3517422878.3836727 317 313 0
3517422878.412768 314 325 0
3517422878.4515615 296 338 0
3517422878.664926 305 315 0
3517422879.1013536 317 271 1
3517422879.90632 286 304 1
3517422880.3136525 332 331 0
3517422880.323351 320 402 1
3517422880.371843 332 311 0
3517422881.041032 331 395 1
3517422881.1768093 315 335 0
3517422881.2253013 319 297 0
3517422881.3804755 329 377 1
3517422881.710221 305 349 1
3517422881.8750935 312 314 0
3517422881.884792 323 347 0
3517422882.185442 316 279 1
3517422882.3018227 341 364 0
3517422882.553981 334 384 1
3517422882.5733776 314 268 0
3517422882.602473 330 329 0
3517422882.6218696 296 282 0
3517422882.6509647 314 324 1
3517422882.68006 321 257 0
3517422882.757647 332 395 1
3517422882.7673454 299 311 1
3517422882.777044 284 303 1
3517422882.8158374 287 285 0
3517422882.9613132 330 330 0
3517422882.9710116 298 281 0
3517422884.0182743 324 302 1
3517422884.073097 299 271 1
3517422884.0822344 290 314 1
3517422884.1553316 334 406 1
3517422884.228429 299 301 1
3517422884.2649775 324 335 0
3517422884.2741146 330 383 1
3517422884.310663 305 299 1
3517422884.9319897 317 341 0
3517422885.6264133 312 316 1
3517422885.717785 317 281 1
3517422885.736059 330 374 1
3517422885.7634706 309 351 1
3517422885.891391 327 376 1
3517422885.900528 315 313 0
3517422886.5309916 332 295 1
3517422886.604089 307 317 1
3517422886.850792 311 320 0
3517422886.8782034 325 316 0
3517422887.56349 326 404 0
3517422887.5909014 311 254 1
3517422887.69141 326 309 0
3517422887.700547 326 362 0
3517422887.9472504 331 388 0
3517422887.9655247 313 343 0
3517422888.3127365 320 316 1
3517422888.4223824 313 262 0
3517422888.5411654 330 392 0
3517422888.705634 323 319 1
3517422890.2680874 312 385 1
3517422890.4051447 291 308 1
3517422890.4508305 298 312 0
3517422890.4599676 317 301 0
3517422890.898551 315 310 1
3517422891.1543913 324 310 0
3517422891.3005857 313 351 0
3517422891.784855 280 273 1
3517422892.077244 321 339 0
3517422892.3056726 301 318 1
3517422892.552376 313 284 0
3517422892.6071987 310 319 1
3517422892.671159 299 339 0
3517422892.744256 300 296 0
3517422892.8264904 326 300 0
3517422892.8356276 316 274 1
3517422892.8995876 297 323 1
3517422892.926999 327 331 0
3517422894.0894055 292 330 1
3517422894.0993395 292 252 0
3517422894.188745 329 383 1
3517422894.2582827 314 264 0
3517422894.367556 325 352 0
3517422894.4470277 295 286 1
3517422894.586103 315 264 0
3517422894.615905 325 394 1
3517422895.8179126 317 268 0
3517422895.917252 331 320 0
3517422895.9867897 302 311 1
3517422896.0066576 314 327 0
3517422896.1854687 336 384 1
3517422896.851043 304 271 1
3517422896.930515 324 402 0
3517422897.7152967 334 330 0
3517422898.221928 304 340 1
3517422898.3610034 284 315 0
3517422898.3808713 345 409 0
3517422898.460343 325 346 0
3517422898.5199466 297 316 0
3517422898.5795503 331 289 1
3517422898.619286 295 283 0
3517422898.639154 333 318 0
3517422898.659022 315 316 1
3517422898.7086916 330 293 0
3517422898.7384934 325 338 0
3517422898.7682953 332 390 0
3517422898.808031 323 378 1
3517422899.245125 316 299 0
3517422899.404068 320 365 1
3517422899.43387 332 399 1
3517422900.576274 295 332 1
3517422900.6656795 287 285 1
3517422900.784887 310 270 0
3517422900.8047547 315 280 1
3517422901.0928392 327 392 0
3517422901.2021127 318 332 1
3517422901.4206595 319 310 0
3517422901.5895367 325 319 0
3517422902.2352433 336 265 0
3517422902.255111 318 334 0
3517422902.7716765 321 304 1
3517422902.88095 334 385 1
3517422902.9504876 332 383 1
3517422902.9902234 313 326 0
3517422904.040268 321 325 0
3517422904.050335 315 262 0
3517422904.060402 316 271 1
3517422904.090603 326 401 0
3517422904.2013397 331 383 1
3517422904.2214737 332 263 0
3517422904.2315407 313 372 0
3517422904.785225 299 302 1
3517422905.8422585 293 294 1
3517422906.184536 315 265 0
3517422906.20467 312 276 1
3517422906.244938 296 322 0
3517422906.3556747 326 313 0
3517422906.3959427 290 286 1
3517422906.758354 329 291 0
3517422907.583847 309 279 0
3517422908.0569954 291 306 0
3517422908.278469 335 385 1
3517422908.40934 313 352 0
3517422908.419407 326 296 1
3517422908.6308136 330 331 0
3517422908.6912155 316 275 1
3517422908.7616844 318 267 0
3517422908.7818184 331 385 1
3517422908.8724213 322 346 1
3517422908.912689 313 268 0
3517422909.053627 333 325 0
3517422909.063694 313 269 0
3517422909.5670433 325 385 1
3517422909.939522 315 334 0
3517422910.2213974 324 344 0
3517422910.583809 316 264 0
3517422910.654278 309 271 0
3517422910.7750816 325 354 1
3517422910.8153496 309 263 0
3517422910.9361534 291 288 0
3517422911.0166893 333 395 1
3517422911.0468903 306 262 0
3517422911.197895 334 383 1
3517422911.379101 321 307 0
3517422911.4797707 312 360 0
3517422911.6509094 320 308 0
3517422912.2951965 302 339 0
3517422912.577072 312 338 0
3517422912.848881 298 339 0
3517422912.9596176 313 337 0
3517422914.0 315 341 1
3517422914.0336657 329 392 0
3517422914.0561094 328 282 1
3517422914.089775 325 299 1
3517422914.1234407 334 384 1
3517422914.213216 312 342 0
3517422914.3591003 311 348 0
3517422914.482541 302 319 1
3517422915.268073 321 272 1
3517422915.4476233 326 312 0
3517422915.7057266 313 345 0
3517422915.8067236 322 303 0
3517422915.986274 300 287 0
3517422916.1097145 324 402 1
3517422916.255599 316 312 0
3517422916.3229303 309 269 0
3517422916.5024805 329 283 1
3517422916.5137024 322 327 0
3517422916.6932526 290 299 1
3517422916.9176903 303 265 1
3517422917.0074654 325 309 0
3517422917.041131 293 298 0
3517422917.2880125 325 386 1
3517422918.410201 296 337 0
3517422918.4887543 312 344 0
3517422918.623417 286 272 1
3517422918.634639 308 350 0
3517422918.814189 294 286 0
3517422918.825411 325 363 1
3517422918.8366327 331 382 1
3517422918.8478546 328 384 1
3517422919.5211678 326 400 0
3517422919.9475994 298 292 1
3517422919.9588213 326 401 1
3517422920.1383715 323 270 1
3517422920.4301405 304 279 1
3517422920.6658 338 397 1
3517422920.755575 311 262 0
3517422920.778019 292 309 0
3517422921.0361223 330 298 0
3517422921.1258974 318 268 0
3517422921.26056 306 327 1
3517422921.339113 324 347 0
3517422921.67577 334 329 0
3517422921.933873 332 297 1
3517422922.169533 320 317 0
3517422922.719405 314 325 1
3517422922.7642927 331 312 0
3517422922.7867365 322 405 0
3517422924.04517 330 391 0
3517422924.079047 301 332 1
3517422924.3274813 332 294 1
3517422924.3839436 326 349 1
3517422924.4516983 301 320 1
3517422924.4855757 303 266 1
3517422924.519453 332 396 1
3517422925.434142 289 300 1
3517422925.558359 329 384 1
3517422926.168152 324 367 0
3517422926.3601236 294 325 1
3517422926.439171 296 322 1
3517422926.5069256 331 390 0
3517422926.518218 323 303 0
3517422926.71019 316 263 0
3517422927.0715485 329 329 1
3517422927.2748127 293 310 0
3517422927.579709 324 391 0
3517422927.7829733 328 391 0
3517422928.4266434 316 316 1
3517422928.59603 327 398 0
3517422928.708955 290 272 1
3517422928.7767096 335 323 0
3517422928.810587 324 346 0
3517422928.8218794 323 331 0
3517422928.867049 333 331 0
3517422928.889634 333 390 0
3517422928.934804 333 383 1
3517422929.013851 290 305 0
3517422929.0477285 324 307 1
3517422929.0928984 330 284 1
3517422929.104191 320 322 1
3517422929.1945305 321 314 0
3517422929.454257 291 297 0
3517422929.5671816 292 295 0
3517422929.872078 324 380 0
3517422929.996295 303 262 1
3517422931.0464935 318 275 0
3517422931.0916634 327 291 1
3517422931.182003 301 280 0
3517422931.532069 322 324 0
3517422931.554654 309 264 0
3517422931.9611826 295 330 1
3517422932.6839 316 319 0
3517422934.0225 314 279 1
3517422934.1687503 322 334 0
3517422934.3487506 325 320 0
3517422934.4387507 333 384 1
3517422934.720001 289 394 1
3517422934.7762513 289 281 0
3517422935.158752 293 301 1
3517422935.698753 335 386 1
3517422936.497504 341 364 1
3517422936.7562547 334 315 0
3517422936.880005 326 343 0
3517422937.1500053 301 337 0
3517422937.3300056 317 330 1
3517422937.521256 297 281 0
3517422937.656256 332 384 1
3517422938.016257 302 330 1
3517422938.5225077 326 354 1
3517422938.646258 300 324 1
3517422939.0400085 332 390 0
3517422939.0512586 335 324 0
3517422939.220009 312 257 1
3517422939.265009 300 280 0
3517422939.332509 300 340 0
3517422939.377509 295 284 0
3517422939.433759 301 334 0
3517422939.4900093 331 384 1
3517422939.5237594 329 284 1
3517422939.6137595 290 296 0
3517422939.6587596 303 269 1
3517422939.78251 306 315 0
3517422939.95126 293 289 0
3517422940.00751 314 337 0
3517422940.0637603 299 337 1
3517422940.378761 316 268 0
3517422940.8287616 302 327 1
3517422940.952512 292 296 0
3517422941.132512 342 400 1
3517422941.3125124 293 329 1
3517422941.537513 310 300 0
3517422942.178764 307 259 1
3517422942.212514 309 318 1
3517422944.6323776 332 329 0
3517422944.813057 291 278 0
3517422945.0501986 327 389 1
3517422945.0727835 297 282 0
3517422945.084076 315 263 0
3517422945.1970005 310 316 0
3517422945.2647552 330 295 0
3517422945.3889723 292 307 0
3517422945.479312 328 385 1
3517422945.501897 333 385 1
3517422945.535774 317 345 1
3517422945.5922365 315 280 1
3517422945.603529 304 278 0
3517422945.705161 293 287 0
3517422945.8632555 325 350 0
3517422946.3036613 309 338 1
3517422946.3375387 323 374 0
3517422946.6311426 295 333 1
3517422947.2748127 321 334 0
3517422947.331275 294 310 0
3517422947.432907 332 330 0
3517422947.4893694 316 267 0
3517422947.534539 328 391 1
3517422947.5458317 324 353 0
3517422947.5910015 313 263 0
3517422947.602294 332 295 1
3517422947.7378035 332 383 1
3517422947.8168507 306 259 1
3517422948.0427 321 321 1
3517422948.4605207 284 303 0
3517422949.250993 318 298 0
3517422949.3639174 301 322 1
3517422949.499427 297 312 0
3517422949.725276 320 291 0
3517422949.9059553 329 282 1
3517422950.041465 334 386 1
3517422950.0527573 311 257 1
3517422950.2108517 292 304 0
3517422950.2334366 332 370 0
3517422950.244729 289 300 0
3517422950.2560215 313 320 0
3517422950.6512575 326 308 0
3517422951.204588 311 342 1
3517422951.972475 323 312 0
3517422952.1079845 342 400 0
3517422952.1531544 290 305 1
3517422952.6274376 324 279 1
3517422954.0364366 326 367 0
3517422954.582985 330 283 1
3517422955.214552 293 285 0
3517422955.263134 325 400 0
3517422955.287425 301 279 0
3517422955.311716 304 338 1
3517422955.336007 326 302 0
3517422955.360298 327 341 0
3517422955.4574623 297 271 1
3517422955.5060444 308 320 0
3517422955.6760817 315 339 1
3517422955.7246637 297 313 0
3517422955.7853913 314 336 0
3517422956.0890293 312 358 0
3517422956.550559 328 377 1
3517422956.5627046 316 299 1
3517422956.7934694 317 344 0
3517422956.8177605 313 338 0
3517422957.0971074 319 318 0
3517422957.7286744 319 356 1
3517422957.74082 310 354 0
3517422957.7772565 304 268 1
3517422957.813693 295 287 1
3517422957.8744206 325 387 1
3517422957.8987117 328 379 0
3517422958.238786 326 392 0
3517422958.3359504 327 388 1
3517422959.356174 316 319 1
3517422960.169924 323 356 0
3517422960.218506 315 342 1
3517422960.291379 308 281 0
3517422960.4614162 313 340 0
3517422960.473562 330 294 0
3517422960.4857073 290 302 0
3517422960.5099983 328 309 1
3517422961.178002 332 385 1
3517422961.4452033 302 263 1
3517422961.578804 300 325 1
3517422961.627386 310 269 0
3517422962.3439717 303 273 1
3517422962.4532814 330 327 1
3517422962.4775724 326 300 1
3517422964.7288427 326 398 0
3517422964.9938765 334 385 1
3517422965.093264 289 307 0
3517422965.1926517 301 340 0
3517422965.6454177 322 405 1
3517422965.866279 320 277 0
3517422965.9546237 292 314 1
3517422966.1975713 320 309 0
3517422966.285916 327 358 0
3517422966.341131 326 345 0
3517422967.3129215 312 353 0
3517422967.4675245 335 385 1
3517422967.511697 325 392 0
3517422967.7325583 306 352 1
3517422968.163238 321 347 0
3517422968.2184534 314 312 0
3517422968.306798 331 325 1
3517422968.5055733 324 258 0
3517422968.649133 321 314 1
3517422969.1239853 324 259 0
3517422969.422148 298 282 1
3517422969.4331913 301 281 1
3517422969.4552774 331 385 1
3517422969.9522157 333 303 1
3517422970.0516033 328 368 0
3517422970.0957756 323 336 0
3517422970.449154 330 324 1
3517422970.493326 330 325 1
3517422970.603757 325 345 0
3517422970.8467045 333 330 0
3517422970.8798337 296 281 0
3517422970.90192 325 330 0
3517422970.946092 307 268 1
3517422971.100695 316 314 0
3517422971.1559105 322 306 0
3517422971.222169 315 321 0
3517422971.3325996 322 373 0
3517422971.6307626 323 357 0
3517422971.9289255 325 314 0
3517422971.9510117 327 396 0
3517422972.149787 294 332 1
3517422972.470036 332 370 1
3517422972.6577682 330 326 1
3517422972.790285 336 268 1
3517422972.9890604 322 334 1
3517422974.0495872 319 297 1
3517422974.136365 333 405 1
3517422975.004142 310 319 0
3517422975.524808 325 335 0
3517422975.648776 331 324 1
3517422975.8099346 292 286 0
3517422976.1322517 294 308 0
3517422976.181839 299 340 0
3517422976.454569 300 295 0
3517422976.5413465 329 397 0
3517422976.6157274 315 340 1
3517422976.652918 333 316 0
3517422978.3264875 326 404 1
3517422978.376075 330 384 1
3517422978.4504557 324 299 0
3517422978.54963 310 354 1
3517422978.574424 315 381 1
3517422978.5992174 314 261 0
3517422979.169471 321 334 1
3517422980.471136 301 279 1
3517422980.756263 312 352 0
3517422980.8926277 294 322 1
3517422981.1157703 294 284 0
3517422981.2893257 322 370 1
3517422981.3141193 325 337 0
3517422981.326516 327 342 0
3517422982.603388 293 321 1
3517422982.8141336 326 393 0
3517422982.938102 336 321 1
3517422984.10946 323 297 0
3517422984.3891907 314 327 1
3517422985.15541 332 404 0
3517422985.216221 324 336 0
3517422985.289194 332 391 0
3517422985.678385 316 258 0
3517422985.7635202 317 317 1
3517422986.104062 311 355 0
3517422986.3594685 334 319 0
3517422986.845957 333 391 0
3517422986.979741 333 312 0
3517422987.0162277 294 333 1
3517422987.198661 321 323 0
3517422987.5756893 302 327 0
3517422987.721636 295 334 1
3517422987.7702847 295 335 1
3517422988.244611 326 382 1
3517422988.852721 294 290 1
3517422989.959482 310 316 1
3517422990.8473234 315 341 1
3517422991.163541 316 317 1
3517422991.175703 334 330 0
3517422991.2000275 293 310 1
3517422991.2486763 336 323 0
3517422991.345974 327 292 1
3517422991.4311094 313 344 0
3517422991.6013803 325 394 0
3517422991.650029 324 317 0
3517422991.917598 312 333 1
3517422991.978409 328 308 1
3517422992.0878687 330 305 0
3517422994.0355268 303 319 1
3517422994.047369 318 334 1
3517422994.0592113 301 325 1
3517422994.0828958 322 373 1
3517422994.177634 338 397 0
3517422994.2013183 298 281 0
3517422994.2486873 328 397 0
3517422994.615797 317 350 1
3517422994.6750083 310 319 1
3517422994.994749 327 391 0
3517422995.125014 314 262 0
3517422995.31449 294 285 0
3517422995.551335 312 321 0
3517422996.1079206 319 318 1
3517422996.4276614 312 340 0
3517422996.451346 326 344 0
3517422996.5342417 329 292 0
3517422996.6171374 323 278 0
3517422996.7118754 279 311 0
3517422996.8184557 335 390 0
3517422996.936878 308 271 0
3517422996.9605627 324 332 0
3517422997.1026697 306 277 0
3517422997.173723 298 315 0
3517422997.1855655 331 384 1
3517422998.381633 297 313 1
3517422998.725058 332 296 1
3517422998.819796 310 298 1
3517422998.8316383 304 261 1
3517422998.8790073 293 315 1
3517422998.9855876 298 280 0
3517422999.0803256 328 376 1
3517422999.1276946 322 347 1
3517422999.2698016 333 385 1
3517422999.47112 328 298 0
3517422999.530331 311 317 1
3517422999.5421734 318 317 1
3517423000.1698127 310 319 1
3517423000.288235 328 393 0
3517423000.4540267 292 297 0
3517423000.5487647 298 340 0
3517423000.7737675 316 265 0
3517423001.1645617 323 330 0
3517423001.2592998 332 309 0
3517423001.401407 328 392 0
3517423001.413249 329 331 0
3517423001.4843025 296 280 0
3517423001.543514 332 313 0
3517423001.8040433 323 375 0
3517423001.827728 303 264 1
3517423001.83957 328 305 0
3517423001.886939 315 320 0
3517423002.029046 317 315 0
3517423002.159311 317 267 0
3517423002.20668 303 265 1
3517423002.455367 317 264 0
3517423002.727739 312 261 0
3517423002.929057 301 287 1
3517423004.9168987 307 303 0
3517423004.9892855 335 388 1
3517423005.0375433 328 284 1
3517423005.0737367 312 347 0
3517423005.134059 302 327 1
3517423005.2064457 308 262 0
3517423005.3270903 325 357 0
3517423005.5925083 305 310 0
3517423005.9182487 327 293 1
3517423006.268118 314 371 0
3517423006.847212 327 395 0
3517423006.8954697 303 300 0
3517423007.22121 304 260 1
3517423007.353919 289 398 0
3517423007.486628 332 331 0
3517423007.510757 341 364 0
3517423007.5228214 313 376 0
3517423007.559015 299 281 0
3517423007.7037883 293 286 0
3517423007.7882395 300 298 0
3517423007.824433 294 286 0
3517423008.2708178 294 324 1
3517423008.33114 317 327 1
3517423008.6930737 302 348 0
3517423009.0550075 325 408 0
3517423009.465199 299 339 0
3517423009.8271327 303 280 1
3517423009.971906 301 323 1
3517423010.104615 315 321 1
3517423010.4303555 314 344 0
3517423010.6354513 316 272 1
3517423010.8767405 331 298 0
3517423011.105965 322 304 0
3517423011.130094 311 343 0
3517423011.2989964 330 305 1
3517423011.55235 318 329 1
3517423011.7815747 313 277 0
3517423011.817768 330 392 0
3517423011.866026 335 386 1
3517423011.890155 327 393 0
3517423011.9142838 324 402 0
3517423011.950477 325 358 0
3517423012.0107994 305 341 1
3517423012.022864 334 324 0
3517423012.0349283 328 280 0
3517423012.3003464 328 307 1
3517423012.4330554 331 383 1
3517423012.7587957 295 331 1
3517423015.0938277 305 310 1
3517423015.218441 304 269 1
3517423015.2876706 296 287 1
3517423015.4815135 324 358 0
3517423015.703048 289 307 1
3517423016.0353503 325 280 1
3517423016.298423 330 393 0
3517423016.589187 315 381 0
3517423016.8661056 329 387 1
3517423017.323021 295 309 0
3517423017.7660904 325 393 0
3517423017.7799363 328 388 1
3517423017.793782 323 314 0
3517423017.821474 319 314 0
3517423017.9460874 316 264 0
3517423018.029163 305 343 1
3517423018.167622 298 339 0
3517423018.20916 324 299 1
3517423018.223006 323 355 1
3517423018.499924 306 353 1
3517423018.901456 315 261 0
3517423019.2752957 312 276 0
3517423019.3168335 327 298 0
3517423019.6352897 334 386 1
3517423019.6768274 301 319 1
3517423019.787595 323 297 1
3517423019.8291326 301 280 0
3517423019.9952836 301 317 1
3517423020.24451 321 293 0
3517423020.3691235 332 384 1
3517423020.659888 316 266 0
3517423020.7152715 303 273 0
3517423020.826039 314 263 0
3517423022.0721717 322 329 0
3517423022.0860176 329 385 1
3517423022.2937064 318 311 0
3517423022.3213983 309 354 0
3517423022.335244 317 312 0
3517423022.390628 300 303 0
3517423022.4321656 320 393 1
3517423022.6260085 293 290 0
3517423022.6675463 314 269 0
