3517423356.926449 314 276 0
3517423356.9612875 330 298 0
3517423357.530319 316 315 0
3517423357.681287 323 324 0
3517423358.203867 293 317 1
3517423358.21548 310 258 1
3517423358.2619314 305 341 1
3517423358.29677 297 328 0
3517423358.308383 323 391 1
3517423358.401286 332 391 1
3517423358.4825764 327 310 0
3517423358.505802 298 340 0
3517423358.5754795 294 323 1
3517423358.633544 317 277 1
3517423358.726447 333 298 1
3517423358.749673 328 294 1
3517423358.7728987 300 313 1
3517423358.8890276 311 258 1
3517423358.947092 298 341 0
3517423359.0283823 304 272 1
3517423359.2490273 300 341 0
3517423359.492898 335 391 1
3517423359.8528976 309 308 0
3517423359.8877363 289 296 0
3517423360.456768 335 325 0
3517423360.561284 309 344 0
3517423360.6425743 294 296 1
3517423361.002574 292 310 1
3517423362.721282 302 341 0
3517423362.744508 302 336 0
3517423362.9651527 325 348 0
3517423364.0117035 327 345 0
3517423364.0351105 328 284 0
3517423364.0585175 328 342 0
3517423364.1287384 301 341 0
3517423364.4681396 302 322 1
3517423364.50325 332 320 1
3517423364.5851746 329 399 0
3517423365.076721 323 316 0
3517423365.767227 297 283 0
3517423365.8023376 314 352 0
3517423365.8491516 313 344 0
3517423365.8725586 295 301 1
3517423365.9895935 293 293 0
3517423366.2236633 304 263 1
3517423366.282181 317 332 1
3517423366.3758087 302 290 1
3517423366.6098785 326 383 0
3517423367.1365356 304 264 1
3517423367.6046753 324 380 0
3517423368.213257 313 336 0
3517423368.4707336 331 385 1
3517423368.622879 334 316 0
3517423368.6579895 311 301 0
3517423368.669693 315 315 0
3517423368.7750244 329 394 0
3517423368.7984314 327 297 1
3517423368.8218384 283 408 0
3517423368.9856873 325 299 0
3517423369.0910187 295 325 1
3517423369.172943 298 278 1
3517423369.6644897 296 285 0
3517423369.8049316 318 266 0
3517423369.980484 333 322 1
3517423370.0858154 306 358 1
3517423370.1092224 323 280 1
3517423370.237961 327 359 0
3517423370.3784027 329 309 1
3517423370.7529144 328 293 1
3517423371.338089 326 315 0
3517423371.4668274 315 270 0
3517423372.3328857 299 326 0
3517423372.3796997 331 285 1
3517423372.4967346 317 265 0
3517423372.64888 309 344 1
3517423372.695694 344 369 0
3517423372.7776184 312 349 0
3517423372.812729 318 339 0
3517423372.8478394 325 325 0
3517423374.1035805 318 314 0
3517423374.1150894 325 330 0
3517423374.172634 313 357 0
3517423374.184143 319 357 1
3517423374.21867 333 392 0
3517423374.2877235 326 321 0
3517423374.3452682 308 281 1
3517423374.391304 328 377 1
3517423375.024296 308 316 0
3517423375.1048584 294 287 0
3517423375.783886 324 309 1
3517423375.8759575 309 301 0
3517423375.945011 294 253 0
3517423375.968029 295 323 1
3517423376.1176453 333 312 0
3517423376.359333 313 345 0
3517423376.808182 299 282 0
3517423376.8772354 303 331 1
3517423377.4641914 325 357 1
3517423377.544754 317 316 0
3517423377.6253166 298 320 0
3517423378.108692 334 326 0
3517423378.154728 293 297 0
3517423378.373398 331 284 1
3517423378.4079247 329 374 0
3517423378.499996 294 288 0
3517423378.753193 300 290 1
3517423379.156006 328 388 1
3517423380.099739 335 330 0
3517423380.4565163 303 281 1
3517423380.491043 327 298 1
3517423380.514061 309 303 0
3517423380.74424 310 342 0
3517423380.7672577 312 301 0
3517423380.9629097 313 300 1
3517423381.0319633 294 324 1
3517423381.0434723 318 292 0
3517423381.101017 319 283 0
3517423381.906643 295 283 0
3517423382.090786 333 297 1
3517423382.1598396 327 327 0
3517423382.251911 326 334 0
3517423382.528126 311 265 0
3517423382.631706 314 275 0
3517423382.9309387 302 281 0
3517423384.09449 326 356 1
3517423384.1063013 325 333 0
3517423384.1181126 298 325 0
3517423384.2126026 303 266 1
3517423384.3543377 311 327 0
3517423384.366149 311 277 0
3517423384.37796 335 321 0
3517423384.4015827 313 336 1
3517423384.425205 307 394 0
3517423384.460639 294 320 1
3517423384.5196953 315 318 1
3517423384.5787516 331 293 0
3517423384.6259966 333 332 0
3517423384.9921455 325 353 0
3517423385.204748 301 281 0
3517423385.5827084 304 270 1
3517423386.2323275 320 317 1
3517423386.763834 333 393 0
3517423387.366208 327 278 0
3517423387.401642 321 319 0
3517423387.4843206 327 396 0
3517423387.5788107 314 362 0
3517423387.9922047 314 340 0
3517423388.0866947 307 264 0
3517423388.2638636 330 388 1
3517423388.32292 322 348 0
3517423388.88986 316 264 0
3517423388.9134827 311 327 1
3517423388.9961615 329 294 0
3517423389.0079727 324 402 0
3517423389.0788403 293 302 0
3517423389.114274 327 314 0
3517423389.196953 331 388 1
3517423389.2205753 300 282 0
3517423389.291443 309 318 1
3517423389.3268766 298 282 0
3517423389.350499 304 280 0
3517423389.3741217 306 341 1
3517423389.9646845 335 331 0
3517423390.130042 300 283 1
3517423390.4725685 325 359 1
3517423390.637926 318 265 0
3517423390.8505287 303 271 1
3517423390.992264 329 300 0
3517423391.0631313 311 327 1
3517423391.1103764 336 328 0
3517423391.133999 312 341 0
3517423391.1576214 333 390 1
3517423391.2048664 326 383 1
3517423391.547393 309 376 0
3517423391.5828266 320 319 0
3517423391.7127504 294 317 1
3517423392.0907106 324 299 0
3517423392.2796907 333 295 1
3517423392.7757635 318 391 0
3517423394.027273 334 390 1
3517423394.068183 301 342 0
3517423394.0818195 333 314 0
3517423394.136366 319 315 0
3517423394.1909122 324 324 0
3517423394.231822 318 320 0
3517423394.300005 331 391 1
3517423394.395461 317 303 1
3517423394.4090977 326 306 1
3517423394.531827 309 301 1
3517423394.9818344 327 356 1
3517423395.1454735 307 277 0
3517423395.3091125 345 407 0
3517423395.5409346 306 262 1
3517423395.895486 320 316 0
3517423396.2091274 311 330 0
3517423396.2364006 326 327 0
3517423396.6454983 334 385 0
3517423396.7000446 325 315 0
3517423396.95914 316 366 1
3517423397.6000595 324 330 0
3517423397.940974 299 318 0
3517423398.281889 324 302 0
3517423398.3909817 330 331 1
3517423398.445528 329 286 1
3517423398.5273476 309 318 0
3517423398.7591696 301 318 1
3517423398.840989 333 391 1
3517423398.936445 294 316 1
3517423398.977355 302 330 1
3517423399.0319014 312 320 1
3517423399.140994 327 365 0
3517423399.481909 306 275 0
3517423399.4955454 315 376 0
3517423400.013736 333 304 1
3517423400.7910213 329 291 1
3517423400.900114 295 287 0
3517423401.172846 332 393 0
3517423401.227392 333 330 0
3517423401.663763 331 297 0
3517423402.563778 309 303 1
3517423402.700144 311 322 0
3517423404.0882363 302 318 1
3517423404.1134467 332 390 1
3517423404.2394986 334 393 0
3517423404.4159713 336 325 0
3517423404.4916024 328 399 0
3517423404.6428647 327 324 0
3517423404.6932855 298 322 0
3517423404.7689166 325 279 0
3517423404.8445477 302 320 1
3517423404.983205 330 294 0
3517423405.0210204 326 347 0
3517423405.184888 312 269 0
3517423405.2353086 323 278 0
3517423406.180698 301 316 1
3517423406.4706173 335 318 0
3517423406.7479315 305 260 1
3517423406.8109574 290 292 1
3517423407.037851 318 339 1
3517423407.100877 332 388 1
3517423407.2017183 331 327 1
3517423407.781557 333 296 1
3517423407.907609 322 280 1
3517423408.374001 331 328 1
3517423408.437027 323 335 0
3517423408.6639204 330 330 1
3517423408.97905 330 269 1
3517423409.0042605 306 264 0
3517423409.092497 305 279 0
3517423409.1177073 326 316 0
3517423409.4076266 296 334 1
3517423409.432837 328 390 1
3517423409.63452 301 280 0
3517423409.6597304 299 332 0
3517423409.7857823 302 321 1
3517423410.365621 334 314 0
3517423410.6429353 318 292 1
3517423410.94546 285 275 0
3517423411.1723533 305 270 1
3517423411.235379 318 336 0
3517423411.298405 327 377 1
3517423411.3992467 314 265 0
3517423411.890849 292 272 1
3517423411.9664803 313 362 0
3517423412.205979 331 296 0
3517423412.3068204 329 380 1
3517423412.3824515 333 308 0
3517423414.0130057 318 391 1
3517423414.143063 324 279 0
3517423414.338149 334 312 0
3517423414.689304 324 323 0
3517423414.780344 313 321 0
3517423414.819361 336 331 0
3517423414.8583784 301 327 1
3517423414.871384 310 319 1
3517423415.131499 325 355 0
3517423415.2485504 294 315 1
3517423415.3786077 332 298 1
3517423415.6387224 334 317 0
3517423416.0679116 302 280 0
3517423416.093923 324 359 0
3517423416.1199346 306 345 1
3517423416.1589518 331 326 1
3517423416.6141524 317 262 0
3517423417.2384276 328 392 1
3517423417.264439 331 325 1
3517423417.5505652 332 325 1
3517423417.7456512 310 271 0
3517423417.862703 333 310 0
3517423418.200852 322 376 0
3517423418.6040297 329 287 1
3517423418.9942017 323 307 0
3517423419.020213 331 294 0
3517423419.072236 308 281 0
3517423419.4494023 326 396 0
3517423419.5014253 299 303 1
3517423419.865586 311 322 1
3517423420.0866833 325 297 0
3517423420.450844 328 305 1
3517423420.8150043 312 258 1
3517423421.855463 323 400 0
3517423421.907486 304 267 1
3517423421.9725146 317 333 0
3517423422.063555 325 353 1
3517423422.68783 293 300 0
3517423422.9479446 308 316 1
3517423424.9000034 313 265 0
3517423424.9121656 325 317 0
3517423424.9486523 334 391 1
3517423425.228383 314 341 0
3517423425.3135185 294 308 0
3517423425.337843 329 389 1
3517423425.350005 324 398 0
3517423425.4959517 317 264 0
3517423425.508114 326 337 0
3517423425.7270336 311 330 1
3517423426.1770353 302 319 1
3517423426.9554167 329 372 1
3517423427.1743364 321 374 0
3517423427.6486626 296 336 1
3517423427.7094736 308 368 1
3517423427.74596 327 299 1
3517423427.8797445 327 335 0
3517423427.9283934 327 392 1
3517423427.952718 325 321 0
3517423428.378395 322 314 1
3517423428.6338015 303 341 0
3517423429.8135357 334 385 1
3517423430.190564 296 333 1
3517423430.3365107 313 270 0
3517423430.4581327 295 286 0
3517423430.543268 317 336 0
3517423431.650029 331 329 1
3517423431.747327 300 298 0
3517423432.525708 317 334 0
3517423432.5865192 295 324 1
3517423434.1088285 331 389 1
3517423434.217657 294 291 0
3517423434.53326 326 322 0
3517423434.663854 319 313 0
3517423434.8597455 331 269 1
3517423435.2297626 323 269 1
3517423435.5235996 327 360 0
3517423435.5344825 301 320 1
3517423435.6759596 292 292 0
3517423435.719491 326 402 0
3517423435.8500853 330 400 0
3517423435.871851 332 323 1
3517423435.882734 298 313 0
3517423435.9697967 320 363 1
3517423436.0568595 305 269 1
3517423436.078625 332 389 1
3517423436.176571 298 330 1
3517423436.2201023 333 390 1
3517423436.241868 334 327 0
3517423436.252751 321 310 0
3517423436.2962823 286 272 1
3517423436.318048 316 262 0
3517423436.4377594 325 306 1
3517423436.688065 320 312 0
3517423436.916605 307 394 1
3517423437.2648563 326 346 0
3517423437.6131077 320 300 0
3517423438.2878447 323 306 0
3517423438.2987275 327 346 0
3517423438.559916 308 274 0
3517423438.5925646 322 307 0
3517423438.8864017 310 310 0
3517423438.9081674 301 292 0
3517423439.1040587 308 318 0
3517423439.22377 324 269 1
3517423439.7896786 326 408 1
3517423440.0943985 330 389 1
3517423440.192344 289 272 1
3517423440.203227 321 337 0
3517423440.3882356 302 342 0
3517423440.4100013 296 335 1
3517423440.6276584 288 303 0
3517423440.7691355 325 399 0
3517423440.790901 296 330 1
3517423441.160918 288 273 1
3517423442.0206637 315 284 0
3517423442.760698 325 316 0
3517423442.825995 301 335 1
3517423442.8695264 302 325 1
3517423442.913058 300 335 0
3517423442.9457064 324 314 0
3517423444.050111 333 295 1
3517423444.3507757 315 271 0
3517423445.48328 312 257 1
3517423445.593524 307 278 0
3517423446.024477 322 309 0
3517423446.1246986 329 388 1
3517423446.194854 330 394 0
3517423446.325142 326 301 1
3517423446.4955187 302 290 0
3517423446.525585 325 366 0
3517423446.7260284 296 318 0
3517423446.9866047 334 332 0
3517423447.387491 329 374 1
3517423447.998843 294 308 1
3517423448.670328 333 384 0
3517423448.710417 304 279 0
3517423449.0712147 329 381 1
3517423449.401946 333 300 1
3517423450.0934753 324 297 1
3517423450.263852 305 267 1
3517423450.444251 331 327 1
3517423450.494362 286 302 0
3517423450.5344505 281 272 1
3517423450.5845613 300 280 0
3517423450.694805 308 324 0
3517423450.7248716 332 294 0
3517423450.754938 327 371 1
3517423450.8451376 299 296 0
3517423450.99547 296 284 0
3517423451.055603 313 348 0
3517423451.0956917 292 296 0
3517423451.22598 307 352 1
3517423451.286113 321 269 1
3517423451.306157 330 393 0
3517423451.656933 315 264 0
3517423452.0177307 292 300 0
3517423452.659149 333 394 0
3517423452.879637 323 258 0
3517423452.9397697 310 270 0
3517423452.949792 319 332 0
3517423454.0639067 327 325 0
3517423454.202371 311 270 0
3517423456.0663157 327 308 0
3517423456.289989 312 340 0
3517423456.311291 327 328 0
3517423456.3965 310 262 0
3517423456.4497557 329 294 1
3517423456.503011 304 268 1
3517423456.556267 319 276 0
3517423456.566918 323 327 0
3517423457.5681224 323 350 0
3517423458.196538 333 268 1
3517423458.207189 295 285 0
3517423458.4308624 348 395 1
3517423458.4521646 298 332 0
3517423458.579978 310 263 0
3517423458.7184424 313 273 0
3517423458.761047 317 335 0
3517423458.771698 318 321 0
3517423458.846256 323 396 0
3517423459.325556 313 321 1
3517423459.421416 293 295 0
3517423459.6876936 288 303 1
3517423459.730298 302 339 0
3517423459.8687625 298 283 0
3517423459.8794136 324 305 0
3517423459.9859247 288 294 1
3517423460.593038 331 300 0
3517423460.7528048 294 328 1
3517423460.9338737 316 342 1
3517423460.955176 309 263 0
3517423460.987129 319 356 0
3517423460.9977803 324 343 0
3517423461.061687 332 325 1
3517423461.082989 331 389 1
3517423461.0936403 304 271 1
3517423461.157547 319 269 0
3517423461.178849 311 352 0
3517423461.1895003 284 272 1
3517423461.2960114 321 280 0
3517423461.370569 326 336 0
3517423461.3812203 320 269 1
3517423461.4025226 302 271 1
3517423461.4770803 333 392 1
3517423461.519685 313 339 0
3517423461.5835915 292 298 0
3517423461.647498 333 297 1
3517423461.7966137 302 337 0
3517423461.839218 324 409 0
3517423462.4676337 323 326 0
3517423462.787167 322 346 0
3517423462.8297715 322 316 0
3517423462.968236 324 404 0
3517423464.1355095 330 380 1
3517423464.372651 305 270 1
3517423464.914689 313 338 0
3517423464.9485664 333 391 1
3517423465.2647552 292 297 0
3517423465.6938686 323 308 0
3517423466.0891047 329 377 1
3517423466.4278784 319 268 0
3517423466.4843407 324 384 0
3517423466.5746803 316 336 0
3517423466.6085577 325 306 0
3517423466.642435 293 290 0
3517423466.811822 308 280 1
3517423466.8456993 328 295 1
3517423466.8795767 326 402 1
3517423466.890869 282 398 0
3517423466.981209 299 319 0
3517423467.015086 329 289 1
3517423467.0263786 323 345 0
3517423467.0715485 311 348 0
3517423467.139303 325 259 0
3517423467.161888 308 324 1
3517423467.35386 296 313 0
3517423467.6587563 331 292 0
3517423467.681341 334 308 0
3517423468.189502 306 316 0
3517423468.3363037 330 378 1
3517423468.437936 312 345 0
3517423468.7992945 334 325 0
3517423468.889634 335 316 0
3517423469.1154833 299 341 0
3517423469.2735777 326 279 0
3517423470.5044556 322 348 1
3517423470.5496254 311 361 0
3517423470.8432293 326 396 1
3517423470.978739 324 398 1
3517423471.26105 314 366 1
3517423471.30622 321 278 0
3517423471.475607 314 269 0
3517423471.532069 302 324 1
3517423471.678871 327 280 0
3517423471.724041 313 263 0
3517423471.7579184 326 356 1
3517423471.8595505 324 380 1
3517423471.972475 294 313 1
3517423472.220909 315 259 0
3517423472.559683 303 304 0
3517423472.616145 315 328 0
3517423472.6274376 328 335 0
3517423474.2809086 330 401 0
3517423474.5186005 326 352 0
3517423474.6482506 313 340 0
3517423474.680663 329 403 0
3517423474.6914673 331 394 0
3517423474.7562923 312 327 0
3517423474.9507675 287 272 1
3517423475.0155926 294 302 0
3517423475.1236343 335 268 1
3517423475.156047 306 343 1
3517423475.7610807 334 392 1
3517423475.9771643 326 392 1
3517423476.517373 321 375 0
3517423476.6038065 330 312 1
3517423476.765869 297 282 0
3517423477.3492947 320 300 1
3517423477.5113573 335 326 0
3517423477.565378 335 332 0
3517423477.5977907 335 319 0
3517423477.684224 319 283 1
3517423477.7166367 297 341 0
3517423477.727441 324 333 0
3517423477.8246784 321 371 0
3517423477.9435244 325 354 0
3517423477.9975452 333 333 0
3517423479.391284 283 408 1
3517423479.4128923 300 282 0
3517423479.834255 324 306 0
3517423479.888276 330 289 1
3517423480.2124014 326 397 1
3517423480.2880306 327 315 0
3517423480.7201977 328 389 1
3517423480.741806 329 390 1
3517423481.303623 335 393 0
3517423481.4332733 303 332 1
3517423481.6277485 326 393 1
3517423481.7465944 325 297 1
3517423481.7573986 295 322 1
3517423481.854636 322 341 0
3517423481.9410696 323 270 1
3517423481.973482 296 285 0
3517423482.016699 296 318 1
3517423482.038307 327 401 0
3517423482.0599155 314 363 0
3517423482.221978 328 291 1
3517423482.2543907 300 317 0
3517423482.4380617 304 280 0
3517423482.6217327 313 346 0
3517423482.8054037 327 269 1
3517423482.870229 293 312 1
3517423484.1275916 303 281 0
3517423484.18648 330 392 1
3517423484.4318485 297 339 0
3517423485.472211 330 257 1
3517423485.5212846 324 301 0
3517423485.580173 316 337 0
3517423485.9825773 321 257 0
3517423486.0512805 329 385 0
3517423486.2672048 318 332 0
3517423486.404611 297 284 0
3517423486.561647 306 275 1
3517423486.9247923 319 358 1
3517423486.9934955 304 334 1
3517423487.1407166 326 314 0
3517423487.4842324 327 312 0
3517423487.494047 301 312 1
3517423487.651083 324 312 1
3517423487.690342 297 305 0
3517423487.7492304 332 390 1
3517423487.76886 329 384 0
3517423487.8964515 314 285 0
3517423487.9357104 320 285 0
3517423487.9651546 294 319 1
3517423487.9749694 331 295 0
3517423488.0044136 322 344 0
3517423488.259597 320 341 0
3517423488.4166327 324 331 0
3517423488.4264474 300 271 1
3517423488.6521864 288 310 0
3517423488.9171844 334 407 0
3517423489.4079213 314 339 0
3517423489.721993 322 334 0
3517423489.8103256 327 396 1
3517423489.947732 283 273 1
3517423489.977176 291 289 0
3517423489.986991 333 294 1
3517423490.7525406 303 280 0
3517423490.8997617 321 270 1
3517423491.1353154 325 359 0
3517423491.14513 325 322 0
3517423491.1647596 326 398 0
3517423491.2432775 320 309 0
3517423491.2923512 296 289 1
3517423491.3904986 320 318 1
3517423491.7732735 330 389 1
3517423491.8419766 329 375 0
3517423491.900865 330 394 0
3517423491.940124 326 269 1
3517423492.008827 311 256 0
3517423492.018642 333 329 0
3517423492.126604 327 365 1
3517423492.3032694 325 397 0
3517423492.4799347 325 356 1
3517423492.509379 328 269 1
3517423492.578082 328 401 0
3517423492.5977116 299 320 0
3517423492.6075263 314 345 0
3517423492.695859 323 350 1
3517423492.7547474 290 272 1
3517423492.813636 323 327 1
3517423492.8725243 326 335 0
3517423492.8921537 321 329 0
3517423494.087042 301 282 0
3517423494.182788 328 372 1
3517423494.2959423 335 317 0
3517423494.365576 324 337 0
3517423494.6267014 346 409 0
3517423495.0096855 282 398 1
3517423495.401374 327 300 1
3517423495.453599 314 338 0
3517423495.636387 301 342 0
3517423495.645091 331 332 0
3517423496.028075 311 349 0
3517423496.0454836 294 314 1
3517423496.0890045 334 391 1
3517423496.202159 327 304 0
3517423496.8027477 324 315 0
3517423496.915902 317 348 1
3517423497.09869 299 296 1
3517423497.281478 325 328 0
3517423497.4903784 328 361 0
3517423497.568716 294 292 0
3517423497.5948286 325 269 1
3517423497.855954 336 326 0
3517423497.890771 322 292 0
3517423497.9691086 326 331 0
3517423498.0126295 327 313 0
3517423498.030038 331 380 1
3517423498.0996714 330 262 0
3517423498.1518965 316 284 0
3517423498.230234 319 320 0
3517423498.2389383 319 293 0
3517423498.3433886 330 390 1
3517423498.456543 331 328 1
3517423498.5261765 324 316 0
3517423498.6132183 334 306 0
3517423498.7176685 294 295 0
3517423499.031019 335 325 0
3517423499.2399197 320 270 1
3517423499.9884796 323 382 0
3517423500.0668173 306 352 1
3517423500.110338 301 323 1
3517423500.1190424 302 342 0
3517423500.1277466 332 319 1
3517423500.136451 321 343 0
3517423500.1712675 331 387 1
3517423500.2147884 331 285 1
3517423500.432393 325 360 0
3517423500.5107307 303 341 1
3517423500.5368433 321 318 0
3517423500.9198275 296 290 1
3517423501.546529 332 326 1
3517423501.746725 302 322 1
3517423501.7728376 311 257 1
3517423502.016555 323 377 0
3517423502.0948925 332 394 0
3517423502.3386097 300 319 0
3517423502.4169474 332 391 1
3517423502.4256516 302 281 0
3517423502.582327 314 278 0
3517423502.6693687 282 409 0
3517423502.8869734 305 339 1
3517423502.92179 285 272 1
3517423502.965311 303 270 1
3517423504.127019 329 254 0
3517423504.7984047 333 293 1
3517423504.8800597 334 318 0
3517423505.769192 321 327 0
3517423505.8327017 316 261 0
3517423505.8417745 306 309 1
3517423505.8780656 334 333 0
3517423505.9960117 328 296 1
3517423506.068594 320 374 0
3517423506.6764703 316 263 0
3517423506.90329 314 263 0
3517423507.765204 306 279 0
3517423507.9103684 307 341 0
3517423508.055533 321 336 1
3517423508.091824 300 261 0
3517423508.1190424 323 346 0
3517423508.291425 298 331 0
3517423508.300498 317 338 0
3517423508.4910264 316 282 1
3517423508.509172 334 307 0
3517423508.5182447 306 268 1
3517423508.627118 331 299 0
3517423509.988035 328 331 0
3517423510.1876364 318 279 1
3517423510.287437 301 283 1
3517423510.3146553 294 295 1
3517423510.323728 286 302 1
3517423510.659421 305 340 1
3517423510.6866393 294 302 1
3517423510.868095 326 325 0
3517423511.067696 295 292 1
3517423511.0949144 324 269 1
3517423511.27637 336 325 0
3517423511.3398795 332 296 0
3517423511.775373 301 326 1
3517423511.9114647 310 373 0
3517423512.1292114 331 333 0
3517423512.4467587 295 288 0
3517423512.519341 317 257 1
3517423512.591923 320 317 0
3517423512.64636 326 328 0
3517423512.6735783 323 301 0
3517423512.7461605 287 292 0
3517423512.8187428 296 329 1
3517423512.8278155 329 394 0
3517423512.8731794 294 293 0
3517423512.900398 300 314 0
3517423512.9185433 333 307 0
3517423512.9548345 296 337 1
3517423514.048232 320 311 0
3517423514.115757 334 313 0
3517423514.4340887 318 266 0
3517423514.8199453 303 342 0
3517423516.1511507 330 327 1
3517423516.247615 313 306 0
3517423516.4694824 292 252 0
3517423516.643118 301 298 0
3517423516.8167534 315 337 0
3517423516.9132175 300 342 0
3517423517.154378 320 313 0
3517423517.569174 322 292 1
3517423517.684931 333 384 1
3517423517.810334 325 349 0
3517423518.061141 333 392 1
3517423518.0707874 304 270 1
3517423518.1865444 334 325 1
3517423518.196191 329 389 1
3517423518.4180584 331 284 1
3517423518.475937 323 396 1
3517423518.553108 318 313 0
3517423518.591694 327 359 1
3517423518.8810863 325 397 1
3517423519.102954 331 390 1
3517423519.1126003 299 325 0
3517423519.2572966 329 269 1
3517423519.334468 327 361 0
3517423519.5563354 331 330 1
3517423519.7203245 335 393 1
3517423520.1640596 302 323 1
3517423520.2508774 346 409 1
3517423520.308756 330 385 1
3517423520.4823914 320 309 1
3517423520.607795 333 332 0
3517423520.6270876 337 324 0
3517423520.935773 327 330 0
3517423521.012944 322 270 1
3517423521.032237 297 305 1
3517423521.1576405 303 271 1
3517423521.3409224 303 333 1
3517423521.6496077 313 362 1
3517423521.9004145 302 326 1
3517423521.9197073 321 373 0
3517423522.286271 315 267 0
3517423522.4116745 319 267 0
3517423522.566017 314 337 0
3517423522.6431885 318 255 0
3517423522.6624813 315 263 0
3517423522.768592 323 358 0
3517423522.7782383 317 276 1
3517423522.8071775 301 305 0
3517423522.8264704 304 312 0
3517423522.865056 324 295 1
3517423522.884349 332 333 0
3517423522.9036417 305 266 1
3517423524.063157 312 350 0
3517423524.1368403 325 304 0
3517423524.1578927 308 278 0
3517423524.242102 316 270 0
3517423524.347364 333 323 1
3517423524.35789 328 369 0
3517423524.57894 322 333 0
3517423525.747346 312 357 0
3517423525.8526077 309 355 0
3517423526.2420764 300 309 0
3517423526.326286 300 315 0
3517423526.4104953 300 287 0
3517423526.631545 327 299 1
3517423527.5894275 301 271 1
3517423527.6525846 331 389 1
3517423528.084158 298 340 0
3517423528.1262627 346 366 0
3517423528.252577 326 260 0
3517423528.3367863 322 340 0
3517423528.3578386 325 324 0
3517423528.484153 294 296 0
3517423528.736781 302 327 1
3517423528.8841476 307 341 1
3517423528.9473047 323 380 0
3517423528.968357 299 313 0
3517423529.1683545 294 308 0
3517423529.536771 330 313 1
3517423530.410444 330 389 1
3517423530.42097 322 269 1
3517423530.4525485 327 402 0
3517423530.599915 327 326 0
3517423530.610441 324 377 0
3517423530.6946507 332 389 1
3517423530.726229 310 346 0
3517423531.3999047 335 315 0
3517423532.631468 302 305 0
3517423532.7367296 325 313 0
3517423532.8314652 328 332 0
3517423532.8946223 299 282 0
3517423532.9051485 326 347 0
3517423532.926201 312 270 0
3517423532.989358 333 395 0
3517423534.020067 304 266 1
3517423534.0401344 330 395 0
3517423534.0602016 304 313 0
3517423534.0903025 324 347 0
3517423534.2408066 328 295 1
3517423534.2909746 328 334 0
3517423534.301008 299 283 0
3517423534.311042 332 326 1
3517423534.3210754 334 331 0
3517423534.411378 332 392 1
3517423535.274268 317 281 1
3517423535.9063854 329 373 1
3517423536.097024 321 318 1
3517423536.177293 298 337 1
3517423536.2073936 300 322 0
3517423536.4482 318 268 0
3517423536.7793093 335 311 0
3517423536.91978 331 283 1
3517423537.1104183 334 392 1
3517423537.351225 317 263 0
3517423537.42146 297 335 1
3517423538.0535774 323 269 1
3517423538.3044176 327 320 0
3517423538.374653 334 394 0
3517423538.4649553 317 317 0
3517423538.545224 281 272 1
3517423538.6656275 319 318 1
3517423538.705762 328 375 0
3517423538.7458963 314 328 0
3517423538.775997 298 293 1
3517423538.8161316 323 363 0
3517423538.9465685 310 310 1
3517423539.0168037 312 262 0
3517423539.267644 324 405 0
3517423539.4883833 312 254 1
3517423539.7392235 305 270 1
3517423540.672349 285 301 0
3517423541.3947687 313 306 1
3517423541.414836 308 281 1
3517423541.5854073 324 307 0
3517423542.0369196 325 338 0
3517423542.107155 339 268 1
3517423542.2977934 333 295 1
3517423542.3780622 328 294 1
3517423542.78944 325 348 0
3517423542.9399443 314 329 0
3517423544.0212517 308 321 0
3517423544.0425034 303 339 0
3517423544.0850067 327 393 1
3517423544.191265 335 320 0
3517423544.2337685 327 378 1
3517423544.318775 300 328 0
3517423544.340027 333 297 1
3517423544.4356594 333 292 1
3517423544.7438087 315 332 1
3517423544.988203 294 293 1
3517423545.859522 329 378 1
3517423546.050787 316 260 0
3517423546.061413 326 324 0
3517423546.125168 327 337 0
3517423546.316433 313 322 0
3517423546.8796024 336 268 1
3517423547.3258877 312 364 0
3517423547.761547 323 336 0
3517423547.782799 312 344 0
3517423548.1228256 332 390 1
3517423548.2609615 324 402 1
3517423548.2715874 299 271 1
3517423548.356594 299 321 0
3517423548.3990974 315 328 1
3517423548.4734783 335 393 0
3517423548.5903625 324 363 0
3517423548.685995 302 325 1
3517423548.707247 295 329 1
3517423548.8028793 302 321 1
3517423548.8560085 328 343 0
3517423548.87726 317 265 0
3517423548.9941444 294 290 0
3517423549.015396 328 397 0
3517423549.036648 335 332 0
3517423549.1854095 298 283 0
3517423549.366049 332 332 0
3517423549.4404297 327 321 0
3517423550.07798 322 320 0
3517423550.5030136 286 272 1
3517423550.7155304 332 291 0
3517423550.726156 333 391 1
3517423550.8430405 303 320 1
3517423550.9705505 305 268 1
3517423551.1724415 329 292 1
3517423551.5655975 324 360 0
3517423551.9056244 305 269 1
3517423552.065012 318 264 0
3517423552.3094063 311 255 1
3517423552.394413 330 269 1
3517423552.4794197 323 334 0
3517423552.596304 315 338 0
3517423552.723814 318 265 0
3517423552.7450657 318 269 0
3517423552.8406982 312 406 0
3517423552.9469566 320 393 0
3517423554.0628624 323 279 0
3517423554.0942936 301 325 1
3517423554.2514496 329 395 0
3517423554.2619267 335 372 0
3517423554.293358 315 340 0
3517423554.471468 299 322 0
3517423554.502899 293 294 0
3517423554.660055 326 341 0
3517423554.8695965 333 296 1
3517423554.974367 322 333 1
3517423555.0477066 323 384 0
3517423555.2258167 302 305 1
3517423555.896349 325 372 0
3517423556.053505 332 293 0
3517423556.409725 311 319 1
3517423556.53545 328 338 0
3517423556.556404 318 306 0
3517423556.860239 320 296 1
3517423557.017395 331 394 0
3517423557.467909 324 380 0
3517423557.656496 294 322 1
3517423557.7507896 311 258 1
3517423557.834606 294 293 0
3517423558.002239 333 298 1
3517423558.1908264 323 400 1
3517423558.756588 328 391 1
3517423558.8299274 328 397 1
3517423559.112808 326 403 0
3517423559.1442394 317 266 0
3517423559.1966248 327 338 0
3517423559.259487 323 344 0
3517423559.2909184 326 315 0
3517423559.364258 314 272 0
3517423559.395689 320 395 1
3517423559.4585514 313 363 0
3517423559.5947533 319 271 1
3517423559.699524 289 250 0
3517423559.710001 315 265 0
3517423560.2548084 325 310 1
3517423560.4224415 338 247 1
3517423560.7157993 306 280 1
3517423560.82057 314 317 0
3517423561.0510654 330 381 1
3517423561.0824966 322 360 0
3517423561.2082214 330 382 1
3517423561.323469 315 339 0
3517423561.5120564 295 323 1
3517423562.3502216 311 254 1
3517423562.3606987 335 372 1
3517423562.7902584 327 374 0
3517423562.9893227 326 326 0
3517423564.4736753 333 322 1
3517423564.5222573 328 401 1
3517423564.81375 311 377 0
3517423564.8987684 312 356 0
3517423565.008078 330 391 1
3517423565.0688057 314 329 1
3517423565.2752795 323 318 0
3517423565.311716 301 296 0
3517423565.4210258 334 315 0
3517423565.639645 309 349 0
3517423565.663936 321 311 0
3517423565.7368093 314 353 0
3517423565.7611003 286 273 1
3517423566.8177605 328 297 1
3517423566.9149246 319 276 1
3517423566.92707 327 331 0
3517423566.951361 298 328 0
3517423567.012089 333 394 0
3517423567.5950737 326 308 1
3517423567.6193647 320 341 1
3517423568.5788608 300 324 0
3517423568.6638794 316 269 0
3517423569.2468643 332 288 1
3517423569.404756 328 336 0
3517423569.586939 328 400 0
3517423569.7205396 308 263 0
3517423569.756976 318 328 0
3517423569.8177037 299 284 1
3517423569.9513044 302 324 1
3517423570.2306514 326 348 0
3517423571.4937854 317 269 0
3517423571.578804 301 328 1
3517423571.6638227 326 353 0
3517423571.7245502 329 381 1
3517423572.028188 299 282 1
3517423574.540433 331 329 1
3517423574.7941055 313 341 0
3517423574.915427 331 392 1
3517423574.9374857 316 286 0
3517423575.047778 326 320 0
3517423575.0698366 312 275 0
3517423575.136012 332 393 1
3517423575.2793922 323 363 1
3517423575.2904215 319 269 0
3517423575.3345385 324 303 0
3517423575.3455677 302 320 1
3517423575.3786554 300 323 0
3517423575.444831 313 345 0
3517423575.533065 295 321 1
3517423575.7536497 332 318 1
3517423575.775708 315 375 0
3517423575.941147 312 354 0
3517423575.996293 332 300 0
3517423576.448492 333 392 1
3517423576.8786325 333 331 0
3517423576.900691 302 387 0
3517423576.933779 326 352 1
3517423576.9778957 321 357 1
3517423577.4300947 301 343 0
3517423577.4742117 311 272 0
3517423578.2242002 300 321 0
3517423578.433756 326 332 0
3517423578.477873 335 313 0
3517423578.4999313 333 309 0
3517423578.52199 294 312 1
3517423578.566107 332 323 1
3517423578.621253 300 287 1
3517423578.6433115 312 361 0
3517423578.753604 332 292 0
3517423578.797721 311 353 0
3517423579.4705048 332 391 1
3517423579.6028557 326 357 1
3517423579.9006453 313 354 0
3517423579.988879 332 287 1
3517423580.0109377 336 321 0
3517423580.0991716 315 346 0
3517423580.1322594 309 286 0
3517423580.3749027 334 332 0
3517423580.7388678 313 301 0
3517423581.2351837 300 320 0
3517423581.7204704 296 328 1
3517423581.9962015 318 267 0
3517423582.2167864 330 390 1
3517423582.7241316 308 320 1
3517423582.922658 308 281 0
3517423584.1442666 332 395 0
3517423584.2441435 324 405 1
3517423584.38841 324 328 0
3517423584.6103587 302 306 0
3517423584.854502 317 315 0
3517423585.131938 320 327 0
3517423585.542543 325 342 0
3517423585.564738 320 256 0
3517423585.6091275 303 281 0
3517423585.6868095 331 391 1
3517423585.7090044 301 342 0
3517423585.775589 310 345 0
3517423585.8199787 325 300 0
3517423585.930953 334 311 0
3517423586.208389 305 271 1
3517423586.85204 328 286 0
3517423587.3070345 321 320 0
3517423587.351424 321 353 0
3517423587.429106 323 341 0
3517423587.573373 314 344 0
3517423587.606665 336 332 0
3517423587.6177626 314 320 0
3517423587.983978 312 334 1
3517423588.0727572 332 302 0
3517423588.638726 301 282 0
3517423588.660921 337 325 0
3517423588.705311 303 282 1
3517423588.893967 304 312 1
3517423589.071526 328 378 1
3517423589.171403 326 349 0
3517423589.193598 285 273 1
3517423589.304572 331 390 1
3517423589.382254 319 268 0
3517423589.7040796 324 349 0
3517423590.070295 328 333 0
3517423590.103587 325 372 1
3517423590.2367563 296 327 1
3517423590.4254127 332 390 1
3517423590.4919972 315 269 0
3517423591.4241815 324 334 0
3517423591.801494 332 362 0
3517423591.8902736 321 312 0
3517423592.3563657 323 309 0
3517423592.4007554 296 302 1
3517423592.4340477 328 311 0
3517423592.489535 335 329 0
3517423592.6116066 335 275 0
3517423592.722581 336 327 0
3517423592.90014 324 329 0
3517423594.278243 325 393 1
3517423594.3531547 325 335 0
3517423594.374558 325 303 0
3517423594.652801 296 286 0
3517423594.963149 328 330 0
3517423595.0808673 300 313 0
3517423595.1022706 302 307 0
3517423595.337707 335 327 0
3517423595.4554253 327 398 0
3517423595.5410385 298 311 0
3517423596.0333147 319 293 1
3517423596.0761213 317 368 0
3517423596.1617346 312 346 0
3517423596.172436 291 382 0
3517423596.215243 334 393 1
3517423596.2901545 329 391 1
3517423596.397171 318 342 0
3517423596.4827843 327 396 0
3517423596.5041876 312 347 0
3517423596.964359 303 340 0
3517423597.274707 314 259 0
3517423597.585055 293 298 0
3517423598.3127675 331 395 0
3517423598.355574 315 326 0
3517423598.451889 323 319 0
3517423598.4625907 312 353 0
3517423598.4732924 303 319 1
3517423598.548204 329 390 1
3517423598.944165 319 256 0
3517423599.2224083 329 374 1
3517423599.8966126 328 298 1
3517423599.9715242 321 359 0
3517423600.035734 308 321 1
3517423600.474502 327 301 1
3517423600.72064 325 336 0
3517423600.9667783 318 266 0
3517423601.030988 301 362 0
3517423601.0844965 327 390 1
3517423601.127303 327 336 0
3517423601.2022147 310 353 0
3517423601.662386 303 325 1
3517423601.9834356 330 314 1
3517423602.069049 310 376 0
3517423602.133259 291 293 0
3517423602.5185184 324 346 0
3517423602.625535 333 294 1
3517423602.9144797 326 340 0
3517423602.9465847 285 301 1
3517423602.967988 318 332 1
3517423604.5888968 293 253 0
3517423605.1777935 302 322 1
3517423605.188905 328 383 0
3517423605.333351 333 293 1
3517423605.4333525 316 262 0
3517423605.9555817 324 299 1
3517423606.022249 305 270 1
3517423606.2889194 324 404 1
3517423606.3666983 305 261 1
3517423606.3778095 300 312 0
3517423606.4666996 314 327 0
3517423606.6778135 302 283 1
3517423606.8000374 350 396 0
3517423606.8444824 294 383 1
3517423608.188945 327 347 0
3517423608.288946 329 400 0
3517423608.3000574 295 289 0
3517423608.3111687 313 277 0
3517423608.333391 332 294 0
3517423608.3556137 294 305 0
3517423608.5667276 318 315 0
3517423608.7333965 325 318 0
3517423608.7667303 332 392 1
3517423608.844509 316 264 0
3517423609.9667463 324 318 0
3517423610.6111994 324 304 0
3517423610.7000895 327 269 1
3517423610.7889795 297 271 1
3517423610.8223133 319 277 0
3517423610.8667583 295 322 1
3517423610.888981 293 296 0
3517423611.1667624 315 341 0
3517423611.244541 346 366 1
3517423611.2667637 318 306 1
3517423611.3000975 312 377 0
3517423611.4778776 328 312 0
3517423611.577879 332 307 0
3517423612.522336 333 306 0
3517423612.689005 318 258 0
3517423612.8445625 324 306 0
3517423614.0 329 394 1
3517423614.072582 326 309 1
3517423614.3318024 314 276 0
3517423614.3836465 328 314 0
3517423614.3940153 328 313 0
3517423614.6636047 314 348 0
3517423614.7258177 325 305 0
3517423614.943563 330 300 0
3517423615.41016 320 319 1
3517423616.001183 317 264 0
3517423616.053027 331 330 1
3517423616.125609 335 393 1
3517423616.364092 331 392 1
3517423616.478149 332 326 1
3517423616.519624 297 285 0
3517423616.654419 313 347 0
3517423616.664788 325 396 0
3517423616.6958942 286 306 0
3517423616.768476 324 334 1
3517423616.8099513 319 319 1
3517423616.8617954 314 350 1
3517423616.892902 294 253 0
3517423618.3860126 297 284 0
3517423618.4378567 333 392 1
3517423618.831872 337 331 0
3517423618.883716 301 362 1
3517423619.1636744 323 301 1
3517423619.3192067 326 361 0
3517423619.350313 299 283 0
3517423619.4021573 329 283 0
3517423619.547321 332 324 1
3517423619.785804 316 286 1
3517423619.8583856 307 269 1
3517423620.065762 314 381 1
3517423620.2835073 328 390 1
3517423620.304245 305 313 0
3517423620.407933 307 360 1
3517423620.895268 302 319 1
3517423620.957481 299 341 0
3517423620.9782186 332 295 0
3517423621.019694 309 362 0
3517423621.081907 315 261 0
3517423621.1441197 291 293 1
3517423621.175226 325 357 1
3517423621.3203897 329 282 0
3517423621.4448156 305 263 1
3517423621.4966598 305 280 0
3517423621.527766 327 398 1
3517423621.6936674 327 361 0
3517423621.7973557 323 341 1
3517423621.8803062 324 350 0
3517423622.191371 328 337 0
3517423622.5853863 307 279 0
3517423624.046875 326 307 1
3517423624.2109375 327 314 0
3517423624.5273438 327 316 0
3517423624.9492188 327 333 0
3517423625.6757812 337 380 0
3517423625.7460938 305 279 0
3517423626.296875 329 290 1
3517423626.8359375 330 254 0
3517423627.046875 327 313 0
3517423627.1992188 321 373 1
3517423627.375 281 371 0
3517423627.4335938 325 331 0
3517423628.6875 296 334 1
3517423629.0859375 315 399 0
3517423629.0976562 312 349 0
3517423629.15625 300 334 0
3517423629.1679688 334 316 0
3517423629.2148438 327 357 1
3517423629.765625 300 329 0
3517423629.9882812 326 305 1
3517423630.0585938 309 286 1
3517423630.1875 301 315 1
3517423630.3046875 286 272 1
3517423630.328125 330 390 1
3517423631.1835938 313 353 0
3517423631.40625 323 296 0
3517423631.5 314 346 0
3517423631.6054688 319 317 0
3517423631.640625 293 292 0
3517423631.734375 326 354 0
3517423631.8515625 312 406 1
3517423631.921875 325 326 0
3517423631.9335938 324 303 1
3517423631.9921875 293 289 0
3517423632.0390625 336 326 0
3517423632.109375 322 377 0
3517423632.4023438 331 391 1
3517423632.7304688 301 324 1
3517423634.7911987 310 344 0
3517423634.803561 322 272 0
3517423634.8900986 296 336 1
3517423634.9889984 326 316 0
3517423635.026086 307 356 1
3517423635.0631733 333 393 1
3517423635.1991606 294 294 0
3517423635.285698 324 308 0
3517423635.310423 322 308 0
3517423635.3475103 325 353 0
3517423635.359873 302 327 1
3517423635.3722353 302 282 0
3517423635.8172846 300 284 1
3517423636.113984 331 331 1
3517423636.423046 332 326 1
3517423636.472496 300 316 0
3517423636.5095835 328 373 1
3517423637.2513323 350 396 1
3517423637.325507 335 312 0
3517423637.350232 324 298 1
3517423637.684019 331 328 1
3517423638.017806 322 310 0
3517423638.1043434 297 284 1
3517423638.2156057 327 280 0
3517423638.302143 328 304 1
3517423638.3886805 334 310 0
3517423638.450493 303 305 0
3517423638.611205 325 344 0
3517423639.5260286 327 341 0
3517423640.156515 295 334 1
3517423640.1688776 329 390 1
3517423640.23069 315 399 1
3517423640.564477 323 378 0
3517423640.774639 295 333 1
3517423640.9353514 324 357 1
3517423640.9600763 335 333 0
3517423641.108426 318 276 1
3517423641.776 324 319 0
3517423642.085062 327 317 0
3517423642.183962 302 287 1
3517423642.208687 305 269 1
3517423642.2210493 337 380 1
3517423642.233412 331 390 1
3517423642.3075867 332 401 0
3517423642.517749 308 301 1
3517423642.5301113 302 328 1
3517423642.542474 325 323 0
3517423642.5919237 334 302 1
3517423642.9009857 299 324 0
3517423642.962798 319 314 0
3517423644.338024 299 342 0
3517423645.1830845 305 268 1
3517423645.211253 319 338 0
3517423645.295759 293 299 0
3517423645.4366026 291 299 0
3517423645.535193 303 298 0
3517423645.6901207 295 320 1
3517423646.084482 281 371 1
3517423646.408422 323 325 0
3517423646.8872895 335 322 0
3517423647.1408076 303 322 1
3517423647.3802414 306 320 1
3517423647.521085 324 341 0
3517423647.6337595 312 355 0
3517423647.661928 332 327 1
3517423647.704181 318 275 1
3517423647.73235 332 297 0
3517423647.788687 306 261 1
3517423647.8027716 327 312 0
3517423648.070374 299 323 0
3517423648.239386 326 394 1
3517423648.281639 315 266 0
3517423648.394314 286 306 1
3517423648.605579 335 314 0
3517423648.6337476 314 260 0
3517423648.9717717 325 337 0
3517423648.9999404 315 260 0
3517423649.3379645 323 317 0
3517423649.352049 320 327 1
3517423650.6759768 321 359 1
3517423651.506953 315 262 0
3517423651.521037 313 349 0
3517423651.802724 317 267 0
3517423651.9153986 327 342 0
3517423652.1970854 297 289 1
3517423652.2815914 293 289 1
3517423652.521025 322 404 0
3517423652.549194 331 396 0
3517423652.5773625 301 310 1
3517423652.591447 329 281 0
3517423652.887218 294 321 1
3517423652.9013023 314 261 0
3517423654.0 318 265 0
3517423654.1397514 301 339 0
3517423654.3493786 286 402 0
3517423655.3136635 305 267 1
3517423655.635092 314 341 0
3517423655.9006195 316 266 0
3517423656.222048 294 303 0
3517423656.5993767 282 273 1
3517423656.6552773 324 361 0
3517423657.1863327 331 317 1
3517423657.605587 302 342 0
3517423657.7453384 296 331 1
3517423657.7593136 295 287 0
3517423657.8571396 324 328 1
3517423658.094717 325 390 1
3517423658.2204933 327 318 0
3517423658.290369 300 325 0
3517423658.3462696 323 344 1
3517423658.947201 324 336 0
3517423659.4223557 327 300 1
3517423660.0093117 332 306 0
3517423660.051237 302 327 1
3517423660.1071377 333 291 1
3517423660.7779446 296 330 1
3517423661.406826 326 395 1
3517423661.5465775 322 287 1
3517423661.8680058 332 395 0
3517423662.203409 327 394 1
3517423662.2313595 298 284 0
3517423662.496887 313 344 0
3517423662.6226635 333 311 0
3517423662.664589 325 334 0
3517423662.678564 324 317 0
3517423662.9161415 324 342 0
3517423662.944092 317 263 0
3517423664.1229525 332 298 0
3517423664.295086 316 261 0
3517423664.602467 325 343 0
3517423664.6147623 294 311 1
3517423665.0328007 324 309 0
3517423666.0287156 332 401 1
3517423666.188554 305 266 1
3517423666.6680684 313 346 0
3517423666.7664304 325 393 1
3517423667.098402 305 270 1
3517423667.442669 314 264 0
3517423667.6148024 326 323 0
3517423667.6762786 330 311 1
3517423667.9836597 331 298 0
3517423668.106612 334 393 1
3517423668.155793 316 284 1
3517423668.1680884 291 382 1
3517423668.192679 295 331 1
3517423668.204974 315 268 0
3517423668.291041 303 336 0
3517423668.3279266 317 262 0
3517423668.389403 301 339 1
3517423668.450879 299 341 1
3517423668.7336698 294 295 0
3517423668.795146 298 317 0
3517423668.893508 335 326 0
3517423668.905803 303 341 0
3517423669.4099083 321 298 0
3517423669.4713845 326 322 0
3517423669.655813 312 302 0
3517423670.049261 305 338 1
3517423670.393528 328 393 1
3517423670.848452 302 326 1
3517423670.8730426 318 320 1
3517423671.082062 332 308 0
3517423671.2419 301 314 1
3517423671.5246906 321 316 0
3517423671.8689575 298 311 1
3517423671.9796147 302 278 0
3517423672.0165005 295 304 1
3517423672.1271577 314 325 1
3517423672.336177 300 283 0
3517423672.446834 308 385 0
3517423672.4591293 331 291 0
3517423672.5697865 334 301 1
3517423672.6066723 333 395 0
3517423672.803396 318 267 0
3517423672.8279867 334 314 0
3517423674.1009827 324 328 0
3517423674.366062 311 268 0
3517423674.4039307 318 280 1
3517423674.4165535 318 334 0
3517423674.4922905 326 342 0
3517423674.605896 325 345 0
3517423674.6563873 328 344 0
3517423674.66901 321 376 0
3517423674.694256 325 364 0
3517423674.744747 318 314 0
3517423674.833107 316 375 0
3517423675.0224495 313 342 0
3517423675.072941 324 319 1
3517423675.1739235 314 352 0
3517423675.2496605 302 323 1
3517423675.7924423 328 280 0
3517423675.906048 327 364 0
3517423676.2342415 333 323 1
3517423676.7770233 296 326 1
3517423677.256691 335 332 0
3517423677.2819366 295 290 0
3517423678.405369 335 328 0
3517423678.481106 321 317 0
3517423678.683071 306 270 1
3517423678.758808 287 298 0
3517423678.771431 313 375 0
3517423678.847168 328 340 0
3517423678.922905 334 303 1
3517423679.0996246 295 291 0
3517423679.238476 327 329 0
3517423679.288967 312 271 0
3517423680.1725655 307 317 0
3517423680.6143646 317 265 0
3517423680.6396103 328 362 0
3517423681.030918 327 315 0
3517423681.788288 317 322 0
3517423682.166973 296 325 1
3517423682.5330353 331 327 1
3517423682.709755 314 347 0
3517423682.7602463 328 341 0
3517423682.798115 332 393 1
3517423682.873852 326 297 0
3517423684.032258 282 395 0
3517423684.1182795 300 318 0
3517423684.2150536 318 338 0
3517423684.2473116 325 347 0
3517423684.3225803 317 261 0
3517423684.494623 329 294 1
3517423684.5483866 327 323 0
3517423684.60215 314 342 0
3517423685.1827946 314 274 0
3517423685.1935472 329 392 1
3517423685.333332 293 301 0
3517423685.6881704 330 299 0
3517423686.172041 331 391 1
3517423686.236557 333 329 1
3517423686.2903204 293 318 1
3517423686.3548365 321 308 1
3517423686.9247284 309 279 1
3517423687.2258034 332 391 1
3517423687.6236525 330 391 1
3517423687.677416 306 278 0
3517423687.806448 316 263 0
3517423688.0967703 327 379 1
3517423688.1827917 300 342 0
3517423688.268813 333 384 0
3517423688.301071 351 376 0
3517423688.6559095 305 337 1
3517423688.677415 328 325 0
3517423688.7526836 299 312 0
3517423688.7849417 328 370 0
3517423688.806447 334 309 0
3517423688.881716 323 339 0
3517423688.903221 333 333 0
3517423689.0645113 299 331 0
3517423689.7634354 329 391 1
