2204665838.408446 334 180 0
2204665838.535205 349 213 0
2204665838.661964 365 194 0
2204665838.7323856 318 223 0
2204665838.788723 352 263 0
2204665838.8873134 349 163 0
2204665839.126747 360 226 1
2204665839.169 333 211 1
2204665839.2253375 333 230 1
2204665839.3520966 325 197 0
2204665839.4788556 314 277 1
2204665839.5492773 365 210 0
2204665839.577446 351 169 0
2204665839.7746267 369 210 1
2204665839.8873014 352 171 0
2204665839.943639 341 275 0
2204665839.985892 363 195 0
2204665840.070398 338 179 0
2204665840.112651 345 231 1
2204665840.492928 355 248 0
2204665840.577434 338 194 0
2204665840.66194 362 193 1
2204665840.6760244 337 265 1
2204665840.915458 345 218 0
2204665840.957711 347 214 0
2204665841.0563016 356 165 0
2204665841.1267233 341 176 0
2204665841.281651 346 252 0
2204665841.661928 349 162 0
2204665841.6760125 328 224 1
2204665841.7605186 332 228 1
2204665841.8450246 355 170 1
2204665841.943615 355 267 1
2204665841.985868 327 285 0
2204665842.0140367 350 158 0
2204665842.070374 350 247 0
2204665842.309808 369 187 0
2204665842.4647355 369 209 1
2204665842.521073 367 211 0
2204665842.5914946 353 238 1
2204665843.0844464 348 159 0
2204665843.140784 358 199 0
2204665843.2957115 350 262 1
2204665843.352049 347 228 0
2204665843.394302 376 202 0
2204665843.408386 379 188 1
2204665843.4647236 361 204 0
2204665843.6196513 349 249 0
2204665843.7041574 372 182 1
2204665843.7886634 353 179 1
2204665843.8309164 363 219 0
2204665843.8450007 356 170 1
2204665844.197109 346 162 0
2204665844.267531 357 267 1
2204665844.352037 350 259 1
2204665844.39429 328 227 1
2204665844.521049 359 213 1
2204665844.605555 364 216 0
2204665844.6759768 358 206 1
2204665844.760483 345 289 0
2204665844.8731575 359 223 1
2204665844.971748 345 175 0
2204665845.2816033 333 212 1
2204665845.3379407 345 163 0
2204665845.3801937 362 208 1
2204665845.436531 364 178 0
2204665845.506953 360 209 1
2204665845.605543 343 246 0
2204665845.647796 328 226 1
2204665845.732302 347 211 1
2204665845.7463865 337 199 0
2204665845.760471 355 262 0
2204665845.88723 324 277 0
2204665845.9435673 352 273 1
2204665846.3238444 352 262 1
2204665846.436519 316 288 0
2204665846.521025 353 195 0
2204665846.5773625 330 228 1
2204665846.6196156 350 277 1
2204665846.6337 358 235 1
2204665846.6618686 362 179 1
2204665846.7463746 360 206 0
2204665846.802712 331 275 1
2204665846.8590493 317 239 0
2204665846.9013023 353 157 1
2204665846.9435554 330 186 0
2204665846.9858084 357 238 1
2204665848.0380816 334 206 1
2204665848.2919593 352 239 0
2204665848.304653 334 220 0
2204665848.558531 342 214 1
2204665848.622 354 235 0
2204665848.634694 368 177 0
2204665849.3328576 330 190 0
2204665849.3455515 331 180 0
2204665849.4344087 334 228 1
2204665849.485184 365 214 0
2204665849.5359597 327 219 0
2204665849.5613475 356 256 1
2204665849.624817 340 289 0
2204665849.6502047 347 163 0
2204665849.8025312 347 162 0
2204665850.056409 370 224 1
2204665850.3102865 348 277 1
2204665850.373756 355 171 1
2204665850.38645 359 218 1
2204665850.576858 359 271 0
2204665850.678409 345 163 0
2204665850.8434296 364 177 0
2204665851.0465317 368 196 1
2204665851.3004093 345 239 1
2204665851.4146543 369 222 1
2204665851.7066135 349 262 1
2204665851.8335524 328 274 1
2204665851.9097157 364 217 0
2204665851.9351034 351 246 0
2204665851.973185 365 218 0
2204665851.985879 343 247 0
2204665852.074736 370 222 1
2204665852.2270627 331 225 1
2204665852.2397566 366 210 0
2204665852.430165 354 211 1
2204665852.4428587 355 276 1
2204665852.519022 343 280 1
2204665852.5697975 341 230 0
2204665852.6713486 346 163 0
2204665852.734818 362 177 0
2204665852.823675 337 266 0
2204665853.0140834 384 201 0
2204665853.0267773 341 286 0
2204665853.0902467 355 162 0
2204665853.1029406 331 228 1
2204665853.179104 337 224 1
2204665853.471063 319 266 0
2204665853.496451 346 216 1
2204665853.699553 342 245 0
2204665853.78841 360 230 1
2204665853.928043 361 208 1
2204665854.0549817 368 224 1
2204665854.0803695 346 224 1
2204665854.156533 361 229 1
2204665854.1819205 346 239 1
2204665854.2073083 359 227 1
2204665854.359635 344 174 0
2204665854.4231043 353 164 0
2204665854.461186 357 241 1
2204665854.47388 322 266 0
2204665854.689676 351 258 0
2204665855.0704923 350 156 1
2204665855.1466556 367 224 1
2204665855.2862883 353 242 1
2204665855.4766965 367 187 1
2204665855.5782475 357 277 0
2204665855.971758 341 283 0
2204665856.1113906 335 207 1
2204665856.17486 327 148 0
2204665856.2256355 336 211 1
2204665856.2510233 337 180 1
2204665856.301799 349 248 0
2204665856.708003 356 166 0
2204665856.911105 352 246 0
2204665856.923799 357 237 1
2204665856.949187 346 158 1
2204665858.3489246 316 287 0
2204665858.420762 344 244 0
2204665858.4515495 333 209 1
2204665858.461812 352 247 0
2204665858.738899 384 204 1
2204665859.005724 335 200 1
2204665859.262286 355 226 0
2204665859.467536 332 185 0
2204665859.4777985 355 270 1
2204665859.508586 348 167 1
2204665859.5804234 345 224 1
2204665859.908823 333 218 0
2204665859.9396105 333 227 1
2204665859.990923 355 278 0
2204665860.0011854 333 219 0
2204665860.073023 353 174 1
2204665860.093548 363 225 1
2204665860.1961727 326 188 0
2204665860.47326 379 183 1
2204665860.668247 361 196 1
2204665860.729822 351 218 0
2204665860.9042845 357 197 0
2204665861.037697 342 288 0
2204665861.1095343 365 225 1
2204665861.335309 352 161 0
2204665861.3455715 331 194 0
2204665861.478984 349 175 1
2204665861.5302963 362 205 1
2204665861.6021338 366 188 0
2204665861.653446 353 246 1
2204665861.7047586 348 226 0
2204665861.8073835 335 175 0
2204665861.838171 341 244 0
2204665862.156308 364 188 1
2204665862.4949703 379 188 0
2204665862.5360203 314 205 0
2204665862.5565453 335 199 1
2204665862.5668077 356 286 0
2204665862.65917 349 260 0
2204665862.679695 345 161 0
2204665862.9362574 342 237 1
2204665863.162032 346 160 0
2204665863.244132 334 285 0
2204665863.305707 349 169 0
2204665863.4185944 336 183 1
2204665863.490432 360 213 1
2204665863.5930567 374 291 0
2204665863.623844 354 271 1
2204665863.7162066 359 232 1
2204665863.952244 334 221 0
2204665863.993294 346 240 0
2204665864.0035563 361 209 1
2204665864.024081 327 149 1
2204665864.065131 368 193 1
2204665864.2806435 332 224 1
2204665864.3832684 339 194 0
2204665864.5577307 362 204 1
2204665864.9477053 352 224 0
2204665864.9682302 358 174 0
2204665865.00928 349 267 1
2204665865.0400677 372 222 1
2204665865.317155 359 228 1
2204665865.553192 352 223 1
2204665866.0457916 332 229 1
2204665866.240779 350 267 1
2204665866.456291 356 194 1
2204665866.4665537 357 210 0
2204665866.4870787 368 194 1
2204665866.743641 367 202 0
2204665866.764166 326 286 0
2204665866.8154783 316 194 1
2204665866.8975782 376 202 1
2204665866.959153 348 197 0
2204665868.566628 359 214 1
2204665868.7115793 332 152 0
2204665868.8433533 372 191 0
2204665869.0146594 350 157 1
2204665869.067369 345 234 0
2204665869.106901 371 219 0
2204665869.133256 352 157 1
2204665869.238675 354 163 0
2204665869.26503 345 159 1
2204665869.5812874 358 233 1
2204665869.6867065 333 181 0
2204665869.9238997 368 182 1
2204665870.5564146 362 202 1
2204665870.569592 334 205 1
2204665870.595947 369 187 1
2204665870.6486564 353 276 1
2204665870.740898 350 215 1
2204665870.8858495 330 202 0
2204665870.964914 328 280 1
2204665870.9912686 338 234 1
2204665871.373413 336 198 1
2204665871.4393 353 161 0
2204665872.04546 345 166 1
2204665872.2299438 364 242 0
2204665872.3221855 349 161 0
2204665872.7306848 348 278 1
2204665872.941523 357 205 0
2204665872.9547005 363 178 0
2204665872.9810553 345 291 0
2204665873.165539 344 259 0
2204665873.2182484 375 191 1
2204665873.4159093 333 229 1
2204665873.4290867 369 216 1
2204665873.4949737 339 284 0
2204665873.5476832 369 206 1
2204665873.7848763 336 197 1
2204665874.1274886 318 223 1
2204665874.1933756 366 213 0
2204665874.2197304 325 293 1
2204665874.4173913 350 213 0
2204665874.7995358 366 191 0
2204665874.8654227 350 221 1
2204665874.8786 357 251 1
2204665875.076261 331 187 0
2204665875.5901794 371 222 1
2204665875.616534 323 286 0
2204665875.669244 366 187 0
2204665876.0645657 368 223 1
2204665876.117275 372 165 0
2204665876.1304526 361 201 0
2204665876.1568074 342 289 0
2204665876.1963396 350 163 0
2204665876.4598875 326 188 1
2204665876.538952 351 156 1
2204665876.5521293 367 184 1
2204665876.644371 331 284 0
2204665876.74979 366 179 0
2204665878.1310678 350 162 0
2204665878.3932033 367 225 1
2204665878.4514556 342 252 0
2204665878.553397 352 156 1
2204665878.8009696 320 217 0
2204665878.859222 354 172 1
2204665879.004853 351 262 1
2204665879.063105 351 162 0
2204665879.0922313 340 286 0
2204665879.1650467 345 203 0
2204665879.3252406 368 198 1
2204665879.4854345 360 210 1
2204665879.5145607 384 225 0
2204665879.55825 349 156 1
2204665879.6601915 332 202 0
2204665879.8203855 366 224 1
2204665879.8349485 345 244 0
2204665879.8640747 359 234 1
2204665879.893201 351 267 1
2204665879.9805794 321 224 0
2204665879.9951425 342 245 1
2204665880.082521 372 206 1
2204665880.111647 330 229 1
2204665880.300967 367 223 1
2204665880.5485396 345 158 1
2204665880.606792 381 232 0
2204665880.650481 359 210 1
2204665880.7087336 361 177 0
2204665880.956306 329 227 1
2204665880.985432 345 258 0
2204665880.999995 356 265 1
2204665881.0436845 359 226 1
2204665881.131063 355 193 0
2204665881.2184415 350 264 0
2204665881.334946 360 228 1
2204665881.3495092 352 280 0
2204665881.451451 369 222 1
2204665881.5679555 362 201 1
2204665881.6116447 357 268 1
2204665881.9611588 349 259 1
2204665882.033974 368 195 1
2204665882.3106728 359 230 1
2204665882.339799 328 225 1
2204665882.383488 351 237 0
2204665882.4708667 367 186 1
2204665882.5873713 340 211 1
2204665882.6164975 365 212 0
2204665882.6456237 369 205 1
2204665882.718439 346 166 1
2204665882.9805746 319 276 0
2204665883.05339 365 220 0
2204665883.067953 352 175 1
2204665883.1553316 328 198 0
2204665883.228147 340 281 0
2204665883.373778 372 196 0
2204665883.5048456 356 164 0
2204665883.606787 347 203 0
2204665883.6213503 336 218 1
2204665883.723292 354 226 0
2204665883.7961073 334 227 1
2204665883.912612 378 217 0
2204665883.956301 362 221 0
2204665884.0291166 369 201 1
2204665884.1893106 348 176 1
2204665884.247563 329 228 1
2204665884.276689 357 250 1
2204665884.407757 357 229 0
2204665884.42232 333 223 1
2204665884.7281446 347 253 1
2204665884.946591 369 219 1
2204665885.0485325 364 186 1
2204665885.150474 352 162 0
2204665885.165037 358 230 1
2204665885.325231 332 285 0
2204665885.3689203 338 286 0
2204665885.470862 362 206 1
2204665885.499988 334 207 1
2204665885.5436773 353 245 1
2204665885.7621236 369 194 1
2204665885.820376 347 238 1
2204665885.8786283 349 170 0
2204665885.98057 347 243 1
2204665886.35921 329 204 0
2204665886.4028993 319 154 1
2204665886.6067824 356 277 0
2204665886.8106656 360 222 1
2204665886.9271703 343 239 1
2204665888.034417 353 250 1
2204665888.154877 348 163 0
2204665888.1892943 357 261 1
2204665888.24092 356 249 0
2204665888.533466 331 188 0
2204665889.290643 332 152 1
2204665890.0478206 352 258 0
2204665890.0822377 356 252 1
2204665890.151072 328 217 0
2204665890.2543235 356 285 1
2204665890.271532 376 202 0
2204665890.305949 333 182 0
2204665890.478035 347 156 1
2204665890.4952435 361 209 1
2204665890.598495 333 220 0
2204665890.632912 359 207 0
2204665890.7017465 368 223 1
2204665890.7361636 366 225 1
2204665890.839415 357 278 0
2204665890.8566236 349 258 1
2204665890.959875 332 229 1
2204665891.0287094 329 229 1
2204665891.166378 329 225 1
2204665891.1835866 362 207 1
2204665891.3556724 350 155 1
2204665891.372881 318 276 0
2204665891.458924 345 215 1
2204665891.734261 347 173 0
2204665891.8719296 361 178 1
2204665891.889138 354 162 0
2204665891.906347 353 258 0
2204665891.940764 356 242 1
2204665892.59469 384 201 1
2204665892.6118984 354 215 1
2204665892.629107 345 228 0
2204665892.749567 319 154 0
2204665892.990487 364 242 1
2204665893.0593214 351 176 1
2204665893.4207015 351 163 0
2204665893.4551187 332 215 1
2204665893.5067444 369 217 1
2204665893.6272044 356 243 1
2204665893.6616216 331 189 0
2204665893.730456 346 229 0
2204665893.8337073 372 179 0
2204665893.885333 337 228 0
2204665894.005793 374 193 1
2204665894.177879 368 197 1
2204665894.3155475 340 208 0
2204665894.367173 329 226 1
2204665894.5908847 349 154 1
2204665894.659719 314 262 1
2204665894.7629704 348 271 1
2204665894.900639 346 157 1
2204665894.986682 347 171 0
2204665895.021099 364 211 0
2204665895.0383077 347 175 1
2204665895.2103934 349 171 1
2204665895.3308535 369 192 1
2204665895.4513135 344 285 0
2204665895.5373564 325 287 0
2204665895.675025 350 280 0
2204665895.7266507 360 225 1
2204665895.8987365 342 282 0
2204665895.915945 335 227 1
2204665896.1740737 364 214 0
2204665896.3461595 345 232 1
2204665896.8796253 357 180 1
2204665898.0216866 330 189 0
2204665898.0542164 325 217 0
2204665898.1734924 343 286 0
2204665898.2168655 344 268 1
2204665898.3361416 337 150 0
2204665898.542164 352 276 1
2204665898.5746937 368 191 1
2204665898.618067 354 169 0
2204665898.6939697 340 200 0
2204665898.7264996 328 222 0
2204665898.7590294 378 234 1
2204665898.824089 356 170 1
2204665898.943365 317 239 1
2204665899.1602306 356 260 1
2204665899.2795067 349 244 1
2204665899.3554096 329 198 0
2204665899.409626 360 217 1
2204665899.4313126 346 243 1
2204665899.485529 353 280 0
2204665899.5397453 367 180 0
2204665899.9409466 328 221 0
2204665900.190342 358 179 1
2204665900.2879314 330 197 0
2204665900.2987747 346 268 1
2204665900.6023865 380 185 0
2204665900.6457596 356 268 1
2204665900.6782894 358 231 1
2204665900.7541924 331 229 1
2204665900.862625 333 215 1
2204665900.9927444 357 252 1
2204665901.014431 330 191 0
2204665901.3071995 348 213 0
2204665901.372259 329 205 0
2204665901.3939457 342 217 1
2204665901.4156322 363 220 0
2204665902.337311 356 175 0
2204665902.651766 332 186 0
2204665902.7493553 340 240 0
2204665902.8686314 351 165 0
2204665903.4216385 365 179 0
2204665903.4650116 350 267 1
2204665903.5842876 364 202 0
2204665904.2023544 330 228 1
2204665904.4409065 354 178 1
2204665904.5493393 367 220 0
2204665904.581869 344 236 1
2204665904.7228317 334 228 1
2204665904.9180107 353 169 0
2204665904.9939137 369 223 1
2204665905.0264435 359 275 1
2204665905.4927044 353 215 1
2204665905.557764 351 222 1
2204665905.948122 320 217 1
2204665905.991495 353 213 0
2204665906.1216145 358 234 1
2204665906.3167934 360 187 1
2204665906.566189 342 202 0
2204665906.577032 337 225 1
2204665906.609562 352 176 1
2204665906.6420918 336 216 0
2204665906.7396812 357 271 1
2204665906.891487 349 211 1
2204665908.1867676 358 180 1
2204665908.3268433 364 218 0
2204665908.455246 341 283 1
2204665908.5603027 346 170 0
2204665908.6420135 335 175 1
2204665908.7353973 331 227 1
2204665909.260681 331 202 0
2204665909.5174866 321 224 1
2204665909.5991974 339 237 0
2204665909.739273 360 231 1
2204665909.9143677 364 178 0
2204665909.9377136 349 162 0
2204665910.264557 360 210 1
2204665910.4279785 331 277 0
2204665910.5330353 365 216 0
2204665910.70813 332 285 1
2204665910.9882812 357 236 1
2204665911.2100677 362 225 1
2204665911.2567596 372 179 1
2204665911.478546 333 230 1
2204665911.513565 347 155 1
2204665911.618622 341 236 0
2204665911.6769867 351 260 1
2204665912.00383 338 214 0
2204665912.015503 376 231 0
2204665912.2372894 358 271 0
2204665912.2956543 367 224 1
2204665912.447403 353 167 1
2204665912.914322 345 172 0
2204665912.925995 372 221 1
2204665912.9960327 369 208 1
2204665913.0894165 355 168 0
2204665913.1828003 360 288 0
2204665913.252838 334 230 1
2204665913.276184 340 285 0
2204665913.4862976 338 242 0
2204665913.6263733 357 224 0
2204665913.754776 370 210 1
2204665913.824814 338 212 1
2204665913.9765625 358 236 1
2204665913.9999084 362 220 0
2204665914.0466003 364 215 0
2204665914.139984 345 162 0
2204665914.210022 348 157 1
2204665914.245041 360 223 1
2204665914.4084625 382 240 0
2204665914.536865 343 211 0
2204665914.735306 332 181 0
2204665914.7936707 359 215 1
2204665914.8286896 346 163 0
2204665914.8987274 354 280 0
2204665914.9337463 341 268 1
2204665915.003784 362 209 1
2204665915.132187 356 209 1
2204665915.3889923 327 220 0
2204665915.424011 353 157 1
2204665915.564087 334 205 1
2204665915.6574707 343 237 0
2204665915.6924896 365 180 0
2204665915.89093 349 157 1
2204665915.995987 369 221 1
2204665916.1477356 381 186 0
2204665916.2061005 348 162 0
2204665916.2527924 370 223 1
2204665916.5913086 314 268 0
2204665916.6263275 361 208 1
2204665916.6730194 352 253 0
2204665916.766403 348 282 0
2204665916.813095 351 291 0
2204665916.836441 377 223 0
2204665916.87146 347 167 1
2204665918.084243 350 292 0
2204665918.210607 349 176 1
2204665918.238688 353 156 1
2204665918.4071736 349 262 1
2204665918.4352546 347 179 1
2204665918.89859 328 280 0
2204665918.9407115 358 213 1
2204665918.9968734 363 189 1
2204665919.3338447 352 261 1
2204665919.4180875 338 177 0
2204665919.7831397 350 222 1
2204665919.937585 366 220 0
2204665919.9797063 321 286 0
2204665920.035868 338 227 0
2204665920.1903133 365 187 1
2204665920.3728395 367 205 0
2204665920.6115274 346 279 1
2204665920.625568 352 193 0
2204665920.6396084 322 226 0
2204665920.6676893 339 238 1
2204665920.68173 368 222 1
2204665920.7098107 349 281 0
2204665920.7659726 349 163 0
2204665920.7940536 376 202 1
2204665920.99062 348 156 1
2204665921.201227 353 269 1
2204665921.3275914 359 213 1
2204665921.439915 357 272 1
2204665921.467996 372 165 1
2204665921.524158 379 188 1
2204665921.552239 370 209 1
2204665921.5662794 351 169 0
2204665921.636482 346 158 1
2204665921.917291 336 206 1
2204665922.155979 328 270 0
2204665922.212141 341 206 0
2204665922.394667 336 178 0
2204665922.5491123 366 196 0
2204665922.745679 362 222 0
2204665922.801841 360 176 0
2204665922.9703264 354 279 0
2204665923.012448 346 241 0
2204665923.223055 356 278 0
2204665923.293257 315 239 0
2204665923.3072977 334 211 1
2204665923.321338 366 180 0
2204665923.461743 363 211 1
2204665923.5459857 322 277 0
2204665923.7846737 340 264 0
2204665923.8689165 382 228 1
2204665923.939119 366 201 0
2204665924.0795236 340 283 0
2204665924.1356854 333 275 1
2204665924.2199283 334 254 0
2204665924.248009 344 256 0
2204665924.416495 378 217 1
2204665924.655183 335 176 0
2204665924.8517494 359 274 1
2204665924.992154 357 276 1
2204665925.0342755 376 218 0
2204665925.3010445 329 200 0
2204665925.46953 355 278 0
2204665925.652056 384 203 0
2204665925.708218 368 187 1
2204665925.736299 346 160 1
2204665925.7784204 352 169 0
2204665925.974987 368 194 1
2204665926.0171084 367 203 0
2204665926.0732703 370 218 0
2204665926.1434727 359 227 1
2204665926.213675 340 287 0
2204665926.36812 350 170 0
2204665926.424282 348 163 0
2204665926.5506463 339 177 0
2204665926.564687 329 201 0
2204665926.606808 344 215 1
2204665926.6208487 357 265 1
2204665926.691051 354 194 0
2204665926.719132 347 285 0
2204665926.7612534 368 219 0
2204665926.8876176 356 263 0
2204665926.985901 342 282 1
2204665928.0 349 229 0
2204665928.079086 344 177 0
2204665928.2372575 328 227 1
2204665928.284709 353 159 0
2204665928.4112463 357 242 1
2204665928.490332 356 267 1
2204665928.94903 376 209 0
2204665928.9806643 379 155 0
2204665929.0281157 332 228 1
2204665929.0913844 353 162 0
2204665929.1072016 345 169 0
2204665929.138836 369 216 1
2204665929.265373 355 160 1
2204665929.2970076 334 179 0
2204665929.360276 349 228 0
2204665929.518448 348 244 1
2204665929.613351 362 228 1
2204665929.818974 353 160 0
2204665929.89806 366 192 0
2204665929.9455113 318 278 0
2204665930.024597 325 217 1
2204665930.1195 348 271 0
2204665930.2302203 366 178 0
2204665930.467478 352 179 1
2204665930.6098323 350 238 1
2204665930.878724 334 209 1
2204665930.9103584 381 232 1
2204665930.9261756 362 208 1
2204665930.9419928 367 219 0
2204665930.973627 383 185 1
2204665930.9894443 381 179 1
2204665931.0052614 355 271 1
2204665931.052713 370 221 1
2204665931.1317987 347 195 0
2204665931.1792502 356 256 1
2204665931.274153 344 285 1
2204665931.4797764 314 268 1
2204665931.6695824 358 176 0
2204665931.717034 350 262 1
2204665931.811937 351 278 1
2204665932.01756 329 203 0
2204665932.492075 362 231 1
2204665932.5553436 326 207 0
2204665932.6344295 336 214 0
2204665932.760967 332 229 1
2204665932.776784 372 210 1
2204665933.0931273 360 209 1
2204665933.1405787 337 178 0
2204665933.2038474 357 270 0
2204665933.251299 344 159 1
2204665933.3145676 359 225 1
2204665933.5043736 321 265 1
2204665933.567642 350 161 0
2204665933.630911 346 228 0
2204665933.7890825 334 254 1
2204665934.0737915 342 291 0
2204665934.105426 329 237 0
2204665934.121243 361 210 1
2204665934.216146 382 228 0
2204665934.2477803 385 217 0
2204665934.2635975 341 240 0
2204665934.516672 360 227 1
2204665934.6273923 334 228 1
2204665934.6590266 363 183 1
2204665934.769747 351 157 1
2204665934.801381 335 202 1
2204665934.959553 356 250 0
2204665935.070273 369 222 1
2204665935.2126274 329 279 0
2204665935.2284446 384 210 0
2204665935.370799 367 166 0
2204665935.7029595 362 223 0
2204665935.734594 334 208 1
2204665935.750411 368 217 1
2204665936.14584 364 192 0
2204665936.2881947 359 176 0
2204665936.335646 343 233 0
2204665936.4621835 350 207 0
2204665936.5570865 339 275 0
2204665936.683624 355 163 0
2204665936.968333 360 177 0
2204665938.054021 355 262 0
2204665938.0864334 365 174 0
2204665938.2593 383 186 1
2204665938.442971 384 225 1
2204665938.486188 355 249 0
2204665938.496992 352 249 1
2204665938.6374464 348 175 1
2204665938.7022715 354 246 1
2204665938.810313 330 266 0
2204665939.2640886 355 177 1
2204665939.642235 357 275 1
2204665939.6854515 331 183 0
2204665939.7610807 357 237 1
2204665939.8151016 338 202 1
2204665939.8799267 363 190 1
2204665939.901535 356 240 1
2204665939.955556 351 267 1
2204665940.150031 353 251 0
2204665940.582198 370 191 1
2204665940.927932 358 274 1
2204665941.241253 338 194 1
2204665941.435728 363 219 0
2204665941.5221615 346 154 0
2204665941.7058325 330 194 0
2204665941.93272 350 224 1
2204665942.0191536 329 228 1
2204665942.5593624 362 203 1
2204665942.667404 347 158 1
2204665942.775446 356 162 0
2204665942.8834877 357 278 0
2204665942.969921 354 267 1
2204665943.088767 323 286 1
2204665943.2400255 366 189 0
2204665943.2940464 333 180 0
2204665943.456109 361 175 0
2204665943.5317383 332 184 0
2204665943.7910385 354 270 1
2204665943.888276 335 276 0
2204665943.942297 328 200 0
2204665944.017926 347 225 1
2204665944.1583805 356 268 1
2204665944.2124014 350 169 0
2204665944.244814 366 219 0
2204665944.2664223 349 156 1
2204665944.3420515 358 273 1
2204665944.385268 335 178 0
2204665944.3960724 348 171 0
2204665944.49331 347 288 0
2204665944.558135 343 226 0
2204665944.568939 351 244 0
2204665944.5905476 346 156 1
2204665944.6013517 337 177 0
2204665944.6337643 378 217 0
2204665944.7850227 365 225 1
2204665944.849848 334 222 0
2204665944.9038687 351 221 1
2204665944.990302 351 280 0
2204665945.0659313 328 204 0
2204665945.119952 349 164 0
2204665945.1307564 358 270 0
2204665945.1523647 329 206 0
2204665945.173973 368 218 0
2204665945.1847773 346 167 1
2204665945.411665 345 282 0
2204665945.7573986 356 247 0
2204665945.9194613 354 179 1
2204665945.973482 360 210 1
2204665945.9950905 330 229 1
2204665946.0707197 356 278 0
2204665946.1139364 350 282 0
2204665946.319216 324 249 0
2204665946.394845 350 214 0
2204665946.4812784 337 178 1
2204665946.6649494 365 178 0
2204665946.751383 354 278 0
2204665946.935054 365 179 0
2204665948.0697684 335 203 1
2204665948.2372127 374 172 0
2204665948.8651285 365 215 0
2204665948.9209433 356 246 0
2204665949.018619 350 162 0
2204665949.116295 359 224 1
2204665949.1302485 368 224 1
2204665949.144202 383 188 0
2204665949.297693 345 212 1
2204665949.423276 361 227 1
2204665949.772118 351 275 1
2204665949.9395623 357 211 0
2204665950.176775 349 264 0
2204665950.260497 354 218 0
2204665950.316312 339 199 0
2204665950.7767835 346 235 0
2204665950.804691 356 166 0
2204665950.8605056 374 243 0
2204665950.888413 368 223 1
2204665950.9581814 344 225 1
2204665951.237255 346 233 1
2204665951.3488846 361 209 1
2204665951.376792 357 243 1
2204665951.4326067 349 169 0
2204665951.781449 340 187 1
2204665951.8930783 365 226 1
2204665951.907032 360 180 1
2204665952.046569 346 231 0
2204665952.1442447 365 195 0
2204665952.5070405 347 229 0
2204665952.6326237 360 272 0
2204665952.9535584 357 257 1
2204665953.1768174 363 178 0
2204665953.288447 353 157 1
2204665953.3582153 355 273 1
2204665953.4279838 333 221 0
2204665953.4419374 342 178 0
2204665953.455891 344 163 0
2204665953.595428 379 155 1
2204665953.8745017 328 206 0
2204665954.083807 359 276 1
2204665954.1117144 351 167 1
2204665954.3349733 357 259 0
2204665954.572186 349 226 0
2204665955.0326576 349 277 1
2204665955.2140555 330 228 1
2204665955.2977777 385 179 0
2204665955.3954535 365 217 0
2204665955.409407 369 193 1
2204665955.507083 358 275 1
2204665955.730342 332 229 1
2204665955.8001103 371 220 1
2204665955.897786 320 288 0
2204665955.953601 355 244 1
2204665956.0512767 360 207 0
2204665956.1070914 355 172 1
2204665956.17686 349 162 0
2204665956.204767 345 163 0
2204665956.525702 363 199 0
2204665956.567563 334 219 0
2204665956.5815167 340 177 0
2204665956.7071 364 178 0
2204665956.7629147 359 229 1
2204665956.930359 356 173 0
2204665958.0 336 224 1
2204665958.1771045 357 264 1
2204665958.3703094 359 288 0
2204665958.515213 367 185 1
2204665958.595715 351 275 0
2204665958.676217 348 271 1
2204665959.1753297 320 213 0
2204665959.416836 328 218 0
2204665959.5617394 369 220 1
2204665959.7710447 356 272 1
2204665960.2379565 358 197 0
2204665960.254057 370 215 1
2204665960.5116634 353 179 1
2204665960.576065 366 218 0
2204665960.656567 329 233 0
2204665961.010776 333 263 0
2204665961.364985 364 224 1
2204665961.3810854 366 193 0
2204665961.4293866 331 229 1
2204665961.6547923 358 265 1
2204665961.686993 332 207 1
2204665961.799696 369 178 0
2204665961.9768004 352 278 0
2204665962.314909 357 272 1
2204665962.508114 366 224 1
2204665962.5242143 349 283 0
2204665962.588616 356 232 0
2204665962.6208167 352 263 1
2204665962.830122 363 225 1
2204665962.8945236 350 267 1
2204665962.910624 360 214 1
2204665963.0877285 364 212 0
2204665963.103829 367 223 1
2204665963.1199293 337 210 0
2204665963.2004313 351 199 0
2204665963.345335 331 286 0
2204665963.4741383 330 193 0
2204665963.53854 327 215 0
2204665963.5707407 379 203 0
2204665963.7639456 368 196 1
2204665963.973251 358 271 0
2204665964.0376525 352 156 1
2204665964.053753 362 192 1
2204665964.102054 317 276 0
2204665964.1664557 357 273 1
2204665964.2308574 321 285 0
2204665964.246958 333 230 1
2204665964.295259 331 230 1
2204665964.6333675 333 229 1
2204665964.9070745 364 190 1
2204665964.9553757 327 282 1
2204665964.9875765 373 213 1
2204665965.0197773 328 226 1
2204665965.084179 357 235 1
2204665965.1163797 342 180 0
2204665965.164681 318 163 0
2204665965.3739862 366 240 0
2204665965.438388 359 272 0
2204665965.7764964 336 226 1
2204665966.0180025 332 230 1
2204665966.0502033 336 219 1
2204665966.114605 356 243 1
2204665966.146806 353 210 1
2204665966.195107 335 228 1
2204665966.2595086 342 212 1
2204665966.4849143 329 217 0
2204665966.6459184 359 214 1
2204665966.6942196 329 202 0
2204665966.71032 337 201 0
2204665966.742521 347 240 0
2204665966.984027 359 275 1
2204665968.1551743 353 264 1
2204665968.1833878 351 171 0
2204665968.282135 346 286 0
2204665968.2962418 342 198 0
2204665968.3103485 342 237 0
2204665968.338562 344 234 0
2204665968.6630173 360 218 1
2204665968.7194443 344 212 1
2204665968.8322983 352 159 0
2204665968.846405 350 279 1
2204665968.9310455 374 291 1
2204665969.029793 356 273 1
2204665969.0438995 358 276 1
2204665969.1003265 358 266 1
2204665969.1144333 355 246 1
2204665969.3401413 330 201 0
2204665969.481209 351 239 0
2204665969.5094223 360 213 1
2204665969.523529 361 177 0
2204665969.579956 347 163 0
2204665969.636383 367 182 1
2204665969.862091 364 173 0
2204665969.9044113 359 231 1
2204665969.974945 362 194 1
2204665970.0736923 368 203 1
2204665970.200653 361 197 1
2204665970.327614 327 221 0
2204665970.5815353 362 193 1
2204665970.8072433 338 266 0
2204665970.835457 364 216 0
2204665970.9765244 356 171 1
2204665971.442047 354 167 1
2204665972.0345306 315 155 0
2204665972.133278 348 283 0
2204665972.288452 356 170 1
2204665972.3307724 362 207 1
2204665972.358986 352 170 0
2204665972.415413 352 194 0
2204665972.6552277 384 223 0
2204665972.683441 363 177 0
2204665972.909149 358 273 1
2204665972.923256 329 190 0
2204665972.9514694 333 210 1
2204665972.965576 322 267 1
2204665973.191284 329 201 0
2204665973.205391 382 242 0
2204665973.247711 367 183 1
2204665973.473419 335 286 0
2204665973.6427 345 239 1
2204665973.868408 358 181 1
2204665973.9107285 343 224 1
2204665973.9671555 354 157 1
2204665974.4749985 358 274 1
2204665974.559639 361 228 1
2204665974.5737457 352 271 1
2204665974.77124 348 157 1
2204665975.067482 322 226 1
2204665975.1521225 334 206 1
2204665975.29319 368 192 1
2204665975.3072968 330 279 0
2204665975.4201508 340 238 1
2204665975.8292465 354 289 0
2204665975.8997803 369 222 1
2204665975.927994 330 270 1
2204665975.9562073 358 252 1
2204665975.984421 353 175 1
2204665976.0126343 369 195 1
2204665976.139595 381 179 0
2204665976.492264 327 225 1
2204665976.8449326 359 219 1
2204665976.9718933 349 167 1
2204665978.2996306 339 233 0
2204665978.565969 342 278 1
2204665978.743528 350 163 0
2204665978.954379 364 189 1
2204665979.032061 346 162 0
2204665979.675712 347 290 0
2204665980.3304605 363 270 0
2204665980.474727 356 263 0
2204665980.574604 364 218 0
2204665980.630091 361 210 1
2204665980.674481 333 220 0
2204665980.752163 346 219 0
2204665980.963014 339 275 1
2204665981.0517936 346 163 0
2204665981.1516705 349 283 1
2204665981.1849627 355 214 1
2204665981.2071576 354 261 0
2204665981.3070345 379 202 0
2204665981.340327 334 276 1
2204665981.3625216 355 265 1
2204665981.4069114 334 228 1
2204665981.451301 344 160 1
2204665981.473496 375 264 0
2204665981.528983 321 285 1
2204665981.6177626 353 272 1
2204665981.762029 354 178 1
2204665981.884101 353 273 1
2204665982.0505624 333 178 0
2204665982.3058033 359 218 1
2204665982.40568 371 205 1
2204665982.505557 351 241 1
2204665982.638726 359 271 0
2204665982.6942134 355 207 0
2204665982.7275057 379 223 0
2204665982.7940903 366 215 0
2204665982.816285 344 220 0
2204665982.9272594 353 280 0
2204665983.2601824 365 224 1
2204665983.2934747 359 223 1
2204665983.792859 356 240 1
2204665983.815054 358 201 1
2204665983.914931 328 228 1
2204665984.0148077 357 268 1
2204665984.103587 358 235 1
2204665984.1590743 355 271 1
2204665984.1701717 354 248 0
2204665984.181269 332 229 1
2204665984.203464 345 174 1
2204665984.2145615 345 289 1
2204665984.43651 342 176 0
2204665984.669556 331 187 0
2204665984.946992 377 223 1
2204665984.9913816 353 240 0
2204665985.002479 327 215 1
2204665985.279915 364 217 0
2204665985.357597 354 272 1
2204665985.546253 367 194 1
2204665985.568448 355 274 1
2204665985.612838 380 185 1
2204665985.64613 347 169 0
2204665985.6572275 369 223 1
2204665985.7571044 377 150 0
2204665985.8569813 345 159 1
2204665985.9679556 347 195 1
2204665986.134417 364 225 1
2204665986.4562426 350 279 0
2204665986.5894117 343 242 1
2204665986.7669706 348 158 1
2204665986.8113604 369 191 1
2204665986.9223347 352 281 0
2204665986.955627 355 171 1
2204665986.9667244 335 230 1
2204665988.0697684 327 220 1
2204665988.097676 340 229 0
2204665988.1116295 356 257 1
2204665988.223259 362 205 1
2204665988.4186106 353 222 1
2204665988.7255917 347 156 1
2204665988.837221 354 206 1
2204665988.9488506 349 170 0
2204665988.9907117 347 200 0
2204665989.116295 342 246 0
2204665989.1721096 367 224 1
2204665989.339554 318 223 0
2204665989.4372296 361 198 1
2204665989.59072 355 275 1
2204665989.7442107 357 276 1
2204665989.786072 380 162 0
2204665989.8000255 356 268 1
2204665990.0232844 358 232 1
2204665990.079099 368 197 1
2204665990.302358 340 206 0
2204665990.623293 348 162 0
2204665990.7209687 352 224 1
2204665991.0419035 332 228 1
2204665991.251209 352 163 0
2204665991.279116 353 228 1
2204665991.4744678 336 287 0
2204665991.7116804 349 155 1
2204665991.7535415 365 225 1
2204665991.767495 329 233 1
2204665991.8512173 360 210 1
2204665991.8930783 333 230 1
2204665992.0605226 382 242 1
2204665992.214013 325 217 0
2204665992.297735 351 156 1
2204665992.61867 344 287 0
2204665992.800068 372 179 0
2204665992.8140216 379 203 1
2204665992.9954195 351 278 0
2204665993.009373 353 244 0
2204665993.023327 361 209 1
2204665993.065188 332 198 0
2204665993.0791416 346 179 0
2204665993.1768174 340 235 0
2204665993.232632 341 212 1
2204665993.288447 346 286 1
2204665993.372169 351 282 0
2204665993.41403 357 273 1
2204665993.553567 372 204 1
2204665993.5814743 355 268 1
2204665993.6093817 381 206 0
2204665993.693104 346 161 0
2204665993.7070575 355 278 0
2204665993.721011 354 289 1
2204665993.860548 352 167 1
2204665993.8745017 367 213 0
2204665993.902409 369 210 1
2204665994.251251 355 178 1
2204665994.2791586 351 283 0
2204665994.3210196 355 272 1
2204665994.5024176 350 260 1
2204665994.5442786 331 190 0
2204665994.572186 353 271 1
2204665994.669862 314 216 0
2204665994.7814913 359 227 1
2204665994.962889 349 235 0
2204665995.018704 337 150 1
2204665995.1163797 330 199 0
2204665995.144287 372 199 0
2204665995.1721945 352 161 0
2204665995.2559166 356 273 1
2204665995.283824 334 220 0
2204665995.325685 352 162 0
2204665995.4373145 332 285 0
2204665995.451268 345 219 0
2204665995.4931293 352 242 1
2204665995.5349903 352 157 1
2204665995.8001103 356 278 0
2204665995.8280177 351 279 1
2204665996.4140725 347 218 1
2204665996.4559336 346 157 1
2204665996.483841 368 225 1
2204665996.693146 349 174 1
2204665996.846637 356 261 1
2204665996.9582663 357 238 1
2204665998.063381 384 210 1
2204665998.1267624 346 158 1
2204665998.205989 365 218 0
2204665998.316906 359 210 1
2204665998.380287 329 227 1
2204665998.3961325 369 200 1
2204665998.633812 332 230 1
2204665998.681348 343 248 0
2204665998.744729 341 235 0
2204665998.792265 349 160 1
2204665999.061635 346 222 1
2204665999.172552 369 209 1
2204665999.2042427 374 234 0
2204665999.283469 333 214 1
2204665999.2993145 348 156 1
2204665999.331005 334 180 0
2204665999.4102316 328 225 1
2204665999.5053034 376 214 0
2204665999.5211487 353 170 0
2204665999.6637564 316 194 0
2204665999.806364 344 235 0
2204665999.8539 368 195 1
2204665999.8697453 356 274 1
2204665999.9331264 332 185 0
2204666000.1074247 354 169 0
2204666000.440176 330 202 0
2204666000.503557 351 170 0
2204666000.6144743 362 206 1
2204666000.709546 329 237 1
2204666000.7253914 350 279 1
2204666000.7412367 350 167 1
2204666000.8838444 342 243 0
2204666000.8996897 368 223 1
2204666000.9313803 337 214 0
2204666001.1532145 355 205 1
2204666001.295822 323 266 0
2204666001.5810375 357 227 0
2204666001.6285734 328 224 1
2204666001.6919546 332 182 0
2204666001.8028717 352 180 1
2204666001.818717 319 141 0
2204666001.882098 366 225 1
2204666001.97717 345 160 1
2204666002.1039324 353 277 1
2204666002.183159 345 234 0
2204666002.294076 368 194 1
2204666002.357457 350 281 0
2204666002.5317554 344 242 1
2204666002.5792913 369 217 1
2204666002.880352 363 220 0
2204666002.9595785 335 179 0
2204666003.0229597 335 222 0
2204666003.102186 366 179 0
2204666003.3874016 368 189 1
2204666003.403247 345 282 1
2204666003.514164 328 199 0
2204666003.577545 351 154 1
2204666003.625081 351 281 0
2204666003.6884623 347 157 1
2204666003.7043076 354 271 1
2204666004.10044 374 243 1
2204666004.163821 351 214 0
2204666004.575799 354 210 1
2204666004.686716 369 213 1
2204666004.7025614 357 244 1
2204666004.7500973 348 164 0
2204666004.797633 354 249 0
2204666004.956086 352 193 1
2204666005.3046827 336 287 1
2204666005.320528 352 168 0
2204666005.3997545 338 285 0
2204666005.431445 367 179 0
2204666005.4631357 355 176 1
2204666005.6532793 352 272 1
2204666005.68497 350 156 1
2204666006.271246 331 225 1
2204666006.4613895 356 243 1
2204666006.477235 349 156 1
2204666006.8892126 375 174 1
2204666006.968439 350 170 0
2204666008.0 358 215 0
2204666008.015652 342 284 0
2204666008.0469565 346 168 0
2204666008.187826 331 181 0
2204666008.250435 357 273 1
2204666008.3756523 321 277 0
2204666008.3913045 362 195 1
2204666008.532174 378 217 1
2204666008.5478263 348 170 0
2204666008.6730437 380 162 1
2204666008.7356524 349 180 1
2204666008.782609 334 207 1
2204666008.876522 322 264 1
2204666008.8921742 328 200 1
2204666009.064348 354 179 1
2204666009.142609 345 216 1
2204666009.1739135 362 178 0
2204666009.236522 348 168 1
2204666009.471305 345 235 0
2204666009.7686963 355 273 1
2204666009.8626094 371 208 1
2204666009.987827 334 270 1
2204666010.0347834 333 211 1
2204666010.0504355 374 234 1
2204666010.191305 363 221 0
2204666010.2069573 369 214 1
2204666010.253914 353 162 0
2204666010.4886966 362 210 1
2204666010.629566 357 274 1
2204666010.707827 336 199 1
2204666010.864349 330 229 1
2204666010.880001 385 187 0
2204666010.958262 330 196 0
2204666011.052175 317 277 0
2204666011.1773925 336 203 0
2204666011.1930447 369 212 1
2204666011.224349 341 180 0
2204666011.318262 370 222 1
2204666011.568697 359 215 1
2204666011.6000013 350 157 1
2204666011.6313057 357 256 1
2204666011.678262 358 271 0
2204666011.756523 369 204 1
2204666012.194784 330 227 1
2204666012.257393 357 272 1
2204666012.273045 360 224 1
2204666012.3982625 343 267 1
2204666012.429567 367 212 0
2204666012.52348 359 205 1
2204666012.711306 369 211 1
2204666013.055654 343 279 1
2204666013.2591324 359 288 1
2204666013.3373933 340 264 1
2204666013.415654 380 170 0
2204666013.572176 363 225 1
2204666013.650437 345 241 0
2204666013.666089 327 201 0
2204666013.853915 358 275 1
2204666014.010437 329 199 0
2204666014.10435 369 206 1
2204666014.198263 352 270 1
2204666014.4017415 353 157 1
2204666014.433046 337 266 1
2204666014.448698 350 257 0
2204666014.60522 359 226 1
2204666014.8243504 348 169 0
2204666014.8400025 332 219 0
2204666015.121742 336 196 1
2204666015.231307 347 162 0
2204666015.419133 344 245 0
2204666015.481742 351 157 1
2204666015.497394 345 219 1
2204666015.6226115 332 180 0
2204666015.7165246 329 279 1
2204666016.702612 337 193 0
2204666018.022444 351 275 1
2204666018.0448875 332 223 1
2204666018.112219 371 208 0
2204666018.2244377 359 175 0
2204666018.2581034 352 193 0
2204666018.291769 362 224 0
2204666018.3366566 352 248 0
2204666018.4488754 351 163 0
2204666018.4600973 364 240 0
2204666018.493763 379 242 0
2204666018.5386505 375 174 0
2204666018.572316 338 232 1
2204666018.7294226 351 268 1
2204666018.763088 362 226 1
2204666018.77431 342 285 0
2204666018.796754 348 229 0
2204666018.875307 358 278 0
2204666018.897751 358 274 1
2204666019.099745 333 276 1
2204666019.1109667 350 239 0
2204666019.1446323 319 276 1
2204666019.268073 357 271 0
2204666019.391514 333 221 0
2204666019.4476233 359 228 1
2204666019.559842 368 140 0
2204666019.582286 365 219 0
2204666019.7955017 363 178 0
2204666019.874055 328 223 0
2204666020.0311613 358 273 1
2204666020.177046 335 199 1
2204666020.2219334 346 239 1
2204666020.367818 353 169 0
2204666020.435149 354 168 1
2204666020.670809 334 181 0
2204666020.8166933 369 207 1
2204666021.1084623 342 242 1
2204666021.243125 352 264 0
2204666021.2880125 347 228 0
2204666021.3104563 376 282 0
2204666021.5685596 354 162 0
2204666021.635891 329 228 1
2204666021.8939943 372 182 0
2204666021.9613256 336 225 1
2204666022.1633196 333 213 1
2204666022.4550886 355 168 0
2204666022.724414 366 180 0
2204666023.2630644 350 261 0
2204666023.4650583 349 198 0
2204666023.487502 368 219 0
2204666023.498724 329 195 0
2204666023.5211678 333 183 0
2204666023.7680492 344 239 1
2204666024.183259 353 249 0
2204666024.194481 363 224 1
2204666024.2169247 341 180 1
2204666024.3066998 364 179 0
2204666024.475028 336 285 0
2204666024.576025 356 272 1
2204666024.654578 332 285 1
2204666024.8116846 361 230 1
2204666024.9126816 351 164 0
2204666025.1932287 351 264 0
2204666025.574773 360 210 1
2204666025.664548 327 196 0
2204666025.743101 341 287 0
2204666025.844098 369 222 1
2204666025.8889856 318 223 1
2204666025.945095 357 275 1
2204666025.9787607 337 178 0
2204666025.9899826 359 221 0
2204666026.124645 362 197 1
2204666026.3154173 356 273 1
2204666026.427636 329 204 0
2204666026.45008 356 238 1
2204666026.539855 368 224 1
2204666026.551077 335 192 0
2204666026.6632957 340 181 0
2204666026.8877335 360 211 1
2204666028.393688 362 211 1
2204666028.7326975 318 189 0
2204666028.8201838 353 281 0
2204666028.9295416 347 164 0
2204666029.0279636 346 169 0
2204666029.071707 358 233 1
2204666029.1482573 334 228 1
2204666029.454459 366 240 1
2204666029.4982023 372 179 1
2204666029.5310097 367 226 1
2204666029.7825327 350 268 1
2204666029.826276 356 278 0
2204666030.1324778 357 216 0
2204666030.5480375 346 171 0
2204666030.6464596 373 213 0
2204666030.9635973 345 283 0
2204666031.236992 348 216 1
2204666031.8165884 347 159 0
2204666031.827524 353 216 1
2204666031.893139 373 244 0
2204666032.0024967 357 168 1
2204666032.035304 346 236 0
2204666032.0681114 358 204 0
2204666032.1118546 327 276 1
2204666032.1227903 384 201 0
2204666032.188405 357 273 1
2204666032.2102766 351 270 1
2204666032.3633776 385 199 0
2204666032.3743134 382 221 0
2204666032.450864 351 216 1
2204666032.603965 357 169 1
2204666032.757066 365 179 0
2204666032.855488 351 161 0
2204666033.3804054 369 202 1
2204666033.5225706 356 263 0
2204666033.7850294 337 145 0
2204666033.850644 369 221 1
2204666033.916259 336 242 1
2204666034.2880754 354 161 0
2204666034.309947 336 216 0
2204666035.1520023 349 251 0
2204666035.26136 334 229 1
2204666035.2941675 385 217 1
2204666035.326975 372 174 0
2204666035.3488464 343 205 0
2204666035.3925896 320 210 0
2204666035.425397 353 270 1
2204666035.4582043 328 227 1
2204666035.5019474 353 251 1
2204666035.512883 334 221 0
2204666035.6003695 348 210 1
2204666035.8081493 355 263 0
2204666035.830021 346 229 0
2204666035.873764 338 231 1
2204666035.983122 337 192 0
2204666036.026865 367 219 0
2204666036.070608 344 231 1
2204666036.125287 328 277 0
2204666036.3658743 321 277 1
2204666036.431489 343 180 0
2204666036.475232 329 190 1
2204666036.529911 349 290 0
2204666036.6173973 362 208 1
2204666036.6502047 346 158 1
2204666036.7486267 366 226 1
2204666036.836113 349 286 0
2204666036.8579845 363 176 0
2204666036.945471 317 267 0
2204666036.978278 333 182 0
2204666038.4339094 372 204 0
2204666038.6578627 360 201 1
2204666038.741845 355 268 1
2204666038.895813 332 183 0
2204666039.049781 355 271 1
2204666039.1617575 344 224 1
2204666039.2037487 353 158 1
2204666039.455696 383 185 0
2204666039.4836903 362 175 0
2204666039.7496347 356 250 0
2204666039.9175997 331 189 0
2204666040.0295763 369 224 1
2204666040.15555 357 261 0
2204666040.519474 353 163 0
2204666040.5614653 338 178 0
2204666040.7714214 345 163 0
2204666041.191334 319 238 0
2204666041.205331 343 212 1
2204666041.2893133 350 163 0
2204666041.3313046 356 273 1
2204666041.373296 333 230 1
2204666041.415287 383 251 0
2204666041.5132666 353 248 0
2204666041.611246 337 226 1
2204666041.625243 353 239 1
2204666041.6812315 359 214 1
2204666041.793208 357 237 1
2204666041.9051847 354 163 0
2204666041.961173 332 184 0
2204666042.157132 364 196 0
2204666042.1851263 350 286 0
2204666042.2271175 334 286 0
2204666042.339094 354 212 1
2204666042.3670883 379 223 1
2204666042.5490503 358 274 1
2204666042.64703 354 193 0
2204666042.7450094 355 277 1
2204666042.870983 356 239 1
2204666042.88498 336 185 1
2204666042.8989773 357 266 1
2204666042.9409685 331 228 1
2204666042.9689627 338 242 1
2204666043.010954 357 271 0
2204666043.5008516 329 199 1
2204666043.6128283 350 207 1
2204666043.724805 359 235 1
2204666043.962755 331 201 0
2204666044.074732 351 162 0
2204666044.1867085 358 236 1
2204666044.312682 361 210 1
2204666044.438656 348 171 0
2204666044.452653 355 274 1
2204666044.5786266 350 211 1
2204666044.606621 352 282 0
2204666044.6906033 335 204 1
2204666044.80258 356 240 1
2204666044.830574 336 179 0
2204666045.026533 348 163 0
2204666045.1105156 385 214 0
2204666045.320472 351 159 0
2204666045.404454 379 202 1
2204666045.4324484 382 221 1
2204666045.4884367 326 278 0
2204666045.502434 326 277 0
2204666045.8243666 349 163 0
2204666045.9503403 338 226 0
2204666046.0203257 338 213 1
2204666046.076314 342 239 1
2204666046.1602964 342 284 1
2204666046.1882906 368 178 0
2204666046.272273 356 272 1
2204666046.454235 365 202 0
2204666046.468232 372 210 0
2204666046.5382175 344 241 0
2204666046.608203 377 188 0
2204666046.9161386 350 265 0
2204666048.0648403 331 229 1
2204666048.1556168 351 179 1
2204666048.440914 346 290 0
2204666048.4927864 317 157 0
2204666048.622467 376 224 0
2204666048.661371 330 195 0
2204666048.778084 332 203 0
2204666048.791052 358 272 0
2204666048.829956 378 192 0
2204666048.855892 357 278 0
2204666048.8947964 349 157 1
2204666049.011509 371 207 1
2204666049.037445 330 276 1
2204666049.050413 334 231 1
2204666049.3357105 347 290 1
2204666049.465391 361 211 1
2204666049.7636566 381 179 1
2204666049.9452095 334 212 1
2204666049.9711456 357 175 0
2204666050.048954 318 268 0
2204666050.061922 363 191 1
2204666050.1786346 358 276 1
2204666050.230507 349 197 0
2204666050.269411 360 215 1
2204666050.827038 350 162 0
2204666050.87891 344 247 0
2204666050.9826546 359 219 1
2204666051.099367 351 271 1
2204666051.112335 339 286 0
2204666051.1512394 356 273 1
2204666051.254984 350 284 0
2204666051.5662174 369 205 1
2204666051.903387 357 274 1
2204666052.1886845 367 201 0
2204666052.2275887 353 246 1
2204666052.305397 369 223 1
2204666052.3702374 370 217 1
2204666052.4350777 333 226 1
2204666052.5906944 360 273 0
2204666052.6036625 333 212 1
2204666052.6425667 356 274 1
2204666052.681471 362 204 1
2204666052.746311 379 231 0
2204666052.8241196 346 217 1
2204666052.88896 366 202 0
2204666052.927864 331 141 0
2204666053.0445766 356 212 0
2204666053.148321 317 279 0
2204666053.1742573 328 229 1
2204666053.6670437 343 291 0
2204666053.8226604 347 225 1
2204666053.8615646 350 263 1
2204666053.887501 356 268 1
2204666053.939373 361 209 1
2204666053.9912453 349 170 0
2204666054.315447 332 229 1
2204666054.341383 364 218 0
2204666054.535904 365 204 0
2204666054.574808 362 207 1
2204666054.6526165 385 187 1
2204666054.6915207 384 178 0
2204666054.730425 367 210 0
2204666054.924946 381 166 0
2204666054.989786 342 232 0
2204666055.1064987 352 160 0
2204666055.158371 346 167 1
2204666055.2491474 357 273 1
2204666055.36586 367 224 1
2204666055.547413 364 223 1
2204666055.7030296 331 275 0
2204666055.7159977 324 287 0
2204666055.8327103 366 194 0
2204666056.027231 360 177 0
2204666056.1309757 356 243 1
2204666056.2736244 336 217 0
2204666056.2995605 380 188 0
2204666056.818283 357 265 1
2204666056.9220276 350 237 0
2204666056.960932 341 240 1
2204666058.01 357 208 1
2204666058.1100025 354 273 1
2204666058.130003 333 178 1
2204666058.2300053 371 204 1
2204666058.260006 379 242 1
2204666058.270006 358 271 0
2204666058.43001 382 229 0
2204666058.490011 333 231 1
2204666058.520012 359 177 0
2204666058.570013 367 225 1
2204666058.660015 348 227 0
2204666058.9900227 355 273 1
2204666059.190027 341 241 0
2204666059.2500286 342 284 0
2204666059.5900364 352 216 1
2204666059.620037 357 239 1
2204666059.670038 347 216 1
2204666060.1100483 358 274 1
2204666060.230051 352 281 0
2204666060.320053 368 190 1
2204666060.3300533 333 228 1
2204666060.5200577 352 157 1
2204666060.5600586 335 202 1
2204666060.7400627 371 211 1
2204666060.750063 352 268 1
2204666060.760063 350 218 1
2204666061.1700726 330 229 1
2204666061.5500813 332 231 1
2204666061.760086 349 162 0
2204666061.9600906 355 175 0
2204666062.010092 352 222 1
2204666062.280098 331 226 1
2204666062.420101 380 173 0
2204666062.4401016 368 224 1
2204666062.8701115 335 208 1
2204666063.0901165 368 193 1
2204666063.2101192 357 270 0
2204666063.24012 364 222 1
2204666063.280121 384 189 1
2204666063.290121 357 268 1
2204666063.3001213 385 199 1
2204666063.370123 350 243 0
2204666063.5801277 372 206 0
2204666063.630129 380 166 0
2204666063.69013 354 272 1
2204666063.9201355 327 221 1
2204666064.0101376 366 240 0
2204666064.0901394 367 207 0
2204666064.1301403 334 208 1
2204666064.1801414 361 208 1
2204666064.240143 357 263 0
2204666064.3901463 325 278 0
2204666064.4001465 330 225 1
2204666064.420147 362 209 1
2204666064.4901485 380 185 1
2204666064.600151 360 192 0
2204666064.7501545 345 164 0
2204666065.00016 322 278 0
2204666065.0101604 358 177 0
2204666065.1901646 341 284 0
2204666065.260166 349 288 0
2204666065.3601685 345 229 0
2204666065.6601753 351 218 1
2204666065.6701756 382 189 0
2204666065.830179 370 190 1
2204666065.8501797 377 188 1
2204666065.8901806 341 264 0
2204666066.0501842 349 278 1
2204666066.1901875 355 279 0
2204666066.2001877 330 200 0
2204666066.7201996 362 223 0
2204666066.8102016 353 228 0
2204666066.8402023 367 202 0
2204666066.9302044 330 230 1
2204666066.950205 358 275 1
2204666068.0960007 356 273 1
2204666068.132001 383 251 1
2204666068.144001 351 167 1
2204666068.264002 354 207 1
2204666068.288002 355 249 0
2204666068.6720047 353 283 0
2204666068.7560053 351 225 0
2204666069.2240086 365 184 1
2204666069.3680096 339 292 0
2204666069.41601 362 178 0
2204666069.6320114 317 279 1
2204666069.7880125 367 209 0
2204666069.8240128 341 283 0
2204666069.872013 354 265 1
2204666070.028014 349 268 1
2204666070.0520144 363 219 0
2204666070.148015 362 203 1
2204666070.3520164 356 275 1
2204666070.436017 350 268 1
2204666070.460017 351 282 0
2204666070.6640186 346 240 1
2204666070.988021 379 155 0
2204666071.036021 368 194 1
2204666071.0960217 331 276 1
2204666071.1080217 360 223 1
2204666071.168022 342 287 0
2204666071.3240232 354 246 1
2204666071.588025 321 265 0
2204666071.7800264 379 171 0
2204666071.972028 363 178 0
2204666072.0440283 350 278 1
2204666072.2480297 357 274 1
2204666072.3560305 354 271 1
2204666072.572032 348 260 0
2204666072.6680326 329 212 0
2204666072.7640333 341 237 0
2204666073.016035 346 226 1
2204666073.0880356 347 212 1
2204666073.136036 352 156 1
2204666073.2440367 345 288 0
2204666073.304037 368 223 1
2204666073.3400373 369 222 1
2204666073.436038 369 217 1
2204666073.544039 358 235 1
2204666073.7960405 351 157 1
2204666073.844041 359 221 1
2204666073.976042 357 273 1
2204666074.000042 334 230 1
2204666074.144043 373 219 1
2204666074.324044 321 212 0
2204666074.3720446 349 158 1
2204666074.6840467 354 160 0
2204666074.7560472 355 272 1
2204666075.008049 367 177 0
2204666075.17605 350 158 1
2204666075.2120504 339 281 0
2204666075.3320513 345 214 0
2204666075.416052 355 274 1
2204666075.464052 321 268 0
2204666075.596053 352 243 1
2204666075.8120546 353 272 1
2204666075.836055 359 230 1
2204666075.9680557 333 216 1
2204666076.0760565 352 211 1
2204666076.2200575 329 202 0
2204666076.292058 330 291 0
2204666076.5200596 351 261 1
2204666076.59206 352 160 1
2204666076.832062 364 178 0
2204666076.9400625 345 158 1
2204666078.061329 351 163 0
2204666078.214651 328 274 0
2204666078.2299833 372 179 0
2204666078.628621 317 289 0
2204666078.751279 349 290 1
2204666079.0885878 359 229 1
2204666079.1959133 380 192 1
2204666079.3492355 331 188 0
2204666079.8245344 330 199 0
2204666080.3918266 356 279 0
2204666080.637142 344 294 1
2204666080.6524744 344 210 0
2204666080.698471 364 219 0
2204666080.8057966 356 274 1
2204666080.89779 354 281 0
2204666080.9897833 354 274 1
2204666081.2657633 356 272 1
2204666081.31176 380 166 1
2204666081.44975 339 180 0
2204666081.526411 329 194 0
2204666081.603072 353 259 0
2204666081.6337366 379 242 0
2204666081.72573 352 164 0
2204666082.00171 366 224 1
2204666082.0477066 380 185 0
2204666082.155032 364 175 0
2204666082.3083544 369 208 1
2204666082.4003477 330 198 0
2204666082.431012 363 192 1
2204666082.4616766 352 170 0
2204666082.6456633 328 222 0
2204666082.69166 367 196 0
2204666082.706992 334 209 1
2204666082.752989 348 157 1
2204666082.8603144 344 177 1
2204666082.890979 340 212 1
2204666082.982972 340 287 1
2204666083.10563 361 194 1
2204666083.1362944 356 269 1
2204666083.258952 346 193 1
2204666083.458271 356 273 1
2204666083.5655966 329 205 0
2204666083.596261 317 252 0
2204666083.9795666 353 268 1
2204666084.163553 348 155 1
2204666084.20955 356 171 1
2204666084.34754 345 169 0
2204666084.362872 346 163 0
2204666084.424201 347 157 1
2204666084.577523 354 279 0
2204666084.684849 354 273 1
2204666084.7921743 342 241 0
2204666084.853503 355 271 1
2204666085.0681543 358 275 1
2204666085.3441343 353 157 1
2204666085.666111 372 210 1
2204666085.788769 342 285 1
2204666085.9114265 368 191 1
2204666086.018752 349 182 0
2204666086.095413 345 159 1
2204666086.3253965 356 166 0
2204666086.432722 334 207 1
2204666086.708702 334 210 1
2204666086.83136 357 238 1
2204666086.9540176 356 210 1
2204666086.96935 333 224 1
2204666088.0 333 221 0
2204666088.012431 333 225 1
2204666088.174036 335 220 0
2204666088.3853655 368 195 1
2204666088.609126 347 159 1
2204666088.621557 369 190 1
2204666088.7334375 361 210 1
2204666088.8950424 332 230 1
2204666088.9199047 357 264 0
2204666088.9820604 357 275 1
2204666089.044216 327 196 1
2204666089.118803 357 274 1
2204666089.19339 362 202 1
2204666089.2431145 354 269 0
2204666089.3425636 355 273 1
2204666089.392288 366 190 0
2204666089.5165997 332 186 0
2204666089.6533422 330 291 1
2204666089.715498 354 195 0
2204666089.8273783 355 173 1
2204666089.8646717 369 197 1
2204666090.0138454 350 281 0
2204666090.2748995 323 265 1
2204666090.585678 358 274 1
2204666090.759714 333 230 1
2204666090.7721453 353 179 1
2204666090.7845764 331 227 1
2204666090.93375 338 205 0
2204666090.9586124 359 233 1
2204666091.008337 371 221 1
2204666091.0704927 349 283 0
2204666091.1450796 330 229 1
2204666091.182373 354 278 1
2204666091.25696 365 177 0
2204666091.4682894 362 194 1
2204666091.6423254 323 203 0
2204666091.7542057 336 242 0
2204666091.8412237 366 205 0
2204666091.866086 358 272 0
2204666091.878517 380 192 0
2204666091.8909483 370 216 1
2204666091.953104 340 241 0
2204666091.9903975 360 210 1
2204666092.0649843 337 145 1
2204666092.1644335 331 230 1
2204666092.189296 339 216 0
2204666092.3384695 368 180 0
2204666092.375763 342 287 1
2204666092.475212 352 180 1
2204666092.711404 353 265 1
2204666092.723835 363 204 0
2204666092.7611284 334 205 1
2204666092.8730087 372 179 1
2204666092.972458 317 157 1
2204666092.984889 321 212 1
2204666093.1962185 355 172 1
2204666093.258374 368 197 1
2204666093.5442905 353 282 0
2204666093.6934643 357 273 1
2204666093.7804823 367 216 0
2204666093.855069 362 208 1
2204666093.9918118 356 170 1
2204666094.116123 345 240 1
2204666094.1534166 360 232 1
2204666094.19071 328 277 1
2204666094.203141 351 268 1
2204666094.364746 329 229 1
2204666094.526351 369 203 1
2204666094.5512133 350 271 1
2204666094.5760756 382 199 0
2204666094.6382313 314 249 0
2204666094.687956 351 272 1
2204666094.9365788 360 225 1
2204666094.973872 345 163 0
2204666094.9987345 369 194 1
2204666095.1603394 368 219 0
2204666095.197633 347 163 0
2204666095.3841 352 263 1
2204666095.4089622 356 275 1
2204666095.471118 356 273 1
2204666095.8440523 317 242 0
2204666095.893777 356 276 1
2204666095.9435015 350 267 1
2204666096.1051064 332 229 1
2204666096.154831 369 196 1
2204666096.229418 355 275 1
2204666096.4531784 329 228 1
2204666096.6272144 381 204 1
2204666096.7266636 351 257 0
2204666098.021531 322 264 0
2204666098.505981 354 280 0
2204666098.764354 353 275 1
2204666099.0011964 357 271 0
2204666099.205742 350 248 0
2204666099.4318185 369 216 1
2204666099.5071774 382 189 1
2204666099.6040673 347 230 0
2204666099.6255984 354 171 1
2204666099.7870817 345 288 1
2204666100.0562205 360 222 1
2204666100.0777516 349 263 1
2204666100.1961727 356 274 1
2204666100.3038282 357 212 0
2204666100.3899527 355 177 1
2204666100.5837326 346 225 1
2204666100.712919 380 173 1
2204666100.809809 331 186 0
2204666100.8959336 367 183 1
2204666100.982058 365 180 0
2204666101.0143547 358 275 1
2204666101.4557424 345 231 0
2204666101.5203357 352 167 1
2204666101.875599 330 185 0
2204666102.037082 380 214 0
2204666102.0478477 339 214 1
2204666102.2523932 355 250 0
2204666102.263159 359 273 0
2204666102.306221 358 207 1
2204666102.3385177 336 198 1
2204666102.424642 363 189 1
2204666102.4677043 354 262 0
2204666102.47847 358 234 1
2204666102.5538287 347 158 1
2204666102.7476087 333 220 0
2204666103.049044 332 280 0
2204666103.178231 363 220 0
2204666103.2320585 337 225 1
2204666103.242824 364 187 1
2204666103.361245 353 161 0
2204666103.3827763 379 190 1
2204666103.511963 349 245 1
2204666103.6196184 357 269 1
2204666103.6626806 356 241 1
2204666103.770336 365 216 0
2204666103.921054 350 249 0
2204666104.1471305 363 222 0
2204666104.276317 355 274 1
2204666104.351676 380 170 1
2204666104.448566 357 274 1
2204666104.6315804 367 177 1
2204666104.7500014 356 237 0
2204666104.9653125 341 234 0
2204666104.976078 360 214 1
2204666105.029906 367 204 0
2204666105.169858 353 274 1
2204666105.2344513 322 264 1
2204666105.535887 316 279 0
2204666105.8050256 358 276 1
2204666105.8265567 383 251 0
2204666105.8588533 368 196 1
2204666106.224882 335 176 1
2204666106.5047865 357 272 0
2204666106.612442 354 272 1
2204666106.9677052 350 268 1
2204666106.978471 355 272 1
2204666108.322354 366 184 1
2204666108.348142 357 275 1
2204666108.3610363 374 170 0
2204666108.438401 348 212 1
2204666108.502872 342 177 0
2204666108.606025 367 181 0
2204666108.8768024 336 178 0
2204666109.2894154 330 191 0
2204666109.4828277 351 285 0
2204666109.52151 331 203 0
2204666109.5730867 333 215 1
2204666109.6375575 339 230 0
2204666109.6504517 356 167 0
2204666109.67624 349 171 0
2204666109.9728055 350 164 0
2204666110.192006 354 236 0
2204666110.2049003 361 202 0
2204666110.2306886 368 185 1
2204666110.269371 355 286 0
2204666110.282265 354 274 1
2204666110.5401483 368 224 1
2204666110.5788307 354 249 0
2204666110.591725 338 149 0
2204666110.6433015 372 206 1
2204666110.759349 314 278 0
2204666110.8109255 335 205 1
2204666110.9140787 354 263 0
2204666111.030126 338 200 0
2204666111.288009 361 214 1
2204666111.3266916 367 224 1
2204666111.3911624 357 279 0
2204666111.6490455 371 202 1
2204666111.700622 337 224 1
2204666111.8166695 345 159 1
2204666111.842458 350 245 1
2204666111.9713993 366 196 1
2204666112.0616584 355 162 0
2204666112.1390233 352 272 1
2204666112.216388 351 269 1
2204666112.2421765 357 254 1
2204666112.267965 360 228 1
2204666112.3324356 359 232 1
2204666112.3969064 334 222 0
2204666112.435589 352 162 0
2204666112.525848 354 163 0
2204666112.5903187 353 180 1
2204666112.770837 346 230 0
2204666112.9255667 328 201 0
2204666112.9900374 356 274 1
2204666113.1447673 343 234 0
2204666113.1576614 368 217 1
2204666113.4284387 365 225 1
2204666113.454227 366 219 0
2204666113.4800153 366 180 0
2204666113.789475 358 277 1
2204666113.8152633 366 225 1
2204666113.9313107 356 269 1
2204666114.047358 356 273 1
2204666114.214982 353 273 1
2204666114.2536645 353 175 1
2204666114.279453 355 273 1
2204666114.292347 372 196 1
2204666114.4212885 367 214 0
2204666114.6018066 314 216 1
2204666114.8210073 370 213 1
2204666115.1046786 329 215 0
2204666115.130467 317 242 1
2204666115.1562552 343 290 0
2204666115.1691494 337 291 1
2204666115.1949377 359 272 0
2204666115.23362 341 246 0
2204666115.3496675 358 175 0
2204666115.3625617 369 223 1
2204666115.401244 343 283 0
2204666115.4270325 345 227 0
2204666115.5043974 376 224 1
2204666115.568868 323 238 0
2204666115.710704 345 233 1
2204666115.826751 314 277 0
2204666115.955693 351 169 0
2204666115.994375 366 216 0
2204666116.0330577 368 188 1
2204666116.161999 358 176 0
2204666116.2006817 356 218 0
2204666116.22647 360 226 1
2204666116.2522583 328 186 0
2204666116.3554115 352 275 1
2204666116.4585648 361 210 1
2204666116.497247 334 206 1
2204666116.5101414 337 203 0
2204666116.548824 352 271 1
2204666116.6777654 363 195 1
2204666116.716448 359 181 1
2204666116.7680244 354 268 1
2204666116.90986 332 185 0
2204666116.9227543 371 234 0
2204666116.9614367 344 169 0
2204666118.265875 347 171 0
2204666118.3988123 348 290 0
2204666118.4785748 363 175 0
2204666118.518456 358 273 0
2204666118.824212 333 231 1
2204666118.9571495 364 225 1
2204666118.9704432 346 205 0
2204666118.9970307 358 232 1
2204666119.076793 364 179 0
2204666119.090087 365 211 0
2204666119.2097306 371 200 1
2204666119.236318 336 199 1
2204666119.302787 361 209 1
2204666119.5154867 341 284 1
2204666119.608543 349 163 0
2204666119.648424 355 239 0
2204666119.9010053 331 275 1
2204666120.073824 361 230 0
2204666120.2067614 371 210 1
2204666120.2599363 370 223 1
2204666120.3662863 357 274 1
2204666120.48593 333 203 0
2204666120.632161 376 214 1
2204666120.858155 322 280 0
2204666120.8847423 353 241 0
2204666121.004386 359 227 1
2204666121.0708547 357 272 0
2204666121.1373234 343 250 0
2204666121.217086 346 223 1
2204666121.456373 353 211 1
2204666121.8551855 356 274 1
2204666121.8950667 341 234 1
2204666121.9083605 356 262 1
2204666122.028004 336 242 1
2204666122.200823 341 231 0
2204666122.2672915 356 240 1
2204666122.5198727 337 202 0
2204666122.5863414 374 234 0
2204666122.719279 359 215 1
2204666122.812335 327 276 0
2204666122.9452724 348 162 0
2204666122.97186 350 262 0
2204666123.171266 359 225 1
2204666123.5700784 330 197 0
2204666123.6764283 334 229 1
2204666123.742897 336 200 1
2204666123.9688907 352 273 1
2204666124.0220656 354 276 1
2204666124.101828 345 287 0
2204666124.1815906 342 249 0
2204666124.3411155 357 275 1
2204666124.367703 381 222 0
2204666124.407584 369 189 1
2204666124.5405216 328 270 1
2204666124.6468716 349 156 1
2204666124.7133403 352 277 1
2204666124.7665153 356 273 1
2204666124.81969 356 257 1
2204666124.886159 340 210 0
2204666124.9127464 358 238 1
2204666125.13874 350 250 0
2204666125.1653275 328 227 1
2204666125.444496 352 249 0
2204666125.617315 348 286 0
2204666125.6837835 349 284 0
2204666125.6970773 357 176 0
2204666125.7502522 371 224 1
2204666125.7901335 358 275 1
2204666125.8433084 352 281 0
2204666125.869896 322 246 0
2204666125.8964834 327 181 0
2204666125.909777 363 209 1
2204666125.9895396 368 179 0
2204666126.0028334 360 219 1
2204666126.1091833 335 200 1
2204666126.1490645 353 271 1
2204666126.228827 370 204 1
2204666126.5079956 334 223 0
2204666126.800458 341 245 0
2204666126.8270454 352 169 0
2204666128.1162105 337 200 0
2204666128.606877 347 204 0
2204666128.7230873 349 282 0
2204666128.839298 362 186 1
2204666129.045894 356 279 0
2204666129.0717187 368 245 1
2204666129.2008414 330 192 0
2204666129.407438 352 177 1
2204666129.743157 347 167 1
2204666129.8077183 365 215 0
2204666130.130525 354 179 1
2204666130.1950865 368 194 1
2204666130.324209 356 207 0
2204666130.3500338 370 222 1
2204666130.466244 372 204 1
2204666130.4791565 318 287 0
2204666130.543718 357 250 0
2204666130.5695424 353 169 0
2204666130.6599283 346 288 0
2204666130.737402 328 214 0
2204666130.8148756 382 199 1
2204666130.9439983 363 225 1
2204666130.969823 356 230 0
2204666131.12477 330 203 0
2204666131.253893 346 174 1
2204666131.4346647 331 230 1
2204666131.550875 349 223 1
2204666131.5766997 370 220 1
2204666131.834945 350 200 0
2204666131.873682 344 249 0
2204666131.9511557 348 158 1
2204666131.97698 357 274 1
2204666132.0415416 315 267 0
2204666132.0802784 367 220 0
2204666132.1319275 345 162 0
2204666132.14484 339 197 0
2204666132.1706643 355 279 0
2204666132.4676466 369 222 1
2204666132.532208 352 262 1
2204666132.583857 370 221 1
2204666132.5967693 341 281 1
2204666132.777541 347 242 1
2204666132.919576 348 226 0
2204666133.061611 367 225 1
2204666133.1132603 352 264 1
2204666133.139085 356 275 1
2204666133.2682076 314 291 0
2204666133.28112 348 225 1
2204666133.4618917 326 287 0
2204666133.56519 362 207 1
2204666133.616839 352 274 1
2204666133.862172 352 259 0
2204666134.0300317 350 157 1
2204666134.2495403 352 163 0
2204666134.275365 359 208 0
2204666134.378663 346 158 1
2204666134.5336103 350 242 0
2204666134.662733 328 186 1
2204666134.791856 372 196 0
2204666134.856417 331 281 0
2204666134.8693295 352 279 0
2204666134.933891 355 274 1
2204666134.946803 363 226 1
2204666135.0501013 368 186 1
2204666135.075926 329 207 0
2204666135.3083467 357 276 1
2204666135.3858204 353 272 1
2204666135.4503818 337 211 0
2204666136.031434 361 205 0
2204666136.1089077 355 178 1
2204666136.212206 336 211 0
2204666136.3800654 362 195 1
2204666136.4188023 356 243 1
2204666136.509188 376 214 0
2204666136.547925 341 264 1
2204666136.586662 360 211 1
2204666136.599574 360 228 0
2204666136.651223 363 190 1
2204666136.6770477 346 162 0
2204666136.68996 317 252 1
2204666136.741609 353 251 1
2204666136.8190827 343 230 0
2204666136.9094687 328 196 0
2204666138.072582 348 163 0
2204666138.0933194 344 177 0
2204666138.1970077 353 273 1
2204666138.3214335 336 215 0
2204666138.342171 352 280 0
2204666138.35254 352 286 0
2204666138.4354906 358 277 1
2204666138.476966 347 229 0
2204666138.4977036 328 224 0
2204666138.591023 355 247 1
2204666138.6117606 343 292 0
2204666138.6221294 339 277 1
2204666138.6739736 367 211 0
2204666138.7361865 332 230 1
2204666138.9124565 322 246 1
2204666138.9746695 329 211 0
2204666139.0265136 333 229 0
2204666139.182046 353 276 1
2204666139.1924148 357 275 1
2204666139.223521 328 208 0
2204666139.2753654 369 215 1
2204666139.3272095 329 188 0
2204666139.5656924 351 253 0
2204666139.6279054 358 276 1
2204666139.721225 329 203 0
2204666139.814544 327 181 1
2204666139.887126 316 287 1
2204666139.93897 350 146 0
2204666140.011552 346 164 0
2204666140.063396 332 187 0
2204666140.073765 354 275 1
2204666140.1048713 366 209 0
2204666140.29151 356 274 1
2204666140.343354 335 217 0
2204666140.405567 355 269 1
2204666140.478149 356 275 1
2204666140.4988866 355 275 1
2204666140.768476 354 274 1
2204666140.8514266 355 264 0
2204666141.1002784 328 279 0
2204666141.3180237 356 246 1
2204666141.6913013 364 191 1
2204666142.178636 339 178 0
2204666142.240849 356 205 1
2204666142.303062 355 272 1
2204666142.5104384 354 250 0
2204666142.665971 383 163 0
2204666142.717815 331 294 0
2204666142.8629785 351 284 0
2204666143.008142 345 289 0
2204666143.0288796 381 204 0
2204666143.11183 351 283 0
2204666143.1636744 333 182 0
2204666143.3192067 367 206 0
2204666143.3917885 352 276 1
2204666143.4540014 335 204 1
2204666143.599165 344 165 0
2204666143.8169103 361 178 0
2204666143.962074 355 250 0
2204666144.1072373 322 280 1
2204666144.2109256 327 278 0
2204666144.293876 344 244 0
2204666144.718998 332 286 0
2204666144.729367 318 288 0
2204666144.7397356 367 215 0
2204666144.822686 364 193 0
2204666144.9367433 338 235 1
2204666145.009325 330 228 1
2204666145.061169 348 295 0
2204666145.1130133 353 286 0
2204666145.1648574 330 200 0
2204666145.2892833 356 278 0
2204666145.3203897 335 216 0
2204666145.434447 350 285 0
2204666145.5173974 347 162 0
2204666145.5588727 362 206 1
2204666145.5796103 351 279 0
2204666145.589979 347 256 0
2204666145.7973557 340 177 0
2204666146.0876827 320 219 0
2204666146.129158 346 204 0
2204666146.668337 357 237 1
2204666146.7512875 369 207 0
2204666146.834238 358 202 1
2204666146.886082 344 283 0
2204666148.2073765 341 177 0
2204666148.3214335 352 283 0
2204666148.3318024 344 175 0
2204666148.7880306 345 236 0
2204666148.9228253 354 273 1
2204666148.9746695 318 287 1
2204666149.0368824 367 185 1
2204666149.4931107 350 171 0
2204666149.6279054 362 209 1
2204666150.001183 338 149 1
2204666150.1359777 331 190 0
2204666150.1567154 368 224 1
2204666150.187822 356 275 1
2204666150.301879 356 273 1
2204666150.3848295 329 229 1
2204666150.405567 365 179 0
2204666150.5507307 338 242 0
2204666150.592206 355 273 1
2204666150.6336813 328 226 1
2204666150.8099513 351 252 0
2204666150.882533 371 291 0
2204666151.006959 328 218 0
2204666151.0380654 360 224 1
2204666151.121016 353 269 0
2204666151.307655 352 246 1
2204666151.3387613 368 219 0
2204666151.369868 351 258 0
2204666151.3906054 330 187 0
2204666151.421712 349 261 0
2204666152.002366 331 277 1
2204666152.0956855 317 288 0
2204666152.2201114 367 219 0
2204666152.240849 345 242 0
2204666152.5622826 338 192 0
2204666152.58302 350 200 1
2204666152.603758 353 157 1
2204666152.6244955 356 274 1
2204666152.645233 333 265 0
2204666152.821503 335 180 0
2204666152.842241 358 237 1
2204666152.93556 357 275 1
2204666153.059986 341 212 1
2204666153.1429367 382 212 0
2204666153.1636744 352 278 1
2204666153.4436326 332 224 1
2204666153.4643703 350 283 0
2204666153.485108 352 252 0
2204666153.536952 317 252 0
2204666153.837648 320 255 0
2204666154.0968685 357 274 1
2204666154.190188 317 295 0
2204666154.366458 344 235 0
2204666154.376827 354 285 0
2204666154.542728 366 179 0
2204666154.594572 333 183 0
2204666154.656785 323 238 1
2204666154.7501044 355 274 1
2204666154.8123174 333 184 0
2204666154.884899 354 275 1
2204666154.9678497 350 170 0
2204666155.195964 359 219 1
2204666155.3929715 357 166 0
2204666155.4448156 354 242 0
2204666155.4966598 329 206 0
2204666155.5173974 349 164 0
2204666155.548504 332 229 1
2204666155.67293 329 161 0
2204666155.7351427 353 275 1
2204666155.766249 357 239 1
2204666155.786987 359 226 1
2204666155.8077245 319 277 0
2204666155.838831 320 187 0
2204666156.253584 355 163 0
2204666156.5750175 369 210 1
2204666156.595755 358 236 1
2204666156.720181 346 233 1
2204666156.834238 351 224 1
2204666156.844607 360 210 1
2204666156.8549757 361 210 1
2204666156.8653445 356 165 0
2204666158.012987 350 277 0
2204666158.207794 343 294 0
2204666158.558447 357 273 0
2204666158.7013054 357 276 1
2204666158.7922153 314 241 0
2204666158.961048 336 219 1
2204666159.3896236 369 225 1
2204666159.441572 354 170 0
2204666159.4675465 356 275 1
2204666159.506508 340 242 0
2204666159.6753407 355 179 1
2204666159.714302 354 274 1
2204666159.7792377 333 182 1
2204666159.9220963 361 212 1
2204666159.9350834 373 230 0
2204666160.1298904 353 250 0
2204666160.194826 362 198 1
2204666160.58444 352 275 1
2204666160.5974274 360 227 1
2204666160.8182087 362 208 1
2204666160.831196 353 163 0
2204666160.935093 336 271 1
2204666161.0649643 356 244 1
2204666161.1818485 358 273 0
2204666161.3506813 351 242 1
2204666161.4545784 345 215 0
2204666161.6753597 344 190 1
2204666162.0519867 359 228 1
2204666162.2078323 333 222 0
2204666162.2467937 356 175 0
2204666162.3247166 355 275 1
2204666162.3377037 333 265 1
2204666162.7922535 359 231 1
2204666163.051996 356 276 1
2204666163.2468033 333 231 1
2204666163.2857647 368 225 1
2204666163.5584946 352 176 1
2204666163.610443 357 275 1
2204666163.701353 357 238 1
2204666163.7533016 343 240 1
2204666163.80525 336 242 0
2204666163.9091473 351 281 0
2204666164.0390186 371 291 1
2204666164.1169415 365 214 0
2204666164.2598 379 238 0
2204666164.662401 383 210 0
2204666164.831234 335 196 1
2204666164.935131 351 162 0
2204666165.1688995 347 283 0
2204666165.3507195 351 157 1
2204666165.779295 364 218 0
2204666165.9221535 351 163 0
2204666166.052025 317 196 0
2204666166.065012 320 210 1
2204666166.181896 369 218 1
2204666166.246832 367 208 0
2204666166.428652 369 223 1
2204666166.441639 333 213 1
2204666166.4806004 336 219 0
2204666166.6104717 330 226 1
2204666166.6624203 364 217 0
2204666166.6883945 348 164 0
2204666166.75333 363 220 0
2204666166.7793045 356 171 1
2204666168.220141 328 228 1
2204666168.310787 353 260 0
2204666168.388484 331 191 0
2204666168.414383 357 272 0
2204666168.505029 367 178 0
2204666168.530928 343 241 0
2204666168.660423 357 240 1
2204666168.802867 358 276 1
2204666169.2301993 334 175 0
2204666169.2560983 370 212 1
2204666169.2690477 368 223 1
2204666169.281997 354 273 1
2204666169.3726435 356 264 0
2204666169.411492 339 229 0
2204666169.5668855 363 180 1
2204666169.890622 338 234 1
2204666170.058965 356 274 1
2204666170.084864 346 169 0
2204666170.1237125 317 288 1
2204666170.136662 317 295 1
