740196938.6756754 331 207 0
740196940.1351347 345 188 0
740196940.8648643 331 235 0
740196941.1081076 338 212 1
740196941.3513508 338 163 1
740196941.594594 332 234 0
740196942.0810804 343 192 1
740196942.3243237 333 234 0
740196944.0270262 333 236 0
740196944.5135126 328 238 1
740196947.0 341 192 1
740196947.5 335 232 1
740196948.25 335 169 0
740196948.75 332 204 0
740196949.0 347 245 1
740196949.75 327 180 1
740196950.75 336 168 0
740196951.75 341 182 1
740196952.0 341 193 1
740196953.25 336 211 0
740196954.25 341 191 0
740196957.1739128 336 195 1
740196957.3695649 334 225 1
740196957.565217 337 174 0
740196957.7608691 328 197 0
740196957.9565213 340 165 0
740196958.1521734 339 226 1
740196959.3260862 332 241 0
740196961.6739117 331 202 1
740196962.065216 333 196 1
740196962.4565202 333 219 1
740196963.4347808 337 213 0
740196963.630433 339 167 0
740196964.0217372 337 191 1
740196964.2173893 338 199 1
740196964.4130415 333 224 1
740196966.0 338 192 0
740196966.5625 337 203 1
740196967.6875 338 168 0
740196967.96875 333 210 0
740196968.25 339 217 0
740196968.53125 341 245 1
740196969.375 337 220 1
740196969.65625 337 211 0
740196969.9375 338 194 1
740196970.5 334 235 0
740196971.0625 342 193 1
740196971.34375 340 163 1
740196971.90625 320 249 0
740196972.46875 334 239 0
740196973.3125 347 177 1
740196973.59375 315 244 1
740196974.15625 338 163 1
740196976.0 331 204 0
740196976.7714287 333 229 1
740196977.0285716 339 239 1
740196978.0571432 334 173 1
740196979.8571435 349 230 0
740196980.3714293 337 202 1
740196981.6571438 336 175 1
740196981.9142867 342 233 1
740196982.4285725 337 212 0
740196983.97143 330 175 1
740196984.2285728 327 195 0
740196984.7428586 329 199 0
740196986.0 335 230 1
740196987.0227275 340 207 0
740196988.2500005 335 215 1
740196989.0681825 344 175 1
740196989.681819 335 244 0
740196990.2954555 336 233 1
740196990.7045465 345 175 1
740196992.3409104 317 245 1
740196992.9545469 322 243 1
740196993.1590924 332 218 1
740196993.7727289 333 234 0
740196993.9772744 332 235 0
740196994.1818199 334 196 1
740196994.3863654 326 185 0
740196994.5909109 341 229 0
740196996.0 316 242 0
740196997.3235295 335 174 1
740196998.1176472 333 212 0
740197001.029412 340 233 1
740197001.2941179 333 237 1
740197001.5588238 334 234 0
740197002.3529415 332 175 1
740197002.8823533 335 235 0
740197003.9411769 334 174 1
740197007.2857144 336 211 1
740197009.0000002 342 174 1
740197010.5000004 335 171 0
740197010.7142861 320 237 1
740197011.3571433 337 163 1
740197012.4285719 335 169 1
740197012.6428577 340 194 1
740197012.8571434 336 201 1
740197013.5000006 333 220 1
740197016.8709676 337 216 0
740197018.0322578 347 188 0
740197018.6129029 339 163 1
740197019.774193 350 233 0
740197020.3548381 332 234 0
740197022.3870959 341 175 1
740197022.6774185 340 207 1
740197023.2580636 325 184 1
740197023.5483861 339 215 1
740197026.4285715 338 176 1
740197028.357143 339 176 1
740197029.0000002 345 214 1
740197029.4285717 338 211 0
740197030.2857146 345 188 1
740197031.1428576 339 164 0
740197031.571429 337 168 0
740197032.0000005 342 189 0
740197032.2142862 336 195 1
740197032.8571434 333 238 1
740197036.25 339 168 0
740197036.75 332 235 0
740197037.0 328 196 0
740197038.25 332 204 1
740197038.75 333 228 1
740197041.0 336 243 0
740197041.5 326 190 0
740197042.75 333 174 1
740197043.5 332 242 0
740197044.5 337 215 0
740197046.0 334 194 0
740197046.6585367 337 219 0
740197047.97561 336 173 1
740197049.0731711 337 165 0
740197049.7317078 346 185 1
740197050.3902445 342 195 0
740197051.2682934 338 165 0
740197051.7073178 334 179 0
740197052.3658545 337 225 0
740197052.804879 337 214 0
740197053.0243912 344 185 1
740197053.4634156 330 195 1
740197053.9024401 336 226 0
740197054.780489 331 175 1
740197056.0 336 240 0
740197056.5142858 328 186 0
740197056.7714287 329 191 0
740197057.2857145 337 243 0
740197057.5428574 326 182 1
740197059.3428577 353 246 0
740197059.8571435 333 194 0
740197060.1142864 345 188 0
740197060.8857151 355 234 0
740197062.4285725 334 198 0
740197062.6857154 335 167 1
740197062.9428583 331 195 1
740197063.4571441 335 234 0
740197063.97143 335 238 0
740197064.2285728 326 185 1
740197064.4857157 332 230 0
740197064.7428586 336 242 0
740197066.0 344 198 0
740197066.2432432 336 214 0
740197066.4864864 334 239 1
740197066.7297297 337 246 0
740197067.7027025 334 235 0
740197067.9459457 337 163 1
740197068.189189 341 218 0
740197070.1351347 333 193 1
740197070.6216211 339 163 1
740197072.0810804 336 194 1
740197072.3243237 332 216 1
740197073.783783 334 234 0
740197074.2702694 343 175 1
740197074.5135126 335 237 1
740197077.1290324 337 167 1
740197078.0322583 332 234 0
740197078.2580647 341 174 1
740197078.7096777 335 173 1
740197079.1612906 321 166 1
740197079.3870971 336 163 1
740197079.6129036 333 238 1
740197080.0645165 343 185 1
740197080.5161295 332 236 1
740197081.4193554 327 187 0
740197081.8709683 353 246 1
740197082.3225813 335 165 1
740197082.7741942 333 234 0
740197086.4285715 332 211 0
740197087.7142859 337 212 0
740197087.9285716 332 233 0
740197088.357143 335 169 0
740197088.5714288 336 230 0
740197089.4285717 355 234 1
740197089.6428574 333 216 1
740197090.0714289 334 237 1
740197090.2857146 347 245 0
740197090.5000004 338 163 1
740197090.9285718 339 241 0
740197091.1428576 334 198 1
740197091.571429 336 165 0
740197093.0714291 342 174 1
740197093.2857149 339 251 0
740197093.5000006 332 239 1
740197096.6136365 345 176 1
740197097.0227275 329 185 0
740197097.636364 336 162 1
740197097.8409095 327 190 0
740197098.6590915 333 235 0
740197098.863637 337 218 0
740197099.0681825 337 213 0
740197099.681819 336 193 0
740197099.8863645 329 183 0
740197100.09091 333 239 1
740197100.500001 343 190 0
740197101.318183 340 210 0
740197103.5681834 341 172 1
740197104.7954564 342 223 1
740197106.0 331 180 1
740197106.574468 336 218 0
740197106.7659574 343 247 0
740197106.9574467 317 245 0
740197107.148936 343 193 1
740197107.9148934 338 206 1
740197108.2978721 338 194 1
740197108.6808507 339 173 1
740197108.8723401 340 230 1
740197109.2553188 334 234 0
740197109.6382974 339 251 1
740197110.2127655 324 191 1
740197111.3617015 332 175 1
740197111.5531908 332 236 1
740197111.7446802 346 175 1
740197111.9361695 337 162 1
740197112.1276588 346 176 1
740197112.3191482 335 164 1
740197112.5106375 332 166 1
740197112.8936162 344 174 1
740197113.6595736 339 221 0
740197113.8510629 333 192 1
740197116.2195122 355 249 0
740197116.6585367 337 163 1
740197117.0975611 329 177 1
740197117.5365856 342 189 1
740197118.4146345 331 206 0
740197118.6341467 338 171 1
740197120.8292689 339 201 1
740197121.0487812 342 211 0
740197121.4878056 333 175 1
740197122.1463423 332 210 0
740197123.0243912 340 215 0
740197123.6829278 340 202 1
740197126.0 346 192 0
740197126.2571429 332 221 1
740197126.7714287 332 243 0
740197127.0285716 333 200 0
740197127.5428574 338 164 0
740197127.8000003 325 249 0
740197128.571429 341 167 0
740197128.8285719 339 241 1
740197129.3428577 317 220 1
740197130.1142864 339 165 0
740197130.3714293 334 233 0
740197130.6285722 337 221 0
740197131.142858 338 167 1
740197131.9142867 332 217 1
740197132.6857154 336 241 0
740197132.9428583 334 196 1
740197133.714287 340 217 0
740197134.7428586 334 214 1
740197136.0 335 238 1
740197136.45 341 229 1
740197138.2500002 334 229 1
740197138.9250003 344 195 0
740197139.3750004 337 202 0
740197140.0500004 333 233 0
740197140.2750005 348 178 1
740197140.7250005 355 249 1
740197141.1750005 337 208 1
740197142.3000007 345 191 0
740197142.5250007 317 220 0
740197143.2000008 331 234 0
740197143.4250008 323 240 0
740197146.3 340 165 0
740197146.5999999 333 234 0
740197146.8999999 330 190 0
740197147.1999998 333 200 1
740197148.6999996 347 188 1
740197150.4999993 324 191 0
740197151.6999991 335 235 0
740197153.4999988 340 176 1
740197154.0999987 344 190 0
740197154.3999987 333 210 1
740197154.6999986 334 191 1
740197156.0 347 177 1
740197157.090909 347 245 1
740197157.6363635 332 219 1
740197158.7272725 339 163 1
740197158.9999998 326 243 0
740197159.272727 335 166 0
740197159.5454543 332 193 1
740197159.8181815 333 196 1
740197160.363636 336 213 0
740197161.454545 331 198 0
740197162.545454 333 238 1
740197163.3636358 324 191 1
740197164.1818175 339 223 0
740197164.4545448 325 249 1
740197164.727272 333 211 0
740197166.2432432 342 190 0
740197167.9459457 337 226 0
740197169.1621618 342 196 0
740197169.405405 337 198 1
740197169.6486483 338 214 0
740197170.1351347 318 243 1
740197171.1081076 342 195 1
740197171.594594 335 227 1
740197172.5675669 333 205 0
740197173.2972965 333 241 1
740197173.783783 337 195 1
740197174.0270262 345 176 1
740197174.5135126 343 247 1
740197176.0 339 220 0
740197176.2093023 316 242 1
740197176.6279069 335 228 1
740197176.8372092 350 250 0
740197178.0930231 340 163 1
740197178.5116277 337 214 0
740197179.1395346 334 238 1
740197179.7674415 330 184 0
740197181.8604646 338 215 0
740197183.9534876 332 243 1
740197184.16279 329 176 1
740197184.5813946 323 247 0
740197186.4390244 335 234 0
740197187.97561 337 165 0
740197189.0731711 347 189 0
740197189.2926834 333 195 0
740197189.5121956 338 163 1
740197191.0487812 342 175 1
740197191.2682934 347 175 1
740197191.4878056 345 191 1
740197191.7073178 330 176 1
740197192.1463423 331 198 1
740197193.4634156 337 215 0
740197194.3414645 353 240 0
740197196.0 333 225 1
740197196.1836735 332 196 1
740197197.102041 332 233 0
740197197.2857145 327 187 1
740197197.469388 334 233 0
740197197.6530615 339 194 1
740197198.204082 334 175 1
740197198.938776 335 174 1
740197199.4897965 337 223 0
740197199.67347 336 173 1
740197200.2244905 336 238 1
740197201.6938785 339 221 1
740197201.877552 338 252 0
740197202.244899 331 185 0
740197202.4285725 342 251 0
740197204.6326545 336 164 1
740197206.2195122 332 220 1
740197207.3170733 333 233 0
740197208.4146345 333 234 0
740197208.8536589 343 175 1
740197209.0731711 330 198 0
740197210.6097567 335 168 0
740197210.8292689 323 247 1
740197212.1463423 334 238 1
740197212.3658545 340 183 1
740197217.5750002 339 224 0
740197217.8000002 331 180 0
740197218.0250002 337 222 0
740197218.2500002 333 239 1
740197218.4750003 341 173 1
740197218.7000003 339 251 0
740197219.1500003 338 242 0
740197219.6000004 338 168 0
740197220.0500004 336 211 0
740197220.9500005 332 232 0
740197222.9750007 332 234 0
740197223.2000008 340 192 0
740197223.4250008 344 193 1
740197224.3250009 334 234 0
740197226.18 343 186 1
740197226.3599999 333 200 1
740197226.7199998 350 250 1
740197227.4399996 338 229 0
740197227.7999995 318 243 0
740197227.9799994 335 238 1
740197229.419999 336 195 1
740197229.9599988 338 165 0
740197230.3199987 345 188 1
740197230.6799986 347 189 1
740197230.8599986 334 241 0
740197231.0399985 336 198 1
740197231.9399983 347 177 1
740197232.659998 335 241 0
740197234.0999976 338 223 0
740197234.4599975 336 241 1
740197234.6399975 334 191 0
740197234.8199974 332 175 1
740197236.0 341 218 1
740197236.2307693 340 217 1
740197236.4615386 345 176 1
740197238.0769235 342 169 1
740197238.3076928 332 176 1
740197238.7692313 334 238 1
740197239.2307699 334 195 0
740197239.4615391 345 194 0
740197239.9230777 337 216 0
740197240.8461548 338 214 1
740197242.0000012 337 163 1
740197242.4615397 341 174 1
740197242.9230783 336 169 0
740197243.1538476 339 163 1
740197243.6153861 339 252 0
740197244.7692325 336 211 1
740197246.0 339 220 1
740197246.7058825 336 238 1
740197247.0588238 339 251 1
740197247.4117651 332 233 0
740197247.5882357 342 193 1
740197247.7647064 338 163 1
740197248.1176476 334 174 1
740197248.8235302 340 238 1
740197249.1764715 355 211 0
740197249.7058834 336 165 0
740197250.0588247 332 215 1
740197250.2352953 335 238 1
740197250.7647072 326 243 1
740197251.2941191 333 237 0
740197251.4705898 342 171 0
740197251.823531 336 239 1
740197252.1764723 316 242 0
740197252.352943 338 172 1
740197252.5294136 342 174 1
740197252.7058842 340 164 1
740197253.4117668 334 233 0
740197253.764708 327 186 0
740197253.9411787 332 236 1
740197254.1176493 344 175 1
740197254.29412 346 176 1
740197254.4705906 333 222 1
740197254.6470612 353 240 1
740197254.8235319 347 245 0
740197257.25 335 165 0
740197257.75 342 196 1
740197258.0 326 193 1
740197258.75 324 225 0
740197259.0 325 185 0
740197259.75 338 234 1
740197261.5 338 195 1
740197262.25 339 214 0
740197262.75 356 178 1
740197263.25 342 167 1
740197264.75 342 230 1
740197266.2647059 323 240 1
740197266.5294118 339 223 1
740197267.5882354 337 217 0
