2420238907.6829195 359 360 1
2420238908.1219435 340 320 1
2420238908.3414555 361 307 0
2420238908.7804794 362 371 0
2420238910.1836734 364 346 0
2420238910.367347 358 345 0
2420238910.55102 358 387 0
2420238910.7346935 354 334 1
2420238911.1020403 349 330 0
2420238911.2857137 367 288 0
2420238911.469387 355 346 1
2420238911.836734 336 272 1
2420238912.020407 350 256 0
2420238912.2040806 352 277 1
2420238912.387754 342 266 0
2420238912.7551007 349 282 0
2420238912.938774 341 272 0
2420238913.1224475 356 339 1
2420238913.306121 356 345 1
2420238913.6734676 354 257 1
2420238913.857141 343 265 0
2420238914.0408144 364 357 0
2420238914.224488 354 261 1
2420238914.408161 353 259 1
2420238915.1428547 354 264 1
2420238915.5102015 352 278 1
2420238915.693875 349 253 0
2420238916.0612216 327 282 1
2420238916.244895 366 363 0
2420238916.6122417 361 286 0
2420238916.9795885 331 285 1
2420238917.163262 350 269 1
2420238917.714282 359 372 0
2420238917.8979554 363 348 0
2420238918.081629 367 287 0
2420238918.4489756 353 262 1
2420238918.8163223 366 366 0
2420238920.0 342 275 0
2420238920.5625 349 265 0
2420238920.84375 364 372 0
2420238921.125 353 263 1
2420238921.6875 364 368 0
2420238921.96875 362 360 0
2420238922.53125 364 347 0
2420238922.8125 363 372 0
2420238923.09375 357 342 1
2420238923.65625 356 343 1
2420238923.9375 361 376 0
2420238924.21875 356 304 1
2420238924.5 366 364 0
2420238925.34375 362 349 0
2420238925.625 356 348 1
2420238925.90625 365 359 0
2420238926.1875 352 276 1
2420238926.46875 365 367 0
2420238926.75 355 349 1
2420238927.03125 351 274 0
2420238927.3125 363 346 0
2420238927.59375 363 368 0
2420238928.15625 356 338 1
2420238928.4375 352 320 0
2420238928.71875 338 269 0
2420238930.230769 361 369 0
2420238930.4615383 347 259 0
2420238930.6923075 365 364 0
2420238930.9230766 357 362 0
2420238931.153846 342 318 0
2420238931.384615 352 266 1
2420238931.615384 364 338 0
2420238931.8461533 360 377 0
2420238932.3076916 368 290 0
2420238932.5384607 357 359 0
2420238932.76923 350 339 0
2420238932.999999 342 271 0
2420238933.230768 349 339 1
2420238933.4615374 353 351 0
2420238933.6923065 365 375 0
2420238933.9230757 348 335 0
2420238934.153845 364 311 0
2420238934.615383 353 264 1
2420238934.8461523 349 252 0
2420238935.0769215 343 321 0
2420238935.53846 361 360 0
2420238935.769229 366 367 0
2420238935.999998 357 314 0
2420238936.2307673 357 344 1
2420238936.4615364 335 317 0
2420238936.6923056 341 319 1
2420238936.9230747 343 319 0
2420238937.384613 351 339 0
2420238937.615382 360 368 0
2420238937.8461514 352 291 0
2420238938.0769205 354 376 0
2420238938.3076897 354 335 1
2420238938.538459 358 355 1
2420238940.1764708 335 271 0
2420238940.3529415 349 274 0
2420238940.705883 360 289 0
2420238940.882354 363 316 1
2420238941.2352953 353 261 1
2420238941.411766 343 247 1
2420238941.588237 364 280 0
2420238942.29412 343 322 0
2420238942.6470613 350 248 0
2420238942.823532 351 268 1
2420238943.000003 359 365 0
2420238943.1764736 363 382 0
2420238943.3529444 363 361 0
2420238943.529415 360 330 0
2420238943.705886 339 268 0
2420238943.8823566 339 260 0
2420238944.0588274 346 283 0
2420238944.235298 356 359 0
2420238944.411769 364 365 0
2420238944.5882397 345 279 0
2420238944.7647104 347 387 0
2420238944.941181 352 256 1
2420238945.117652 364 360 0
2420238945.2941227 365 342 0
2420238945.647064 341 269 0
2420238946.0000057 339 319 0
2420238946.1764765 352 301 1
2420238946.352947 361 350 0
2420238946.529418 344 247 1
2420238946.7058887 351 275 0
2420238946.8823595 352 265 1
2420238947.0588303 367 286 0
2420238947.235301 342 264 0
2420238947.411772 352 280 1
2420238947.5882425 352 288 0
2420238947.7647133 335 318 0
2420238948.117655 354 259 1
2420238948.2941256 346 262 0
2420238948.4705963 364 353 0
2420238948.647067 352 314 0
2420238948.823538 330 299 0
2420238950.5399995 356 349 1
2420238950.7199993 362 376 0
2420238950.899999 343 248 1
2420238951.079999 366 358 0
2420238951.259999 366 283 0
2420238951.4399986 360 359 1
2420238951.6199985 348 333 0
2420238951.979998 339 317 1
2420238952.159998 364 279 0
2420238952.339998 363 354 0
2420238952.5199976 350 280 0
2420238953.059997 350 262 1
2420238953.239997 340 319 1
2420238953.4199967 365 372 0
2420238953.5999966 353 262 1
2420238953.959996 352 255 1
2420238954.139996 360 328 0
2420238954.319996 341 318 1
2420238954.4999957 360 363 1
2420238954.6799955 332 281 1
2420238955.7599945 340 267 0
2420238955.9399943 364 345 0
2420238956.299994 340 268 0
2420238956.479994 357 390 0
2420238956.6599936 354 266 1
2420238956.8399935 364 277 0
2420238957.199993 362 379 0
2420238957.379993 354 354 0
2420238957.559993 340 317 1
2420238957.7399926 360 360 1
2420238957.9199924 352 263 1
2420238958.0999923 364 339 0
2420238958.279992 333 274 1
2420238958.6399918 361 312 1
2420238958.8199916 327 299 0
2420238960.0 363 302 1
2420238960.18 353 258 1
2420238960.3599997 356 346 1
2420238960.5399995 333 313 1
2420238960.7199993 353 263 1
2420238960.899999 354 317 0
2420238961.079999 365 283 0
2420238961.259999 351 256 0
2420238961.4399986 346 261 0
2420238961.7999983 341 319 1
2420238962.159998 355 353 0
2420238962.339998 363 353 0
2420238962.5199976 364 343 0
2420238962.6999974 352 261 0
2420238962.8799973 352 267 1
2420238963.239997 351 260 0
2420238963.5999966 357 353 1
2420238963.7799964 331 293 1
2420238963.959996 335 295 1
2420238964.139996 363 352 0
2420238964.319996 356 377 0
2420238964.4999957 368 291 0
2420238964.6799955 347 256 0
2420238964.8599954 345 274 1
2420238965.039995 361 301 0
2420238965.219995 351 289 0
2420238965.399995 360 355 0
2420238965.5799947 361 363 1
2420238965.7599945 360 361 1
2420238965.9399943 364 348 0
2420238966.479994 348 330 0
2420238966.6599936 352 352 0
2420238966.8399935 357 382 0
2420238967.0199933 351 271 0
2420238967.199993 352 364 0
2420238967.379993 341 264 0
2420238967.559993 359 359 1
2420238967.7399926 364 356 0
2420238967.9199924 351 258 0
2420238968.0999923 357 343 1
2420238968.459992 363 371 0
2420238968.6399918 366 365 0
2420238968.8199916 341 265 0
2420238970.18 332 275 1
2420238970.3599997 354 285 0
2420238970.5399995 366 286 0
2420238970.7199993 365 354 0
2420238970.899999 362 382 0
2420238971.079999 355 303 0
2420238971.4399986 361 284 0
2420238971.979998 348 343 0
2420238972.159998 349 329 0
2420238972.339998 362 362 0
2420238972.5199976 357 381 0
2420238972.6999974 365 369 0
2420238972.8799973 354 258 1
2420238973.4199967 354 356 0
2420238973.5999966 358 353 1
2420238973.959996 356 347 1
2420238974.139996 353 260 1
2420238974.4999957 353 265 1
2420238974.8599954 343 325 0
2420238975.219995 361 283 0
2420238975.399995 367 292 0
2420238975.5799947 351 261 0
2420238975.9399943 357 360 0
2420238976.119994 353 308 0
2420238976.299994 343 320 0
2420238976.8399935 351 268 1
2420238977.379993 365 360 0
2420238977.559993 336 292 1
2420238977.7399926 342 317 0
2420238977.9199924 365 280 0
2420238978.0999923 361 300 0
2420238978.279992 351 283 1
2420238978.459992 347 314 0
2420238978.6399918 363 378 0
2420238980.0 350 347 0
2420238980.1836734 356 298 0
2420238980.367347 345 267 0
2420238980.55102 367 289 0
2420238980.7346935 339 312 1
2420238980.918367 334 315 1
2420238981.1020403 353 304 1
2420238981.2857137 352 279 1
2420238981.469387 351 259 0
2420238981.6530604 357 354 1
2420238981.836734 343 272 1
2420238982.020407 361 360 1
2420238982.2040806 362 357 0
2420238982.5714273 353 322 0
2420238982.938774 351 263 0
2420238983.1224475 365 365 0
2420238983.4897943 367 360 0
2420238983.857141 365 345 0
2420238984.224488 341 255 0
2420238984.408161 360 346 0
2420238984.5918345 355 358 0
2420238985.1428547 344 263 0
2420238985.5102015 353 264 1
2420238985.693875 354 387 0
2420238985.877548 352 266 1
2420238986.0612216 341 271 0
2420238986.4285684 359 361 1
2420238986.6122417 331 311 1
2420238986.9795885 340 318 1
2420238987.163262 353 262 1
2420238987.5306087 361 278 0
2420238988.081629 366 284 0
2420238988.265302 363 315 1
2420238988.632649 357 383 0
2420238988.8163223 364 276 0
2420238990.0 339 253 1
2420238990.1836734 358 296 0
2420238990.367347 344 272 1
2420238990.7346935 365 368 0
2420238990.918367 344 248 1
2420238991.1020403 360 386 0
2420238991.2857137 353 323 0
2420238991.6530604 367 362 0
2420238991.836734 333 314 1
2420238992.2040806 341 320 1
2420238992.387754 364 352 0
2420238992.7551007 362 313 1
2420238993.1224475 365 340 0
2420238993.4897943 353 335 1
2420238993.6734676 348 347 0
2420238994.0408144 352 304 1
2420238994.408161 342 255 0
2420238994.5918345 354 257 1
2420238994.775508 345 275 1
2420238995.1428547 351 319 1
2420238995.326528 351 318 1
2420238995.5102015 343 266 0
2420238995.877548 356 350 1
2420238996.0612216 367 363 0
2420238996.244895 360 270 1
2420238996.6122417 354 343 1
2420238996.795915 361 297 0
2420238996.9795885 366 369 0
2420238997.163262 350 277 0
2420238997.3469353 354 351 0
2420238997.5306087 359 306 1
2420238997.714282 354 260 1
2420238997.8979554 346 276 1
2420238998.081629 342 258 0
2420238998.265302 349 260 0
2420238998.4489756 332 282 1
2420238998.8163223 365 344 0
2420239000.0 353 263 1
2420239000.6279073 366 368 0
2420239001.2558146 329 293 0
2420239001.465117 329 300 0
2420239001.6744194 357 352 1
2420239002.0930243 363 275 0
2420239002.3023267 367 367 0
2420239002.511629 366 372 0
2420239002.7209315 355 300 0
2420239002.930234 365 346 0
2420239003.1395364 363 376 0
2420239003.348839 362 384 0
2420239003.558141 353 259 1
2420239004.1860485 350 264 0
2420239004.6046534 348 254 0
2420239004.813956 339 255 1
2420239005.023258 359 358 1
2420239005.441863 362 381 0
2420239005.6511655 354 259 1
2420239006.2790728 363 314 1
2420239006.6976776 341 249 1
2420239006.90698 332 308 1
2420239007.1162825 365 278 0
2420239007.325585 337 292 1
2420239007.5348873 363 340 0
2420239007.7441897 364 370 0
2420239008.1627946 354 256 1
2420239008.372097 364 366 0
2420239008.790702 359 366 0
2420239010.0 364 354 0
2420239010.1875 365 279 0
2420239010.375 354 357 0
2420239010.5625 365 378 0
2420239010.75 333 304 1
2420239011.125 340 316 1
2420239011.3125 357 361 0
2420239011.5 363 390 0
2420239011.6875 363 350 0
2420239012.4375 361 299 0
2420239012.625 341 316 1
2420239012.8125 344 323 0
2420239013.1875 353 257 1
2420239013.75 343 249 1
2420239013.9375 360 359 1
2420239014.125 359 382 1
2420239014.3125 358 355 1
2420239014.5 364 374 0
2420239014.875 364 353 0
2420239015.0625 360 361 1
2420239015.25 353 264 1
2420239015.4375 353 266 1
2420239015.625 354 345 1
2420239016.1875 364 309 0
2420239016.375 367 365 0
2420239016.5625 366 282 0
2420239016.75 339 257 1
2420239016.9375 355 353 1
2420239017.125 358 365 0
2420239017.3125 334 273 1
2420239017.5 347 262 0
2420239017.875 358 354 1
2420239018.0625 357 344 1
2420239018.25 334 271 0
2420239018.4375 342 318 1
2420239018.625 332 280 1
2420239018.8125 365 347 0
2420239020.0 354 265 1
2420239020.230769 367 366 0
2420239020.4615383 341 263 0
2420239020.6923075 358 358 1
2420239020.9230766 354 258 1
2420239021.153846 365 366 0
2420239021.8461533 364 355 0
2420239022.0769224 351 282 1
2420239022.3076916 355 337 1
2420239022.999999 343 323 0
2420239023.230768 361 343 0
2420239023.4615374 362 348 0
2420239023.9230757 356 337 1
2420239024.153845 362 303 0
2420239024.384614 351 284 1
2420239024.615383 353 256 1
2420239025.0769215 354 386 1
2420239025.3076906 353 265 1
2420239025.53846 361 379 0
2420239025.769229 359 346 0
2420239025.999998 351 328 0
2420239026.2307673 333 274 1
2420239026.4615364 355 301 1
2420239026.6923056 357 340 1
2420239026.9230747 359 347 0
2420239027.384613 340 261 0
2420239027.615382 356 345 1
2420239027.8461514 367 361 0
2420239028.0769205 342 315 0
2420239028.3076897 330 292 0
2420239028.538459 353 293 0
2420239030.0 336 295 1
2420239030.8999996 362 288 0
2420239031.1249995 340 251 1
2420239031.3499994 344 320 0
2420239031.5749993 368 373 0
2420239031.799999 336 317 0
2420239032.024999 344 324 0
2420239032.249999 364 346 0
2420239032.474999 352 267 1
2420239032.9249988 365 361 0
2420239033.1499987 351 325 1
2420239033.3749986 358 342 1
2420239033.5999985 342 270 0
2420239034.949998 344 277 0
2420239035.174998 362 361 0
2420239035.3999977 343 318 0
2420239035.6249976 336 272 1
2420239036.0749974 365 353 0
2420239036.2999973 343 324 0
2420239036.524997 340 262 0
2420239036.749997 344 271 1
2420239036.974997 341 317 1
2420239037.199997 367 364 0
2420239037.424997 359 374 0
2420239037.6499968 348 343 1
2420239038.0999966 353 263 1
2420239038.3249965 356 353 1
2420239040.0 364 361 0
2420239040.163636 340 301 0
2420239040.4909086 363 301 0
2420239040.654545 339 254 1
2420239040.818181 348 275 0
2420239041.1454535 344 273 1
2420239041.3090897 342 319 1
2420239041.9636345 366 360 0
2420239042.1272707 365 343 0
2420239042.290907 352 266 1
2420239042.454543 348 261 0
2420239042.6181793 364 358 0
2420239042.7818155 365 355 0
2420239042.9454517 367 373 0
2420239043.272724 343 265 0
2420239043.5999966 364 344 0
2420239043.763633 364 347 0
2420239043.927269 357 350 1
2420239044.090905 354 263 1
2420239044.4181776 356 348 1
2420239044.581814 350 258 0
2420239044.909086 351 262 0
2420239045.0727224 356 340 1
2420239045.2363586 358 345 1
2420239045.399995 353 264 1
2420239045.563631 335 300 1
2420239045.7272673 363 357 0
2420239045.8909035 362 302 0
2420239046.0545397 344 321 0
2420239046.218176 353 262 1
2420239046.381812 356 313 0
2420239046.5454483 357 343 1
2420239046.7090845 334 319 0
2420239046.8727207 357 313 0
2420239047.036357 364 362 0
2420239047.199993 365 358 0
2420239047.3636293 341 262 0
2420239047.6909018 366 361 0
2420239047.854538 357 345 1
2420239048.1818104 340 317 1
2420239048.3454466 359 357 1
2420239048.509083 355 346 1
2420239048.672719 346 277 1
2420239050.0 359 368 0
2420239050.195652 360 362 1
2420239050.586956 367 368 0
2420239050.782608 353 260 1
2420239050.97826 363 383 0
2420239051.173912 354 260 1
2420239051.369564 361 360 1
2420239051.760868 353 324 0
2420239051.95652 346 314 0
2420239052.347824 360 347 0
2420239052.543476 356 299 0
2420239052.739128 341 267 0
2420239052.93478 369 299 0
2420239053.130432 347 279 1
2420239053.326084 340 321 1
2420239053.717388 356 351 1
2420239053.91304 349 255 0
2420239054.108692 352 259 0
2420239054.304344 351 272 0
2420239054.499996 353 274 1
2420239054.695648 356 352 1
2420239054.8913 361 388 0
2420239055.086952 349 393 0
2420239055.282604 354 259 1
2420239055.478256 363 349 0
2420239055.673908 363 394 0
2420239055.8695602 365 377 0
2420239056.0652122 344 325 0
2420239056.2608643 361 362 1
2420239056.4565163 344 327 0
2420239056.8478203 357 339 1
2420239057.0434723 359 294 0
2420239057.2391243 347 261 0
2420239057.4347763 353 275 1
2420239057.8260803 342 318 1
2420239058.2173843 366 312 0
2420239058.4130363 353 261 1
2420239058.8043404 356 358 0
2420239060.0 367 369 0
2420239060.346154 362 350 0
2420239060.6923084 355 352 1
2420239060.8653855 364 351 0
2420239061.384617 348 248 0
2420239061.557694 365 348 0
2420239061.903848 343 248 1
2420239062.0769253 350 328 0
2420239062.2500024 346 276 1
2420239062.5961566 362 347 0
2420239062.942311 354 315 0
2420239063.115388 357 349 1
2420239063.288465 362 356 0
2420239063.461542 345 247 1
2420239063.634619 366 362 0
2420239063.8076963 362 345 0
2420239063.9807734 361 274 0
2420239064.1538506 368 361 0
2420239064.3269277 363 362 0
2420239064.500005 352 318 1
2420239064.846159 366 366 0
2420239065.019236 366 357 0
2420239065.192313 357 366 0
2420239065.5384674 353 258 1
2420239065.8846216 357 346 1
2420239066.0576987 355 353 1
2420239066.230776 352 255 1
2420239066.403853 368 372 0
2420239066.57693 367 300 0
2420239066.750007 359 356 1
2420239066.9230843 359 312 0
2420239067.0961614 343 274 0
2420239067.2692385 364 371 0
2420239067.6153927 347 334 0
2420239067.78847 354 261 1
2420239068.307701 360 320 0
2420239068.480778 354 262 1
2420239068.6538553 346 275 1
2420239068.8269324 340 258 1
2420239070.195652 365 373 0
2420239070.586956 358 313 0
2420239070.97826 353 321 0
2420239071.173912 337 316 0
2420239071.369564 363 373 0
2420239071.95652 359 295 0
2420239072.152172 353 263 1
2420239072.347824 353 265 1
2420239072.739128 358 318 0
2420239072.93478 342 317 1
2420239073.130432 357 342 1
2420239073.326084 329 287 0
2420239073.521736 361 361 1
2420239073.717388 366 285 0
2420239074.108692 340 249 1
2420239074.499996 354 257 1
2420239074.695648 342 249 1
2420239075.086952 367 288 0
2420239075.282604 352 267 1
2420239075.478256 361 356 0
2420239075.673908 348 315 0
2420239075.8695602 355 348 1
2420239076.4565163 364 380 0
2420239076.6521683 340 301 1
2420239077.0434723 344 315 0
2420239077.2391243 365 341 0
2420239077.4347763 355 336 1
2420239077.6304283 354 339 1
2420239077.8260803 343 315 0
2420239078.2173843 332 292 1
2420239078.4130363 354 258 1
2420239078.6086884 365 362 0
2420239078.8043404 349 261 0
2420239080.0 351 278 0
2420239080.219512 353 264 1
2420239080.439024 351 268 1
2420239080.658536 351 269 1
2420239081.536584 344 248 1
2420239081.756096 332 288 1
2420239081.975608 339 252 1
2420239082.19512 352 353 0
2420239082.414632 343 275 0
2420239082.853656 344 262 0
2420239083.29268 362 350 1
2420239083.512192 367 358 0
2420239083.7317038 356 316 0
2420239084.3902397 364 377 0
2420239084.6097517 366 298 0
2420239084.8292637 352 281 1
2420239085.0487757 348 285 0
2420239085.4877996 359 368 1
2420239085.7073116 361 298 0
2420239086.1463356 352 394 0
2420239086.3658476 350 308 0
2420239086.5853596 367 374 0
2420239086.8048716 337 271 1
2420239087.0243835 365 356 0
2420239087.4634075 333 308 1
2420239087.9024315 366 359 0
2420239088.1219435 354 351 1
2420239088.5609674 333 274 1
2420239088.7804794 357 351 1
2420239090.0 359 279 1
2420239090.5538464 350 284 0
2420239090.692308 366 281 0
2420239090.8307695 342 319 1
2420239091.1076927 332 281 1
2420239091.2461543 368 362 0
2420239091.384616 349 314 0
2420239091.5230775 334 274 1
2420239091.661539 342 320 1
2420239091.8000007 358 310 0
2420239091.9384623 368 292 0
2420239092.076924 353 266 1
2420239092.2153854 337 317 0
2420239092.4923086 354 264 1
2420239092.63077 342 265 0
2420239092.769232 354 304 1
2420239092.9076934 352 278 1
2420239093.046155 360 359 1
2420239093.1846166 366 370 0
2420239093.323078 357 348 1
2420239093.4615397 365 352 0
2420239093.6000013 365 295 0
2420239093.738463 357 347 1
2420239093.8769245 352 364 1
2420239094.015386 341 318 1
2420239094.2923093 368 367 0
2420239094.430771 358 376 0
2420239094.5692325 365 349 0
2420239094.707694 350 299 0
2420239095.123079 354 303 0
2420239095.2615404 359 355 1
2420239095.676925 343 264 0
2420239095.815387 361 380 0
2420239096.09231 360 360 1
2420239096.369233 345 320 0
2420239096.5076947 353 265 1
2420239096.784618 367 365 0
2420239097.061541 345 324 0
2420239097.3384643 342 316 1
2420239097.476926 366 356 0
2420239097.6153874 362 362 1
2420239097.753849 367 291 0
2420239097.8923106 354 354 1
2420239098.030772 358 297 0
2420239098.169234 333 275 1
2420239098.3076954 368 365 0
2420239098.5846186 332 279 1
2420239098.72308 348 281 1
2420239098.8615417 357 355 1
2420239100.4615383 369 368 0
2420239100.6923075 347 315 0
2420239100.9230766 333 310 1
2420239101.615384 347 255 0
2420239101.8461533 361 363 1
2420239102.3076916 368 369 0
2420239102.76923 342 272 0
2420239103.230768 368 364 0
2420239103.4615374 344 272 1
2420239104.153845 367 370 0
2420239104.384614 342 267 0
2420239104.8461523 344 276 0
2420239105.0769215 365 357 0
2420239105.3076906 368 366 0
2420239105.53846 355 351 1
2420239105.999998 363 339 0
2420239106.2307673 364 354 0
2420239106.9230747 350 254 0
2420239107.153844 353 276 1
2420239107.615382 350 320 1
2420239107.8461514 359 357 1
2420239108.3076897 357 354 1
2420239108.538459 352 262 0
2420239110.0 362 274 0
2420239110.18 357 288 1
2420239110.3599997 365 342 0
2420239110.5399995 348 260 0
2420239110.7199993 359 363 1
2420239110.899999 366 347 0
2420239111.259999 366 363 0
2420239111.4399986 350 304 1
2420239111.6199985 344 318 0
2420239111.979998 352 280 1
2420239112.159998 360 358 1
2420239112.339998 357 341 1
2420239112.5199976 335 273 1
2420239112.6999974 367 366 0
2420239113.239997 357 353 1
2420239113.5999966 351 311 0
2420239113.7799964 365 354 0
2420239113.959996 358 351 1
2420239114.139996 352 273 0
2420239114.319996 366 283 0
2420239114.4999957 368 296 0
2420239114.6799955 364 376 0
2420239114.8599954 336 318 0
2420239115.039995 358 353 1
2420239115.5799947 354 260 1
2420239115.7599945 358 344 1
2420239115.9399943 353 331 1
2420239116.119994 341 250 1
2420239116.6599936 366 287 0
2420239116.8399935 345 263 0
2420239117.0199933 356 336 1
2420239117.199993 348 274 0
2420239117.379993 352 270 0
2420239117.559993 345 262 0
2420239117.9199924 342 248 1
2420239118.0999923 364 282 0
2420239118.279992 339 256 1
2420239118.459992 354 263 1
2420239118.6399918 353 257 1
2420239118.8199916 365 365 1
2420239120.0 368 368 0
2420239120.219512 353 265 1
2420239120.878048 365 376 0
2420239121.09756 343 276 0
2420239121.317072 344 314 0
2420239121.536584 345 319 0
2420239121.975608 353 303 0
2420239122.414632 336 272 1
2420239122.634144 358 350 1
2420239122.853656 362 381 1
2420239123.073168 366 348 0
2420239123.29268 348 282 1
2420239123.7317038 337 293 1
2420239123.9512157 354 353 1
2420239124.1707277 345 327 0
2420239124.6097517 353 256 1
2420239125.0487757 350 255 0
2420239125.9268236 343 256 0
2420239126.1463356 338 298 1
2420239126.3658476 349 262 0
2420239126.5853596 345 273 1
2420239127.0243835 333 312 1
2420239127.2438955 343 319 1
2420239128.1219435 342 259 0
2420239128.3414555 354 261 1
2420239128.5609674 358 288 1
2420239128.7804794 347 329 0
2420239130.0 369 298 0
2420239130.214286 350 270 1
2420239130.6428576 345 317 0
2420239130.8571434 360 312 0
2420239131.0714293 362 380 0
2420239131.285715 365 370 0
2420239131.500001 353 320 0
2420239131.714287 342 317 1
2420239131.9285727 369 362 0
2420239132.1428585 332 283 1
2420239132.3571444 355 355 1
2420239133.000002 355 262 1
2420239133.2142878 354 262 1
2420239133.4285736 360 355 1
2420239133.6428595 360 357 1
2420239133.8571453 365 371 0
2420239134.071431 362 364 1
2420239134.285717 343 249 1
2420239134.7142887 343 318 1
2420239134.9285746 351 315 0
2420239135.1428604 351 291 0
2420239135.3571463 355 354 1
2420239135.571432 360 348 0
2420239135.785718 366 367 0
2420239136.2142897 341 317 1
2420239136.4285755 361 285 0
2420239136.857147 361 394 0
2420239137.071433 344 248 1
2420239137.285719 353 292 0
2420239137.500005 352 267 1
2420239137.7142906 366 345 0
2420239137.9285765 354 265 1
2420239138.1428623 359 340 1
2420239138.357148 344 322 0
2420239138.571434 344 260 1
2420239138.78572 365 346 0
2420239140.0 355 352 1
2420239140.3396225 344 275 0
2420239140.5094337 344 266 0
2420239140.679245 341 268 0
2420239141.0188675 355 353 1
2420239141.1886787 365 277 0
2420239141.35849 343 273 0
2420239141.5283012 353 264 1
2420239141.6981125 353 266 1
2420239142.3773575 369 367 0
2420239142.5471687 351 276 0
2420239142.71698 362 362 1
2420239142.886791 366 354 0
2420239143.0566025 357 315 0
2420239143.566036 342 266 0
2420239143.9056587 361 350 1
2420239144.07547 341 266 0
2420239144.754715 343 269 1
2420239144.924526 369 300 0
2420239145.0943375 357 344 1
2420239145.43396 366 350 0
2420239145.603771 354 259 1
2420239146.113205 348 334 0
2420239146.283016 343 319 1
2420239146.6226387 333 289 1
2420239146.79245 356 346 1
2420239146.962261 364 275 0
2420239147.3018837 348 255 0
2420239147.471695 352 268 1
2420239147.641506 364 321 1
2420239147.8113174 367 367 0
2420239148.15094 360 306 1
2420239148.320751 357 301 0
2420239148.4905624 345 248 1
2420239150.0 364 375 0
2420239150.1698112 362 363 1
2420239150.3396225 355 315 0
2420239150.679245 345 323 0
2420239150.8490562 351 257 0
2420239151.0188675 355 258 1
2420239151.1886787 355 350 1
2420239151.6981125 364 382 0
2420239151.8679237 333 276 1
2420239152.037735 332 284 1
2420239152.207546 344 249 1
2420239152.886791 334 273 1
2420239153.396225 366 349 0
2420239154.07547 361 392 0
2420239154.4150925 345 322 0
2420239154.5849037 354 266 1
2420239154.754715 343 248 1
2420239154.924526 368 374 0
2420239155.0943375 367 360 0
2420239155.2641487 351 279 0
2420239155.43396 367 371 0
2420239155.603771 351 273 0
2420239155.7735825 365 374 0
2420239155.9433937 370 376 0
2420239156.113205 352 258 0
2420239156.283016 354 352 1
2420239156.4528275 366 355 0
2420239156.6226387 365 353 0
2420239156.79245 359 283 1
2420239157.3018837 330 281 0
2420239157.471695 339 253 1
2420239157.8113174 344 247 1
2420239158.320751 357 350 1
2420239158.4905624 345 281 0
2420239158.6603737 367 285 0
2420239160.0 368 293 0
2420239160.45 354 264 1
2420239160.6749997 350 330 0
2420239160.8999996 350 281 0
2420239161.1249995 354 355 1
2420239161.799999 358 351 1
2420239162.249999 342 249 1
2420239162.474999 353 265 1
2420239162.699999 362 361 1
2420239163.1499987 342 318 1
2420239163.3749986 352 277 1
2420239163.5999985 365 359 0
2420239164.274998 350 265 0
2420239164.499998 368 366 0
2420239164.724998 349 315 0
2420239165.174998 337 294 1
2420239165.3999977 355 343 1
2420239165.8499975 361 360 1
2420239166.0749974 364 378 0
2420239166.2999973 343 320 1
2420239166.524997 366 371 0
2420239166.749997 339 316 0
2420239166.974997 358 343 1
2420239167.424997 362 312 1
2420239167.6499968 358 342 1
2420239167.8749967 367 359 0
2420239168.5499964 351 284 1
2420239168.7749963 352 281 1
2420239170.0 343 319 1
2420239170.219512 366 346 0
2420239170.439024 361 364 1
2420239170.658536 337 317 0
2420239170.878048 351 255 0
2420239171.317072 362 283 0
2420239171.536584 338 316 0
2420239171.975608 342 256 0
2420239172.19512 338 317 0
2420239172.414632 351 264 0
2420239172.634144 359 352 1
2420239172.853656 354 261 1
2420239173.073168 340 257 1
2420239173.29268 368 370 0
2420239173.512192 367 284 0
2420239173.9512157 369 369 0
2420239174.1707277 357 352 1
2420239174.6097517 358 345 1
2420239174.8292637 356 353 1
2420239175.0487757 360 358 1
2420239175.4877996 340 319 0
2420239175.7073116 350 314 0
2420239175.9268236 369 364 0
2420239176.1463356 358 349 1
2420239176.3658476 328 293 0
2420239176.5853596 353 255 1
2420239176.8048716 365 363 0
2420239177.0243835 368 363 0
2420239177.2438955 331 279 0
2420239177.4634075 350 315 0
2420239177.6829195 336 298 1
2420239177.9024315 359 313 0
2420239178.1219435 340 268 0
2420239178.3414555 364 342 0
2420239178.5609674 346 247 1
2420239178.7804794 369 296 0
2420239180.409091 358 346 1
2420239180.6136365 339 294 0
2420239180.818182 355 259 1
2420239181.227273 348 280 1
2420239181.4318185 366 342 0
2420239181.636364 369 374 0
2420239181.8409095 353 277 1
2420239182.045455 369 366 0
2420239182.2500005 354 260 1
2420239182.454546 365 281 0
2420239182.863637 353 266 1
2420239183.0681825 358 365 1
2420239183.272728 368 367 0
2420239183.4772735 365 356 0
2420239183.681819 359 353 1
2420239183.8863645 366 344 0
2420239184.2954555 358 347 1
2420239184.500001 355 257 1
2420239184.909092 358 341 1
2420239185.318183 365 280 0
2420239185.5227284 346 276 1
2420239185.9318194 350 253 0
2420239186.136365 365 345 0
2420239186.3409104 352 282 1
2420239186.7500014 366 368 0
2420239186.954547 365 386 0
2420239187.1590924 352 260 0
2420239187.363638 360 359 1
2420239187.5681834 351 302 1
2420239187.9772744 352 279 1
2420239188.18182 343 263 0
2420239188.590911 352 268 1
2420239188.7954564 368 360 0
2420239190.0 333 274 1
2420239190.7105265 358 352 1
2420239190.9473686 366 353 0
2420239191.184211 363 313 1
2420239191.421053 368 289 0
2420239191.657895 365 347 0
2420239191.8947372 357 347 1
2420239192.3684216 345 321 0
2420239192.6052637 347 324 0
2420239192.842106 343 266 0
2420239193.078948 363 301 1
2420239193.31579 358 361 1
2420239193.7894745 365 355 0
2420239194.0263166 365 313 0
2420239194.500001 345 274 1
2420239194.736843 353 267 1
2420239194.9736853 343 316 1
2420239195.2105274 340 254 1
2420239195.4473696 359 347 1
2420239195.6842117 358 348 1
2420239195.921054 354 262 1
2420239196.157896 343 318 1
2420239196.394738 369 370 0
2420239196.6315804 364 308 0
2420239197.1052647 366 288 0
2420239197.342107 340 252 1
2420239197.578949 356 355 1
2420239197.815791 353 256 1
2420239198.2894754 341 251 1
2420239198.5263176 350 278 0
2420239198.7631598 364 367 1
2420239200.18 337 298 1
2420239200.3599997 344 248 1
2420239200.7199993 366 343 0
2420239200.899999 356 335 1
2420239201.079999 354 263 1
2420239201.259999 351 285 1
2420239201.4399986 342 250 1
2420239201.7999983 366 358 0
2420239201.979998 354 305 1
2420239202.339998 343 257 0
2420239202.6999974 365 348 0
2420239202.8799973 352 274 0
2420239203.059997 364 350 0
2420239203.239997 351 265 0
2420239203.4199967 351 280 0
2420239203.5999966 352 257 0
2420239203.959996 350 271 1
2420239204.139996 351 289 1
2420239204.6799955 359 354 1
2420239204.8599954 351 304 1
2420239205.219995 369 365 0
2420239205.5799947 361 365 1
2420239205.7599945 367 369 0
2420239205.9399943 350 282 0
2420239206.299994 351 269 1
2420239206.479994 351 312 0
2420239206.6599936 361 356 1
2420239206.8399935 332 293 1
2420239207.199993 363 342 0
2420239207.559993 347 326 0
2420239207.7399926 360 296 0
2420239207.9199924 345 247 1
2420239208.0999923 358 340 1
2420239208.279992 353 276 1
2420239208.459992 366 282 0
2420239208.6399918 361 346 0
2420239208.8199916 359 284 1
2420239210.236842 340 261 0
2420239210.4736843 343 249 1
2420239210.7105265 355 305 1
2420239210.9473686 359 365 1
2420239211.184211 362 346 0
2420239211.421053 369 371 0
2420239211.8947372 361 347 0
2420239212.1315794 359 342 1
2420239212.6052637 343 276 1
2420239212.842106 367 368 0
2420239213.078948 351 258 0
2420239213.31579 368 294 0
2420239213.5526323 346 280 0
2420239213.7894745 346 322 0
2420239214.263159 357 355 1
2420239214.500001 353 278 1
2420239214.736843 363 304 0
2420239214.9736853 354 264 1
2420239215.2105274 335 314 1
2420239215.4473696 356 354 1
2420239215.6842117 364 312 0
2420239216.157896 369 363 0
2420239216.6315804 366 313 0
2420239216.8684225 334 312 1
2420239217.1052647 353 265 1
2420239217.578949 358 319 0
2420239217.815791 343 317 1
2420239218.0526333 361 273 0
2420239218.2894754 340 311 1
2420239218.5263176 354 259 1
2420239218.7631598 352 263 0
2420239220.0 355 264 1
2420239220.4285717 340 251 1
2420239220.6428576 363 314 1
2420239220.8571434 355 347 1
2420239221.0714293 365 278 0
2420239221.500001 367 349 0
2420239221.714287 340 256 1
2420239221.9285727 364 349 0
2420239222.1428585 351 322 1
2420239222.3571444 350 269 1
2420239222.57143 357 366 1
2420239222.785716 366 348 0
2420239223.000002 353 356 1
2420239223.2142878 355 260 1
2420239223.4285736 353 266 1
2420239223.6428595 366 357 0
2420239223.8571453 335 316 1
2420239224.500003 353 274 1
2420239224.7142887 343 320 1
2420239224.9285746 340 394 0
2420239225.3571463 365 382 0
2420239225.571432 354 355 1
2420239225.785718 356 371 1
2420239226.000004 364 352 0
2420239226.2142897 368 308 0
2420239226.4285755 348 281 1
2420239226.6428614 353 279 1
2420239226.857147 354 262 1
2420239227.071433 336 272 1
2420239227.285719 344 316 0
2420239227.500005 366 364 0
2420239227.7142906 342 257 0
2420239227.9285765 363 387 0
2420239228.571434 366 355 0
2420239228.78572 340 253 1
2420239230.0 361 287 0
2420239230.219512 362 363 1
2420239230.439024 359 346 1
2420239230.658536 337 272 1
2420239230.878048 358 344 1
2420239231.317072 352 259 0
2420239231.536584 335 291 1
2420239231.756096 344 318 1
2420239231.975608 358 355 1
2420239232.19512 354 265 1
2420239232.414632 355 261 1
2420239232.634144 361 354 1
2420239232.853656 345 315 0
2420239233.073168 367 366 1
2420239233.512192 347 260 0
2420239233.7317038 352 303 0
2420239234.1707277 366 368 1
2420239234.6097517 352 272 0
2420239234.8292637 353 330 1
2420239235.0487757 367 290 0
2420239235.2682877 366 373 0
2420239235.4877996 332 286 1
2420239235.7073116 364 323 1
2420239235.9268236 342 317 1
2420239236.1463356 362 365 1
2420239236.3658476 342 268 0
2420239236.5853596 357 356 1
2420239236.8048716 341 326 1
2420239237.0243835 358 356 1
2420239237.2438955 363 348 0
2420239237.4634075 366 356 0
2420239237.9024315 369 297 0
2420239238.1219435 369 295 0
2420239238.3414555 352 329 1
2420239238.5609674 368 290 0
