30523840.969623692 281 199 0
30523842.813068107 279 193 0
30523843.95416081 282 200 0
30523844.01762265 286 179 1
30523844.03531874 284 173 0
30523844.936598912 282 196 1
30523844.937209122 284 182 0
30523845.402189143 263 147 1
30523845.402799353 262 148 1
30523846.168612905 259 139 0
30523846.169833325 283 196 1
30523847.83448621 287 179 1
30523848.9993771 271 106 0
30523850.0 271 93 1
30523850.0006351 286 187 0
30523851.239712596 284 113 1
30523852.415280227 284 188 0
30523854.49332306 260 147 1
30523855.573625892 284 170 0
30523856.67361678 266 94 1
30523856.734586254 275 174 1
30523856.781583555 286 143 1
30523856.88891523 261 148 1
30523856.9975171 284 136 0
30523857.45542324 261 146 1
30523857.71644879 282 197 1
30523860.00914858 284 184 1
30523860.009584226 285 118 1
30523860.659568988 285 186 0
30523860.946660113 284 176 0
30523860.94709576 287 168 1
30523861.936884888 250 191 0
30523862.26274856 262 147 1
30523862.53110688 268 189 0
30523862.87570336 264 149 1
30523862.876139008 286 136 1
30523863.164101426 279 200 0
30523863.73131333 281 152 0
30523864.90668792 283 186 1
30523865.036074966 285 114 1
30523865.036510613 286 178 1
30523866.27548961 261 147 1
30523866.666700277 279 197 1
30523868.700298715 281 200 0
30523870.297330614 285 184 1
30523870.989982158 279 199 0
30523870.99278188 284 187 0
30523871.9659657 282 199 0
30523871.966525644 280 199 0
30523876.01940509 286 177 1
30523876.019965034 285 178 1
30523878.00832852 280 197 1
30523882.0518018 278 200 0
30523882.052433513 283 200 0
30523882.053065225 281 196 1
30523882.387872785 282 155 0
30523882.93367228 286 159 1
30523883.90145564 270 103 0
30523885.476314597 279 196 1
30523885.47694631 283 199 0
30523885.478209734 281 199 0
30523885.755531467 273 93 1
30523886.6759364 281 194 0
30523886.676568113 284 196 1
30523890.458913025 269 93 1
30523891.11612849 269 92 1
30523892.00740585 282 144 0
30523893.2411071 284 185 1
30523894.23045206 282 194 0
30523895.1369001 287 173 1
30523895.672750138 272 104 0
30523896.26386479 285 187 0
30523896.720610574 284 112 1
30523896.776417 260 142 0
30523896.779667858 286 142 1
30523897.36211355 283 114 1
30523898.07621906 282 112 1
30523898.645119503 280 196 1
30523898.904646467 281 197 1
30523898.97345633 274 188 0
30523902.483898204 282 170 0
30523902.48440502 285 183 1
30523906.013354864 276 171 0
30523908.434914876 252 191 0
30523908.43542169 282 196 1
30523910.01659458 257 135 0
30523910.326741584 279 195 0
30523911.622835606 284 190 0
30523911.623407833 261 190 0
30523911.892926723 280 193 0
30523913.524345733 283 184 0
30523914.9806633 283 183 0
30523914.981235527 282 180 0
30523914.981807753 259 190 0
30523917.54195109 280 201 0
30523922.703046203 282 200 0
30523922.70365596 280 200 0
30523925.218897462 280 197 1
30523928.733528256 247 191 0
30523928.734138012 256 191 0
30523928.734747767 248 191 0
30523930.607716337 285 186 0
30523930.60883449 287 146 1
30523932.41688843 285 181 1
30523932.417447507 274 104 0
30523934.314394638 281 196 1
30523935.2161853 284 185 1
30523937.219916075 285 180 1
30523938.076980606 283 167 0
30523938.34645556 285 182 1
30523938.347573712 282 192 0
30523938.34813279 283 192 0
30523938.78588982 287 172 1
30523938.786448896 281 199 0
30523938.787007973 284 199 0
30523938.952494666 284 187 0
30523940.110942367 283 196 1
30523941.150056887 281 193 0
30523946.105939187 262 190 0
30523950.139160052 283 197 1
30523950.93350713 262 147 0
30523951.020706132 259 144 1
30523951.7702592 266 189 0
30523951.964963824 286 173 0
30523952.208045974 279 193 0
30523952.208643228 282 193 0
30523953.025088683 283 113 1
30523953.69819331 260 144 1
30523954.70934339 267 103 0
30523957.958402112 283 185 1
30523960.07654213 280 196 1
30523961.242952824 280 190 1
30523961.243524034 250 190 0
30523961.244095244 279 196 1
30523963.159362163 279 185 1
30523967.20352852 278 194 0
30523967.74389312 282 196 1
30523968.03806624 270 189 0
30523968.038637448 269 189 0
30523968.1220341 275 101 0
30523968.439055614 260 145 1
30523968.970280856 280 199 0
30523971.324173566 262 146 1
30523971.324542314 281 200 0
30523972.732790392 276 160 1
30523973.177131563 282 199 0
30523974.369662143 268 92 1
30523975.295219272 279 197 1
30523975.29558802 285 179 1
30523976.741817128 284 197 1
30523977.35651981 261 146 1
30523977.35688856 271 92 1
30523981.678616885 282 197 1
30523982.935430415 281 143 0
30523983.11194595 284 184 1
30523983.16696378 281 197 1
30523983.27069531 283 199 0
30523983.77044059 279 199 0
30523984.673649948 283 196 1
30523984.67422305 259 146 1
30523985.38085829 284 198 0
30523985.381431393 283 198 0
30523987.97643899 264 191 0
30523987.977012094 284 191 0
30523990.04571423 281 196 1
30523995.654596202 252 190 0
30523995.825389642 284 114 1
30523996.705388557 280 197 1
30523996.706023477 274 174 1
30523998.999353983 281 193 0
30524002.87834127 271 96 1
30524005.609528076 281 199 0
30524006.635987043 282 198 0
30524007.87480122 280 196 1
30524008.76406695 274 173 1
30524011.165832914 279 200 0
30524011.166370165 282 200 0
30524011.166907415 280 200 0
30524011.71705161 284 147 0
30524011.71758886 285 177 1
30524014.10351696 262 189 0
30524016.910111956 279 196 1
30524020.674573053 281 196 1
30524021.52487522 282 196 1
30524023.52906892 285 175 1
30524024.636981152 282 199 0
30524028.5080605 281 171 0
30524030.49558377 284 168 1
30524031.649126876 254 190 0
30524037.278146613 284 113 1
30524037.69987205 284 116 1
30524038.75531325 282 192 0
30524038.802672792 281 194 0
30524038.833682016 283 195 1
30524038.846085705 283 127 0
30524038.90641274 285 176 1
30524040.78763721 280 199 0
30524041.47447267 283 196 1
30524042.837272815 282 195 1
30524043.63479255 276 170 0
30524043.635780804 283 198 0
30524043.63627493 281 198 0
30524044.622550886 292 148 1
30524047.26069083 284 184 1
30524047.981126875 279 199 0
30524047.981621 281 199 0
30524048.776670106 288 134 0
30524050.336880684 282 196 1
30524050.39215017 282 193 0
30524051.228035368 283 149 0
30524051.954434343 283 128 0
30524052.437647574 260 190 0
30524054.126262 279 193 0
30524055.408514105 285 116 1
30524056.87394508 261 145 1
30524060.228673514 280 196 1
30524060.47698381 279 197 1
30524061.164271243 281 196 1
30524062.035891064 282 186 0
30524062.421658847 262 147 1
30524063.227400426 281 193 0
30524064.87942404 285 178 1
30524065.403282754 265 94 1
30524066.515611537 273 174 1
30524066.51624498 280 194 0
30524071.848804362 285 179 1
30524071.84941292 265 96 1
30524072.866924737 279 196 1
30524074.97862689 281 200 0
30524074.979235448 280 200 0
30524074.979844008 284 183 1
30524077.12805974 271 188 0
30524077.940486938 263 146 1
30524078.453502763 284 115 1
30524078.58008318 282 198 0
30524078.58069174 284 176 1
30524078.870974716 285 169 0
30524078.907488298 267 93 1
30524080.06256628 283 191 0
30524080.42710176 283 199 0
30524081.415562093 286 172 1
30524081.784007967 286 175 1
30524081.784442455 287 136 1
30524087.06390685 284 190 0
30524090.42960059 284 195 1
30524090.502077423 274 107 0
30524090.797245175 279 190 1
30524091.875630327 280 197 1
30524092.04688607 284 198 0
30524093.08260341 287 145 1
30524094.33633574 282 199 0
30524094.33692023 280 199 0
30524095.68592453 283 192 0
30524095.68650902 281 192 0
30524096.58720903 285 187 0
30524096.58779352 281 196 1
30524096.588378012 283 114 1
30524097.607145123 286 143 1
30524100.795225307 280 196 1
30524101.95993633 282 196 1
30524101.960575577 280 198 0
30524101.961214826 283 198 0
30524104.107811756 281 150 0
30524105.273162026 281 199 0
30524105.83570083 282 192 0
30524105.845928807 271 155 1
30524105.85807453 282 195 1
30524106.54846306 283 196 1
30524107.682490148 255 190 0
30524107.683129396 263 190 0
30524112.484514162 281 198 0
30524112.484977864 282 198 0
30524113.0400289 281 195 1
30524113.293210074 284 135 0
30524114.015657455 285 174 1
30524115.611255296 283 195 1
30524117.00236065 285 171 1
30524120.09327812 267 189 0
30524120.523004495 286 167 1
30524121.107475497 285 186 0
30524121.108014677 286 186 0
30524121.599746738 278 193 0
30524121.600285918 283 193 0
30524123.098666836 270 92 1
30524124.8612459 284 146 0
30524124.86178508 281 146 0
30524124.86232426 283 146 0
30524127.609984986 280 196 1
30524127.610524166 280 191 1
30524131.495237026 285 115 1
30524133.756340064 284 189 0
30524133.876403313 280 161 0
30524135.386449903 259 191 0
30524135.98676615 281 196 1
30524136.54212479 272 106 0
30524137.648610767 280 195 1
30524138.720188487 282 200 0
30524140.639931653 279 196 1
30524142.999275625 262 146 1
30524143.214740828 285 165 1
30524144.709207475 260 144 1
30524144.870806377 280 193 0
30524146.04078243 284 179 1
30524147.04054097 282 199 0
30524147.0409719 284 199 0
30524147.04140283 278 199 0
30524147.143102407 282 196 1
30524147.29306619 286 146 1
30524147.29349712 282 146 0
30524148.040730443 283 198 0
30524150.42235543 282 125 0
30524153.927597195 282 195 1
30524153.929138638 259 143 1
30524154.90692742 279 199 0
30524154.907441236 280 199 0
30524154.90795505 281 199 0
30524154.90898268 281 198 0
30524154.909496494 282 198 0
30524155.72954426 285 173 1
30524156.537774295 281 195 1
30524160.100813597 286 174 1
30524160.10201376 281 177 0
30524160.874918006 293 148 1
30524160.87611817 259 198 1
30524160.87671825 280 198 0
30524161.14735475 281 196 1
30524161.31837782 278 196 1
30524161.42759255 279 172 1
30524161.662824277 285 183 1
30524161.802043054 280 196 1
30524167.083355382 275 135 0
30524168.27391596 281 193 0
30524168.274516042 286 171 1
30524168.524749793 286 144 1
30524168.525349874 282 169 0
30524168.91360224 268 188 0
30524171.680057853 281 192 0
30524172.014064133 283 199 0
