1577693714.514286 338 236 0
1577693714.771429 345 176 0
1577693715.1571436 337 251 0
1577693715.285715 339 227 0
1577693715.4142866 334 210 0
1577693715.5428581 357 214 1
1577693715.6714296 350 178 1
1577693715.8000011 338 259 0
1577693715.9285727 345 257 1
1577693716.0571442 347 193 1
1577693716.1857157 339 244 0
1577693716.4428587 355 227 1
1577693716.5714302 340 260 1
1577693716.8285732 340 246 1
1577693717.0857162 361 215 1
1577693717.2142878 336 214 0
1577693717.3428593 357 225 1
1577693717.4714308 354 197 0
1577693717.7285738 342 245 1
1577693717.8571453 352 191 1
1577693717.9857168 356 191 1
1577693718.2428598 338 260 0
1577693718.3714314 359 198 1
1577693718.6285744 339 264 0
1577693718.757146 351 211 0
1577693718.8857174 350 177 1
1577693719.014289 349 220 0
1577693719.1428604 353 191 1
1577693719.4000034 331 223 0
1577693719.528575 340 263 0
1577693719.6571465 336 229 0
1577693719.9142895 346 192 1
1577693720.042861 336 224 0
1577693720.1714325 355 226 1
1577693720.300004 349 257 1
1577693720.4285755 348 178 0
1577693720.557147 342 267 1
1577693720.6857185 350 182 0
1577693720.81429 334 222 0
1577693721.071433 332 224 0
1577693721.2000046 335 218 1
1577693721.328576 337 255 0
1577693721.4571476 343 181 0
1577693721.7142906 346 255 1
1577693721.8428621 345 228 0
1577693721.9714336 345 225 1
1577693722.2285767 344 260 0
1577693722.4857197 330 222 0
1577693722.6142912 359 199 1
1577693722.7428627 350 213 0
1577693722.8714342 352 214 0
1577693724.253521 345 258 1
1577693725.1408443 351 201 1
1577693725.2676048 360 206 1
1577693725.3943653 345 180 0
1577693725.5211258 351 179 1
1577693725.6478863 352 255 1
1577693725.7746468 344 258 1
1577693725.9014072 339 265 0
1577693726.0281677 348 234 0
1577693726.1549282 356 228 0
1577693726.2816887 338 223 0
1577693726.5352097 342 174 1
1577693726.6619701 345 250 1
1577693727.0422516 337 191 1
1577693727.169012 346 228 0
1577693727.8028145 336 267 1
1577693727.929575 341 260 1
1577693728.5633774 361 210 1
1577693728.8168983 363 268 1
1577693728.9436588 345 241 1
1577693729.1971798 357 191 1
1577693729.3239403 349 179 0
1577693729.4507008 336 215 0
1577693729.5774612 337 228 0
1577693729.7042217 343 264 1
1577693729.9577427 350 221 1
1577693730.0845032 337 233 0
1577693730.2112637 348 174 1
1577693730.591545 345 236 1
1577693730.7183056 353 244 1
1577693730.845066 339 239 0
1577693731.098587 338 246 0
1577693731.2253475 359 223 1
1577693731.352108 338 188 1
1577693731.605629 345 244 1
1577693731.7323895 345 257 1
1577693731.9859104 331 220 0
1577693732.112671 359 203 1
1577693732.6197128 345 260 0
1577693732.7464733 335 190 1
1577693732.8732338 337 232 0
1577693734.2432432 344 270 1
1577693734.4864864 338 238 0
1577693734.608108 339 258 0
1577693734.7297297 349 180 0
1577693734.8513513 347 177 0
1577693735.216216 347 221 0
1577693735.3378377 331 210 0
1577693735.4594593 348 231 0
1577693735.581081 341 265 0
1577693735.8243241 337 231 0
1577693735.9459457 330 224 0
1577693736.0675673 334 213 0
1577693736.189189 335 219 1
1577693736.3108106 341 173 1
1577693736.4324322 345 174 1
1577693736.5540538 353 252 1
1577693736.6756754 349 176 1
1577693736.797297 340 253 1
1577693736.9189186 340 266 0
1577693737.1621618 352 237 0
1577693737.2837834 356 207 1
1577693737.405405 337 230 0
1577693737.5270267 331 224 0
1577693737.7702699 345 240 1
1577693737.8918915 341 228 0
1577693738.013513 358 192 1
1577693738.1351347 333 225 1
1577693738.2567563 341 174 1
1577693738.4999995 342 179 1
1577693738.6216211 348 177 0
1577693738.8648643 336 270 1
1577693738.986486 342 260 1
1577693739.1081076 354 267 1
1577693739.2297292 342 254 1
1577693739.3513508 331 215 0
1577693739.4729724 346 177 0
1577693739.594594 354 197 1
1577693739.7162156 341 176 0
1577693739.8378372 361 216 1
1577693740.0810804 332 227 0
1577693740.202702 342 244 1
1577693740.3243237 347 186 1
1577693740.4459453 340 261 0
1577693740.5675669 356 217 1
1577693740.6891885 341 268 0
1577693740.9324317 344 250 1
1577693741.175675 331 222 0
1577693741.2972965 361 217 1
1577693741.4189181 342 176 0
1577693741.6621614 354 232 0
1577693741.9054046 353 246 1
1577693742.0270262 353 220 0
1577693742.2702694 342 226 0
1577693742.391891 331 214 0
1577693742.5135126 350 236 0
1577693742.6351342 350 184 1
1577693742.7567558 333 211 0
1577693742.8783774 339 183 0
1577693744.0 345 247 1
1577693744.1323528 345 175 0
1577693744.6617641 340 260 1
1577693744.794117 350 181 0
1577693744.9264698 346 258 1
1577693745.1911755 332 208 0
1577693745.3235283 346 268 1
1577693745.7205868 348 222 1
1577693746.1176453 352 204 0
1577693746.249998 355 232 0
1577693746.382351 361 213 1
1577693746.5147038 342 188 0
1577693746.6470566 343 268 1
1577693746.7794094 345 254 1
1577693746.9117622 337 259 0
1577693747.044115 341 259 0
1577693747.3088207 338 179 0
1577693747.5735264 361 219 1
1577693747.7058792 342 253 1
1577693747.9705849 348 192 1
1577693748.1029377 360 204 1
1577693748.3676434 345 255 1
1577693748.4999962 348 262 0
1577693748.632349 341 250 1
1577693748.7647018 345 188 1
1577693748.8970547 342 268 1
1577693749.0294075 342 182 0
1577693749.1617603 359 218 1
1577693749.5588188 330 223 0
1577693749.6911716 347 174 1
1577693749.8235245 347 173 1
1577693749.9558773 341 207 0
1577693750.0882301 342 249 1
1577693750.220583 334 196 1
1577693750.3529358 344 260 0
1577693750.4852886 358 216 1
1577693750.7499943 352 188 1
1577693751.1470528 343 267 1
1577693751.2794056 344 217 1
1577693751.5441113 345 258 1
1577693751.808817 346 225 1
1577693751.9411697 331 221 0
1577693752.0735226 339 262 0
1577693752.2058754 341 192 1
1577693752.3382282 352 220 0
1577693752.7352867 341 262 0
1577693752.8676395 359 220 0
1577693754.0 358 196 1
1577693754.118421 360 203 1
1577693754.2368422 345 192 1
1577693754.4736843 342 267 1
1577693754.5921054 337 223 0
1577693754.8289475 344 176 0
1577693755.0657897 353 253 1
1577693755.657895 339 188 1
1577693755.7763162 355 226 1
1577693755.8947372 336 225 0
1577693756.0131583 343 269 1
1577693756.1315794 340 190 1
1577693756.2500005 342 264 1
1577693756.3684216 331 217 0
1577693756.6052637 361 221 1
1577693756.7236848 344 246 1
1577693756.8421059 341 191 1
1577693756.960527 339 261 0
1577693757.197369 351 181 1
1577693757.3157902 361 220 1
1577693757.4342113 350 264 1
1577693757.9078956 357 269 1
1577693758.0263166 345 237 1
1577693758.1447377 359 202 1
1577693758.500001 344 252 1
1577693758.618422 346 176 0
1577693758.8552642 343 217 0
1577693758.9736853 359 224 1
1577693759.0921063 367 270 1
1577693759.2105274 361 218 1
1577693759.3289485 334 213 1
1577693759.4473696 350 195 0
1577693759.6842117 331 213 0
1577693759.921054 341 185 1
1577693760.039475 348 179 0
1577693760.2763171 343 191 1
1577693760.3947382 334 219 0
1577693760.6315804 341 226 0
1577693760.7500014 339 253 1
1577693760.8684225 343 231 0
1577693760.9868436 337 234 0
1577693761.460528 337 269 1
1577693761.69737 352 237 1
1577693761.9342122 336 188 1
1577693762.1710544 340 243 1
1577693762.2894754 357 213 1
1577693762.4078965 346 226 0
1577693762.5263176 344 175 0
1577693762.6447387 355 222 0
1577693762.7631598 346 227 0
1577693762.8815808 352 204 1
1577693764.0 348 235 1
1577693764.147541 339 181 1
1577693764.295082 345 250 1
1577693764.4426231 343 256 1
1577693764.8852463 340 175 1
1577693765.0327873 355 225 1
1577693765.1803284 333 269 1
1577693765.3278694 349 175 1
1577693765.4754105 355 268 1
1577693765.6229515 353 245 1
1577693765.7704926 345 242 1
1577693765.9180336 339 263 0
1577693766.3606567 352 187 1
1577693766.5081978 342 192 1
1577693766.6557388 350 237 1
1577693766.8032799 361 215 1
1577693766.950821 339 241 0
1577693767.098362 361 206 1
1577693767.393444 355 227 1
1577693767.6885262 338 259 0
1577693767.8360672 353 250 1
1577693768.1311493 357 224 1
1577693768.4262314 331 211 0
1577693769.1639366 342 220 0
1577693769.3114777 356 190 1
1577693769.4590187 349 189 1
1577693769.6065598 348 204 1
1577693769.9016418 345 235 1
1577693770.049183 357 225 1
1577693770.344265 350 175 1
1577693770.491806 340 182 1
1577693771.0819702 345 258 1
1577693771.2295113 338 182 0
1577693771.3770523 345 256 1
1577693771.9672165 344 192 1
1577693772.1147575 345 244 1
1577693772.2622986 337 222 1
1577693772.4098396 344 173 1
1577693772.7049217 342 266 1
1577693772.8524628 338 237 0
1577693774.0 360 221 1
1577693774.1267605 355 199 1
1577693774.253521 353 249 1
1577693774.507042 330 220 0
1577693774.6338024 341 220 0
1577693774.760563 340 191 1
1577693774.8873234 343 192 1
1577693775.2676048 361 209 1
1577693775.3943653 341 244 1
1577693775.5211258 358 203 0
1577693775.6478863 334 218 0
1577693775.7746468 330 221 0
1577693775.9014072 341 208 0
1577693776.0281677 340 255 1
1577693776.1549282 344 269 1
1577693776.2816887 362 269 1
1577693776.4084492 340 188 1
1577693776.5352097 342 263 1
1577693776.6619701 346 257 1
1577693776.7887306 344 244 1
1577693776.915491 361 211 1
1577693777.0422516 341 177 0
1577693777.169012 335 210 0
1577693777.2957726 333 224 1
1577693777.422533 331 226 0
1577693777.676054 358 194 1
1577693777.8028145 341 268 0
1577693777.929575 346 193 1
1577693778.0563354 337 217 0
1577693778.183096 351 178 1
1577693778.436617 347 174 1
1577693778.5633774 336 259 0
1577693778.6901379 346 201 0
1577693778.8168983 348 261 0
1577693778.9436588 355 191 1
1577693779.0704193 347 229 0
1577693779.1971798 341 249 1
1577693779.3239403 331 209 0
1577693779.4507008 345 178 1
1577693779.5774612 342 262 1
1577693779.7042217 337 259 0
1577693779.8309822 360 219 1
1577693779.9577427 361 212 1
1577693780.0845032 342 260 1
1577693780.2112637 336 190 1
1577693780.4647846 355 226 1
1577693780.7183056 344 189 0
1577693780.9718266 340 227 0
1577693781.098587 349 192 1
1577693781.2253475 336 268 1
1577693781.352108 338 270 1
1577693781.4788685 352 253 1
1577693781.7323895 338 217 0
1577693781.85915 342 243 1
1577693782.112671 334 199 1
1577693782.4929523 358 218 1
1577693782.7464733 345 176 0
1577693782.8732338 343 268 1
1577693784.0 345 247 1
1577693784.142857 339 242 0
1577693784.4285712 344 188 1
1577693784.5714283 333 211 1
1577693784.7142854 345 256 1
1577693784.8571424 344 245 1
1577693785.1428566 360 220 1
1577693785.2857137 343 173 1
1577693785.4285707 335 217 0
1577693785.5714278 345 255 1
1577693785.714285 340 173 1
1577693785.857142 335 191 1
1577693785.999999 349 176 1
1577693786.1428561 345 231 1
1577693786.2857132 359 217 0
1577693786.4285703 337 214 0
1577693786.5714273 332 226 0
1577693786.9999986 340 259 0
1577693787.1428556 328 267 1
1577693787.2857127 357 267 1
1577693787.4285698 340 265 0
1577693787.714284 344 172 1
1577693787.999998 337 189 1
1577693788.2857122 332 225 0
1577693788.4285693 349 218 0
1577693788.5714264 352 217 1
1577693788.7142835 336 216 0
1577693788.8571405 345 260 0
1577693789.1428547 338 176 1
1577693789.2857118 348 174 1
1577693789.714283 350 180 0
1577693789.85714 351 190 1
1577693789.9999971 352 254 1
1577693790.1428542 345 234 1
1577693790.2857113 351 181 1
1577693790.4285684 330 218 0
1577693790.7142825 345 232 1
1577693790.8571396 348 196 1
1577693790.9999967 347 237 0
1577693791.1428537 360 222 1
1577693791.2857108 343 243 1
1577693791.428568 344 241 1
1577693791.571425 357 197 0
1577693791.714282 342 264 1
1577693791.857139 341 261 1
1577693792.1428533 346 211 0
1577693792.4285674 339 262 0
1577693792.5714245 350 177 1
1577693792.8571386 334 222 0
1577693794.0 349 180 0
1577693794.1323528 338 269 1
1577693794.2647057 335 269 1
1577693794.3970585 352 193 1
1577693794.6617641 357 191 1
1577693794.794117 339 189 1
1577693795.0588226 343 251 1
1577693795.1911755 345 218 0
1577693795.3235283 348 178 0
1577693795.455881 358 197 1
1577693795.588234 337 259 0
1577693795.8529396 340 174 1
1577693795.9852924 348 262 1
1577693796.1176453 343 264 1
1577693796.249998 339 240 0
1577693796.5147038 341 173 1
1577693796.6470566 331 225 0
1577693796.7794094 340 234 1
1577693796.9117622 361 217 1
1577693797.044115 341 180 0
1577693797.176468 339 176 1
1577693797.3088207 340 241 1
1577693797.4411736 348 175 1
1577693797.5735264 340 263 0
1577693797.7058792 348 186 1
1577693797.838232 347 227 0
1577693797.9705849 345 181 0
1577693798.1029377 342 176 0
1577693798.2352905 343 262 1
1577693798.3676434 359 201 1
1577693798.4999962 338 260 0
1577693798.632349 344 227 0
1577693798.8970547 342 227 0
1577693799.0294075 343 254 1
1577693799.2941132 338 180 0
1577693799.426466 341 255 1
1577693799.6911716 347 177 0
1577693799.8235245 345 258 1
1577693799.9558773 340 260 1
1577693800.0882301 357 192 1
1577693800.220583 361 216 1
1577693800.3529358 353 217 1
1577693800.7499943 345 257 1
1577693800.882347 327 269 1
1577693801.0147 353 254 1
1577693801.1470528 331 224 0
1577693801.2794056 341 174 1
1577693801.4117584 339 265 0
1577693801.5441113 342 255 1
1577693801.808817 338 259 0
1577693802.0735226 353 201 0
1577693802.2058754 351 179 1
1577693802.470581 348 180 0
1577693802.7352867 344 260 0
1577693802.8676395 360 200 1
1577693804.1363637 342 234 0
1577693804.4090912 358 195 1
1577693804.8181825 356 191 1
1577693804.9545462 342 197 0
1577693805.09091 347 190 1
1577693805.2272737 361 214 1
1577693805.3636374 343 227 0
1577693805.5000012 343 265 1
1577693805.636365 339 259 0
1577693805.7727287 344 240 1
1577693806.0454562 344 267 1
1577693806.18182 350 178 1
1577693806.3181837 345 227 0
1577693806.4545474 354 226 1
1577693806.5909111 340 176 1
1577693807.0000024 330 224 0
1577693807.1363661 345 238 1
1577693807.5454574 339 266 0
1577693807.8181849 355 190 1
1577693807.9545486 342 186 1
1577693808.227276 342 181 0
1577693808.3636398 350 194 0
1577693808.5000036 351 194 0
1577693808.6363673 339 264 0
1577693808.772731 346 201 1
1577693809.0454586 332 202 0
1577693809.1818223 342 175 1
1577693809.318186 338 234 0
1577693809.4545498 343 226 0
1577693809.5909135 347 178 0
1577693809.7272773 359 199 1
1577693810.0000048 356 208 1
1577693810.1363685 338 236 0
1577693810.2727323 340 229 0
1577693810.409096 347 230 0
1577693810.5454597 362 212 1
1577693810.6818235 339 175 1
1577693810.954551 337 260 0
1577693811.2272785 349 175 1
1577693811.3636422 342 260 1
1577693811.500006 347 172 1
1577693811.6363697 359 198 1
1577693811.7727334 344 259 0
1577693811.9090972 349 229 0
1577693812.045461 338 203 0
1577693812.4545522 349 188 0
1577693812.590916 341 214 0
1577693812.7272797 357 207 1
1577693814.0 357 216 1
1577693814.142857 346 174 1
1577693814.2857141 349 255 0
1577693814.4285712 359 200 1
1577693814.5714283 344 262 1
1577693814.8571424 360 205 1
1577693814.9999995 360 203 1
1577693815.1428566 345 186 1
1577693815.2857137 343 176 0
1577693816.1428561 337 190 1
1577693816.2857132 350 191 1
1577693816.5714273 339 188 1
1577693816.7142844 354 189 1
1577693816.9999986 343 267 1
1577693817.1428556 353 208 0
1577693817.4285698 332 224 0
1577693817.714284 342 177 0
1577693817.857141 338 188 1
1577693817.999998 358 224 0
1577693818.1428552 337 221 1
1577693818.2857122 346 256 1
1577693818.4285693 344 256 1
1577693818.5714264 342 232 0
1577693818.8571405 345 247 1
1577693818.9999976 351 240 0
1577693819.2857118 341 192 1
1577693819.4285688 350 217 1
1577693819.85714 345 192 1
1577693820.1428542 350 176 1
1577693820.4285684 344 181 0
1577693820.7142825 340 178 0
1577693820.8571396 330 216 0
1577693821.1428537 340 264 0
1577693821.2857108 341 245 1
1577693821.428568 339 263 0
1577693821.714282 342 252 1
1577693821.857139 343 220 0
1577693821.9999962 342 258 1
1577693822.1428533 361 208 1
1577693822.2857103 346 228 0
1577693822.4285674 351 187 1
1577693822.5714245 335 219 1
1577693822.7142816 361 213 1
1577693822.8571386 348 257 0
1577693824.5094337 343 237 0
1577693824.679245 349 181 0
1577693824.8490562 340 225 0
1577693825.1886787 355 219 0
1577693825.5283012 345 179 1
1577693825.6981125 343 269 1
1577693826.037735 341 227 0
1577693826.2075462 345 191 1
1577693826.3773575 351 182 0
1577693827.0566025 345 255 1
1577693827.2264137 346 193 1
1577693827.396225 333 205 0
1577693827.5660362 346 202 1
1577693827.9056587 348 174 1
1577693828.07547 336 191 1
1577693828.2452812 345 258 1
1577693828.4150925 356 190 1
1577693828.5849037 347 258 0
1577693828.754715 342 263 1
1577693829.0943375 356 224 1
1577693829.2641487 353 188 1
1577693829.43396 354 192 1
1577693829.9433937 342 173 1
1577693830.113205 344 257 1
1577693830.2830162 346 191 1
1577693830.4528275 342 233 0
1577693830.6226387 345 243 1
1577693830.9622612 345 259 1
1577693831.3018837 338 189 1
1577693831.9811287 346 229 0
1577693832.15094 353 251 1
1577693832.3207512 358 225 0
1577693832.830185 349 182 1
1577693834.0 343 245 1
1577693834.2727275 350 208 0
1577693834.6818187 348 179 0
1577693834.8181825 347 223 1
1577693834.9545462 351 192 1
1577693835.09091 338 181 0
1577693835.2272737 355 227 1
1577693835.636365 348 178 0
1577693835.7727287 346 177 0
1577693835.9090924 347 174 1
1577693836.0454562 342 232 1
1577693836.18182 337 227 0
1577693836.3181837 331 224 0
1577693836.4545474 345 250 1
1577693836.5909111 340 268 0
1577693836.8636386 346 227 0
1577693837.1363661 353 201 1
1577693837.2727299 349 185 0
1577693837.4090936 345 257 1
1577693837.5454574 346 226 1
1577693837.681821 344 226 0
1577693838.3636398 343 270 1
1577693838.6363673 340 191 1
1577693838.772731 345 185 0
1577693838.9090948 331 212 0
1577693839.0454586 345 251 1
1577693839.1818223 337 259 0
1577693839.4545498 347 228 0
1577693839.7272773 341 230 0
1577693840.1363685 341 191 1
1577693840.2727323 339 266 0
1577693840.5454597 330 214 0
1577693840.8181872 331 227 0
1577693840.954551 345 256 1
1577693841.0909147 352 188 1
1577693841.2272785 350 185 0
1577693841.3636422 347 205 0
1577693841.500006 350 194 1
1577693841.6363697 338 203 1
1577693841.7727334 351 188 1
1577693842.045461 339 204 1
1577693842.1818247 332 224 1
1577693842.3181884 343 192 1
1577693842.4545522 345 254 1
1577693842.590916 360 221 1
1577693842.7272797 339 179 0
1577693842.8636434 359 223 1
1577693844.0 344 260 0
1577693844.1304348 356 205 1
1577693844.2608695 343 262 1
1577693844.521739 361 212 1
1577693844.9130433 361 210 1
1577693845.043478 330 221 0
1577693845.3043475 333 212 0
1577693845.8260865 357 193 1
1577693845.9565213 339 224 0
1577693846.2173908 360 204 1
1577693846.3478255 338 237 0
1577693846.608695 341 266 0
1577693846.9999993 342 191 1
1577693847.5217383 360 202 1
1577693847.652173 357 190 1
1577693847.7826078 353 208 1
1577693847.9130425 340 261 1
1577693848.173912 343 230 0
1577693848.5652163 356 229 0
1577693848.695651 354 208 0
1577693848.8260858 348 216 1
1577693848.9565206 347 237 1
1577693849.3478248 354 190 1
1577693849.4782596 354 226 1
1577693849.8695638 338 261 0
1577693849.9999986 338 248 0
1577693850.1304333 338 260 0
1577693850.260868 350 211 0
1577693850.3913028 349 176 1
1577693850.6521723 338 247 0
1577693850.9130418 356 224 1
1577693851.0434766 345 177 0
1577693851.1739113 339 247 0
1577693851.304346 360 220 1
1577693851.4347808 344 191 1
1577693851.5652156 349 179 0
1577693851.6956503 347 218 0
1577693852.0869546 356 209 1
1577693852.2173893 345 193 1
1577693852.347824 349 174 1
1577693852.6086936 352 255 1
1577693852.7391284 345 239 1
1577693854.15 353 189 1
1577693854.3000002 347 180 1
1577693854.4500003 347 193 1
1577693854.6000004 338 239 0
1577693854.7500005 342 267 1
1577693854.9000006 347 197 1
1577693855.0500007 347 177 0
1577693856.2500014 348 235 0
1577693856.7000017 350 234 0
1577693856.8500018 346 173 1
1577693857.150002 337 260 0
1577693857.300002 348 176 1
1577693857.4500022 349 191 0
1577693857.6000023 359 217 1
1577693857.7500024 349 217 1
1577693858.0500026 349 255 1
1577693858.2000027 345 248 1
1577693858.3500028 353 228 0
1577693858.650003 334 221 0
1577693858.800003 348 221 0
1577693859.4000034 361 211 1
1577693859.7000036 356 225 1
1577693859.8500037 353 253 1
1577693860.0000038 347 173 1
1577693860.150004 345 257 1
1577693860.450004 338 235 0
1577693860.6000042 337 257 1
1577693860.7500043 343 184 1
1577693860.9000044 340 265 0
1577693861.0500045 342 233 1
1577693861.2000046 344 173 1
1577693861.3500047 350 178 1
1577693861.5000048 337 189 1
1577693861.800005 337 188 1
1577693862.1000051 344 253 1
1577693862.2500052 337 232 0
1577693862.5500054 349 180 0
1577693862.7000055 355 189 1
1577693862.8500056 346 175 1
1577693864.0 345 251 1
1577693864.2399998 361 217 1
1577693864.3599997 340 269 0
1577693864.4799995 349 177 1
1577693864.7199993 344 261 0
1577693864.8399992 343 188 1
1577693864.959999 341 261 1
1577693865.079999 343 215 1
1577693865.1999989 341 192 1
1577693865.4399986 345 233 1
1577693865.5599985 357 218 1
1577693865.7999983 344 176 0
1577693865.9199982 350 183 0
1577693866.039998 359 269 1
1577693866.159998 343 257 1
1577693866.5199976 355 226 1
1577693866.6399975 347 185 1
1577693866.9999971 342 225 0
1577693867.119997 343 235 0
1577693867.239997 341 229 0
1577693867.3599968 343 268 1
1577693867.4799967 330 224 0
1577693867.5999966 339 264 0
1577693867.7199965 353 206 0
1577693868.079996 345 255 1
1577693868.3199959 336 217 0
1577693868.4399958 361 270 1
1577693868.5599957 341 225 0
1577693868.9199953 342 175 1
1577693869.0399952 364 268 1
1577693869.279995 340 270 0
1577693869.5199947 348 192 1
1577693869.7599945 342 192 1
1577693869.9999943 346 176 0
1577693870.1199942 348 223 1
1577693870.239994 345 245 1
1577693870.359994 340 188 1
1577693870.4799938 341 262 1
1577693870.9599934 343 269 1
1577693871.0799932 329 268 1
1577693871.1999931 358 193 1
1577693871.319993 361 215 1
1577693871.5599928 361 269 1
1577693872.0399923 336 216 0
1577693872.1599922 362 268 1
1577693872.279992 353 252 1
1577693872.399992 343 265 1
1577693872.5199919 345 173 1
1577693872.6399918 345 176 0
1577693872.7599916 348 181 0
1577693874.0 334 193 1
1577693874.140625 350 218 0
1577693874.28125 335 220 1
1577693874.421875 345 269 1
1577693874.5625 339 185 1
1577693874.703125 339 245 0
1577693874.84375 345 250 1
1577693874.984375 360 221 1
1577693875.265625 345 240 1
1577693875.40625 348 205 0
1577693875.546875 355 220 0
1577693875.6875 333 208 0
1577693875.828125 358 195 1
1577693875.96875 363 270 1
1577693876.109375 370 270 1
1577693876.25 351 244 1
1577693876.390625 354 226 1
1577693876.53125 345 242 1
1577693876.671875 348 173 1
1577693876.8125 346 228 0
1577693876.953125 345 174 1
1577693877.09375 352 252 1
1577693877.234375 336 189 1
1577693877.375 340 185 1
1577693877.515625 345 258 1
1577693877.65625 340 175 1
1577693877.796875 341 185 1
1577693877.9375 360 206 1
1577693878.078125 344 188 1
1577693878.359375 342 264 1
1577693878.5 342 259 0
1577693878.78125 349 205 1
1577693878.921875 352 183 0
1577693879.34375 341 243 1
1577693879.625 339 256 1
1577693879.765625 339 260 0
1577693879.90625 359 267 1
1577693880.046875 349 186 0
1577693880.1875 360 207 1
1577693880.328125 348 193 1
1577693880.46875 345 229 0
1577693880.609375 349 259 0
1577693880.75 336 230 0
1577693880.890625 356 192 1
1577693881.03125 346 254 1
1577693881.171875 356 224 1
1577693881.3125 347 191 1
1577693881.453125 339 189 1
1577693881.875 353 190 1
1577693882.015625 347 186 1
1577693882.15625 335 218 0
1577693882.296875 347 187 1
1577693882.71875 333 197 1
1577693884.0 345 259 1
1577693884.125 357 192 1
1577693884.25 360 219 1
1577693884.375 353 191 1
1577693884.625 361 218 1
1577693884.75 341 177 0
1577693885.125 343 179 1
1577693885.25 340 190 1
1577693885.375 345 254 1
1577693885.5 360 269 1
1577693885.625 339 262 0
1577693885.875 335 190 1
1577693886.25 350 229 0
1577693886.375 361 213 1
1577693886.5 345 175 1
1577693886.625 360 220 1
1577693886.75 343 266 1
1577693887.0 357 191 1
1577693887.125 347 174 1
1577693887.25 338 260 0
1577693887.375 335 268 1
1577693887.5 361 216 1
1577693887.625 361 214 1
1577693887.875 349 192 1
1577693888.0 345 247 1
1577693888.125 341 173 1
1577693888.25 347 178 0
1577693888.375 348 218 0
1577693888.625 350 186 0
1577693888.75 336 227 0
1577693888.875 342 263 1
1577693889.0 338 189 1
1577693889.125 337 233 0
1577693889.25 352 213 0
1577693889.375 340 261 1
1577693889.5 341 218 0
1577693889.625 342 179 1
1577693889.875 342 265 1
1577693890.0 339 267 0
1577693890.125 366 268 1
1577693890.25 348 178 0
1577693890.375 358 194 1
1577693890.625 337 259 0
1577693890.75 342 262 1
1577693890.875 336 226 0
1577693891.125 339 263 0
1577693891.25 344 254 1
1577693891.375 340 266 0
1577693891.5 350 177 1
1577693891.625 344 264 1
1577693891.875 339 266 0
1577693892.125 354 266 1
1577693892.25 332 206 0
1577693892.375 360 222 1
1577693892.625 345 256 1
1577693892.875 345 244 1
1577693894.0 354 208 0
1577693894.4153848 341 175 1
1577693894.692308 358 220 0
1577693894.8307695 350 179 1
1577693894.9692311 337 218 0
1577693895.2461543 354 226 1
1577693895.384616 346 179 1
1577693895.5230775 335 192 1
1577693895.661539 337 217 0
1577693895.8000007 353 248 1
1577693895.9384623 356 191 1
1577693896.0769238 344 220 0
1577693896.2153854 348 175 1
1577693896.353847 348 259 0
1577693896.4923086 336 228 0
1577693896.6307702 356 267 1
1577693896.7692318 340 189 1
1577693896.9076934 366 270 1
1577693897.046155 344 183 1
1577693897.1846166 359 200 1
1577693897.3230782 344 193 1
1577693897.4615397 351 211 1
1577693897.6000013 352 188 1
1577693897.738463 344 249 1
1577693897.8769245 343 262 1
1577693898.1538477 346 177 0
1577693898.2923093 343 203 1
1577693898.5692325 343 253 1
1577693898.707694 332 203 0
1577693898.8461556 355 230 0
1577693898.9846172 338 218 0
1577693899.1230788 352 189 1
1577693899.2615404 345 192 1
1577693899.6769252 342 207 0
1577693899.8153868 341 262 1
1577693900.09231 343 191 1
1577693900.3692331 345 251 1
1577693900.6461563 331 268 1
1577693900.9230795 344 185 0
1577693901.2000027 350 184 1
1577693901.3384643 330 215 0
1577693901.4769258 348 180 0
1577693901.6153874 331 219 0
1577693901.753849 337 260 0
1577693901.8923106 342 257 1
1577693902.0307722 360 221 1
1577693902.1692338 342 269 1
1577693902.3076954 354 225 1
1577693902.446157 358 224 1
1577693902.7230802 330 224 0
1577693904.0 342 181 0
1577693904.1153846 351 220 0
1577693904.6923075 358 196 1
1577693904.807692 343 206 0
1577693904.9230766 345 258 1
1577693905.1538458 347 217 1
1577693905.384615 342 174 1
1577693905.615384 346 269 1
1577693905.8461533 355 200 1
1577693906.0769224 336 190 1
1577693906.3076916 332 269 1
1577693906.5384607 345 257 1
1577693906.6538453 343 263 1
1577693906.76923 336 260 0
1577693906.8846145 362 210 1
1577693906.999999 342 251 1
1577693907.1153836 355 191 1
1577693907.4615374 349 175 1
1577693907.576922 345 241 1
1577693907.6923065 343 265 1
1577693907.807691 359 198 1
1577693907.9230757 350 178 1
1577693908.1538448 351 181 1
1577693908.2692294 342 268 1
1577693908.4999986 342 186 1
1577693908.7307677 346 244 1
1577693908.8461523 345 202 1
1577693909.0769215 361 211 1
1577693909.4230752 349 190 1
1577693909.6538444 348 243 1
1577693909.769229 349 176 1
1577693909.8846135 355 221 0
1577693909.999998 344 231 0
1577693910.1153827 360 218 1
1577693910.4615364 336 215 0
1577693910.576921 348 191 0
1577693910.6923056 351 256 1
1577693911.0384593 340 174 1
1577693911.2692285 345 176 0
1577693911.384613 333 207 0
1577693911.7307668 341 181 0
1577693911.8461514 348 179 0
1577693912.192305 344 261 0
1577693912.3076897 333 270 1
1577693912.4230742 361 209 1
1577693912.6538434 347 231 0
1577693912.769228 347 219 0
1577693912.8846126 354 220 0
1577693914.0 355 231 0
1577693914.3103447 338 238 0
1577693914.465517 337 234 0
1577693914.931034 337 191 1
1577693915.3965511 343 218 0
1577693915.5517235 351 179 1
1577693915.7068958 336 224 0
1577693916.0172405 337 231 0
1577693916.1724129 356 193 1
1577693916.3275852 346 181 0
1577693916.4827576 344 250 1
1577693917.103447 334 216 0
1577693917.2586193 339 183 0
1577693917.568964 335 216 0
1577693917.7241364 346 228 0
1577693918.499998 343 217 1
1577693918.6551704 351 189 1
1577693918.9655151 330 221 0
1577693919.1206875 342 176 0
1577693919.2758598 347 177 0
1577693919.4310322 343 180 1
1577693919.5862045 340 226 0
1577693919.8965492 347 233 0
1577693920.0517216 342 192 1
1577693920.206894 359 197 1
1577693920.3620663 354 226 1
1577693920.5172386 354 227 1
1577693920.672411 344 260 0
1577693920.8275833 336 201 1
1577693920.9827557 360 204 1
1577693921.137928 333 226 1
1577693921.2931004 341 263 1
1577693921.4482727 334 269 1
1577693921.603445 331 225 0
1577693921.9137897 351 229 0
1577693922.068962 333 222 0
1577693922.2241344 350 187 1
1577693922.3793068 337 260 0
1577693922.8448238 346 250 1
1577693924.0 336 231 0
1577693924.3461537 343 173 1
1577693924.5192306 345 255 1
1577693924.6923075 345 193 1
1577693924.8653843 341 251 1
1577693925.0384612 345 248 1
1577693925.5576918 338 240 0
1577693925.7307687 337 230 0
1577693925.9038455 341 192 1
1577693926.0769224 348 193 1
1577693926.2499993 358 197 1
1577693926.4230762 347 174 1
1577693926.596153 337 256 1
1577693926.76923 345 243 1
1577693926.9423068 340 261 1
1577693927.1153836 346 220 0
1577693927.2884605 341 248 1
1577693927.4615374 348 174 1
1577693927.807691 342 246 1
1577693928.3269217 331 224 0
1577693928.8461523 359 199 1
1577693929.0192292 361 207 1
1577693929.192306 360 220 1
1577693929.365383 356 224 1
1577693929.5384598 345 192 1
1577693929.7115366 339 254 1
1577693929.8846135 341 261 1
1577693930.0576904 350 190 1
1577693930.2307673 343 260 0
1577693930.576921 342 177 0
1577693931.0961516 345 190 0
1577693931.2692285 360 217 1
1577693931.4423053 340 191 1
1577693931.6153822 352 256 1
1577693931.788459 352 213 1
1577693932.1346128 358 225 1
1577693932.3076897 338 237 0
1577693932.6538434 349 259 1
1577693934.0 352 227 0
1577693934.1578948 330 217 0
1577693934.4736845 361 212 1
1577693934.6315794 339 181 1
1577693934.7894742 346 173 1
1577693934.947369 348 220 0
1577693935.105264 359 201 1
1577693935.5789485 352 191 1
1577693935.8947382 350 181 0
1577693936.052633 349 214 0
1577693936.5263176 344 247 1
1577693936.6842124 349 180 0
1577693936.8421073 349 181 0
1577693937.157897 342 187 1
1577693937.3157918 338 260 0
1577693937.4736867 344 173 1
1577693937.7894764 341 176 0
1577693937.9473712 349 184 1
1577693938.105266 336 222 0
1577693938.263161 350 220 0
1577693938.4210558 344 192 1
1577693938.7368455 334 222 0
1577693938.8947403 356 225 1
1577693939.0526352 345 270 1
1577693939.368425 347 178 0
1577693939.5263197 339 243 0
1577693939.6842146 331 216 0
1577693939.8421094 343 172 1
1577693940.0000043 342 263 1
1577693940.1578991 347 229 0
1577693940.4736888 338 230 0
1577693940.6315837 345 254 1
1577693940.7894785 361 210 1
1577693940.9473734 330 223 0
1577693941.1052682 360 221 1
1577693941.263163 349 176 1
1577693941.421058 342 259 1
1577693941.5789528 361 215 1
1577693941.7368476 333 198 1
1577693942.2105322 349 183 1
1577693942.526322 357 193 1
1577693942.8421116 345 250 1
1577693944.1551723 345 252 1
1577693944.3103447 339 265 0
1577693944.465517 348 175 1
1577693944.6206894 343 249 1
1577693944.7758617 339 266 0
1577693945.0862064 341 186 1
1577693945.2413788 361 216 1
1577693945.3965511 344 255 1
1577693945.5517235 346 226 1
1577693946.0172405 339 264 0
1577693946.1724129 345 251 1
1577693946.7931023 355 223 0
1577693946.9482746 340 247 1
1577693947.103447 343 185 0
1577693947.2586193 361 217 1
1577693947.4137917 348 188 0
1577693947.568964 360 205 1
1577693947.8793087 331 214 0
1577693948.034481 345 259 1
1577693948.1896534 329 224 0
1577693948.3448257 339 233 1
1577693948.499998 346 180 1
1577693948.9655151 340 261 1
1577693949.1206875 342 250 1
1577693949.4310322 345 235 1
1577693949.7413769 349 177 1
1577693949.8965492 341 174 1
1577693950.0517216 356 192 1
1577693950.3620663 348 179 0
1577693950.5172386 343 269 1
1577693950.8275833 356 230 0
1577693951.2931004 345 245 1
1577693951.603445 346 227 0
1577693951.7586174 358 224 1
1577693951.9137897 340 192 1
1577693952.3793068 351 190 1
1577693952.8448238 345 261 0
1577693954.0 339 210 1
1577693954.2465754 336 216 0
1577693954.369863 357 226 0
1577693954.4931507 360 215 1
1577693954.6164384 350 178 1
1577693954.739726 361 219 1
1577693954.8630137 361 208 1
1577693954.9863014 330 222 0
1577693955.109589 347 193 1
1577693955.3561645 353 223 0
1577693955.6027398 339 241 0
1577693955.7260275 339 218 0
1577693955.8493152 356 221 1
1577693956.0958905 340 267 0
1577693956.2191782 342 208 0
1577693956.3424659 348 266 1
1577693956.4657536 338 219 0
1577693956.5890412 354 191 1
1577693956.712329 360 219 1
1577693956.9589043 354 226 1
1577693957.082192 335 217 0
1577693957.2054796 354 227 1
1577693957.452055 340 266 0
1577693957.6986303 338 189 1
1577693957.821918 360 220 1
1577693957.9452057 342 175 1
1577693958.3150687 337 189 1
1577693958.561644 341 254 1
1577693958.6849318 345 181 0
1577693958.8082194 340 245 1
1577693958.931507 354 209 0
1577693959.0547948 339 182 1
1577693959.1780825 332 217 0
1577693959.3013701 344 261 0
1577693959.4246578 331 222 0
1577693959.5479455 338 261 0
1577693959.9178085 346 193 1
1577693960.0410962 349 205 0
1577693960.164384 341 192 1
1577693960.2876716 343 252 1
1577693960.4109592 356 226 0
1577693960.534247 336 191 1
1577693960.6575346 330 225 0
1577693960.7808223 335 191 1
1577693961.0273976 342 201 0
1577693961.1506853 353 187 1
1577693961.273973 342 256 1
1577693961.3972607 362 270 1
1577693961.7671237 330 221 0
1577693961.8904114 345 256 1
1577693962.013699 342 229 0
1577693962.1369867 352 227 1
1577693962.2602744 338 224 0
1577693962.383562 345 188 1
1577693962.5068498 345 220 0
1577693962.6301374 340 263 0
1577693964.0 359 193 1
1577693964.4736845 345 258 1
1577693964.7894742 360 214 1
1577693964.947369 353 257 1
1577693965.105264 348 244 1
1577693965.5789485 345 249 1
1577693965.7368433 343 266 1
1577693965.8947382 338 230 1
1577693966.052633 360 206 1
1577693966.210528 339 263 0
1577693966.3684227 360 203 1
1577693966.5263176 347 221 0
1577693966.6842124 341 227 0
1577693966.8421073 355 266 1
1577693967.0000021 346 177 0
1577693967.157897 351 238 0
1577693967.3157918 331 217 0
1577693967.4736867 330 270 1
1577693967.7894764 341 187 0
1577693967.9473712 335 193 1
1577693968.105266 345 228 0
1577693968.263161 357 194 1
1577693968.4210558 345 206 0
1577693968.5789506 340 264 0
1577693968.7368455 341 173 1
1577693968.8947403 339 188 1
1577693969.0526352 342 265 1
1577693969.21053 339 260 0
1577693969.368425 345 246 1
1577693969.5263197 352 238 0
1577693969.6842146 360 207 1
1577693969.8421094 343 188 1
1577693970.0000043 359 206 1
1577693970.1578991 344 251 1
1577693970.315794 345 248 1
1577693970.4736888 364 269 1
1577693970.6315837 338 190 1
1577693970.7894785 337 260 0
1577693971.1052682 349 214 1
1577693971.263163 330 224 0
1577693971.421058 351 182 1
1577693971.5789528 331 213 0
1577693971.7368476 342 261 1
1577693971.8947425 345 266 1
1577693972.0526373 345 187 1
1577693972.526322 342 182 0
1577693972.6842167 352 247 1
1577693972.8421116 361 220 1
1577693974.1384616 344 190 0
1577693974.2769232 337 268 1
1577693974.4153848 344 176 0
1577693974.5538464 332 204 0
1577693974.692308 331 225 0
1577693974.8307695 345 238 1
1577693975.1076927 358 196 1
1577693975.2461543 350 236 1
1577693975.384616 359 200 1
1577693975.5230775 346 187 1
1577693975.661539 345 257 1
1577693975.8000007 340 183 1
1577693975.9384623 352 220 0
1577693976.0769238 330 220 0
1577693976.2153854 359 222 1
1577693976.353847 350 182 0
1577693976.4923086 340 191 1
1577693976.6307702 330 219 0
1577693976.9076934 356 190 1
1577693977.1846166 342 267 1
1577693977.738463 343 193 1
1577693977.8769245 342 173 1
1577693978.015386 361 214 1
1577693978.1538477 339 189 1
1577693978.2923093 342 223 1
1577693978.5692325 352 254 1
1577693978.707694 348 180 0
1577693978.9846172 349 228 0
1577693979.400002 358 224 1
1577693979.5384636 343 192 1
1577693979.6769252 359 219 1
1577693979.8153868 349 180 0
1577693979.9538484 338 191 1
1577693980.09231 352 192 1
1577693980.2307715 341 245 1
1577693980.3692331 332 226 1
1577693980.5076947 351 181 1
1577693980.6461563 360 201 1
1577693980.9230795 342 245 1
1577693981.061541 348 186 1
1577693981.2000027 345 254 1
1577693981.3384643 343 209 0
1577693981.4769258 358 195 1
1577693981.6153874 353 254 1
1577693981.753849 341 224 0
1577693982.0307722 347 268 1
1577693982.446157 360 219 1
1577693982.5846186 341 262 1
1577693982.7230802 345 252 1
1577693982.8615417 346 228 0
1577693984.0 343 176 0
1577693984.327273 360 220 1
1577693984.6545458 346 188 1
1577693984.8181822 344 228 0
1577693984.9818187 340 239 1
1577693985.1454551 355 225 1
1577693985.3090916 338 183 0
1577693985.472728 345 253 1
1577693985.6363645 343 187 1
1577693985.800001 337 261 0
1577693985.9636374 337 208 1
1577693986.1272738 352 188 1
1577693986.2909102 351 234 0
1577693986.4545467 350 191 1
1577693986.6181831 353 189 1
1577693986.945456 349 186 0
1577693987.1090925 345 255 1
1577693987.272729 340 254 1
1577693987.4363654 347 202 1
1577693987.7636383 357 191 1
1577693988.418184 341 234 0
1577693988.5818205 361 268 1
1577693988.745457 361 211 1
1577693989.4000027 358 219 1
1577693989.5636392 338 219 1
1577693989.7272756 350 179 1
1577693989.890912 361 213 1
1577693990.0545485 357 192 1
1577693990.218185 358 223 1
1577693990.3818214 341 249 1
1577693990.5454578 350 177 1
1577693990.7090943 349 245 1
1577693990.8727307 342 191 1
1577693991.0363672 335 270 1
1577693991.2000036 340 261 1
1577693991.36364 348 193 1
1577693991.5272765 345 177 0
1577693991.690913 348 175 1
1577693991.8545494 350 176 1
1577693992.0181859 361 215 1
1577693992.1818223 348 206 0
1577693992.3454587 359 266 1
1577693992.6727316 343 265 1
1577693994.0 345 258 1
1577693994.1607144 345 251 1
1577693994.3214288 351 191 1
1577693994.6428576 354 265 1
1577693994.9642863 344 174 1
1577693995.1250007 335 220 1
1577693995.285715 349 176 1
1577693995.4464295 333 268 1
1577693995.6071439 354 226 1
1577693995.9285727 349 188 0
1577693996.089287 337 233 0
1577693996.2500014 349 228 1
1577693996.4107158 356 227 0
1577693996.5714302 342 244 1
1577693996.7321446 344 193 1
1577693996.892859 345 192 1
1577693997.0535734 343 263 1
1577693997.2142878 366 269 1
1577693997.3750021 339 180 0
1577693997.5357165 346 249 1
1577693997.696431 349 256 1
1577693998.0178597 351 218 0
1577693998.178574 345 233 1
1577693998.3392885 331 215 0
1577693998.6607172 341 261 1
1577693998.8214316 336 207 1
1577693999.1428604 344 202 1
1577693999.3035748 344 181 0
1577693999.4642892 353 226 1
1577693999.6250036 337 232 0
1577693999.785718 344 206 0
1577693999.9464324 343 173 1
1577694000.1071467 330 225 0
1577694000.2678611 352 238 1
1577694000.4285755 345 193 1
1577694000.9107187 341 264 1
1577694001.071433 345 237 1
1577694001.2321475 360 218 1
1577694001.5535762 360 221 1
1577694001.7142906 355 190 1
1577694001.875005 355 191 1
1577694002.0357194 342 207 1
1577694002.1964338 346 223 1
1577694002.3571482 347 230 0
1577694002.5178626 353 209 0
1577694002.8392913 346 211 1
1577694004.0 344 261 0
1577694004.142857 344 177 0
1577694004.2857141 353 207 0
1577694004.4285712 337 235 0
1577694004.5714283 342 269 1
1577694004.8571424 336 217 0
1577694004.9999995 339 176 1
1577694005.1428566 339 270 0
1577694005.4285707 340 175 1
1577694005.5714278 339 242 0
1577694005.714285 351 180 1
1577694005.857142 353 191 1
1577694005.999999 356 225 1
1577694006.1428561 338 262 0
1577694006.2857132 343 246 1
1577694006.4285703 340 174 1
1577694006.5714273 338 239 0
1577694006.7142844 342 192 1
1577694006.8571415 337 223 1
1577694007.1428556 338 261 0
1577694007.2857127 353 214 0
1577694007.4285698 360 205 1
1577694007.5714269 339 184 0
1577694007.857141 331 269 1
1577694007.999998 343 268 1
1577694008.1428552 338 255 1
1577694008.2857122 351 184 0
1577694008.4285693 347 178 0
1577694008.5714264 349 178 1
1577694008.7142835 331 210 0
1577694008.8571405 336 229 0
1577694009.2857118 357 225 0
1577694009.4285688 330 218 0
1577694009.85714 352 182 1
1577694010.1428542 351 218 1
1577694010.2857113 344 204 1
1577694010.4285684 343 269 1
1577694010.5714254 350 186 0
1577694010.7142825 341 175 1
1577694011.1428537 344 203 1
1577694011.2857108 337 260 0
1577694011.428568 339 264 0
1577694011.714282 346 254 1
1577694011.9999962 357 268 1
1577694012.2857103 341 231 0
1577694012.4285674 338 236 0
1577694012.5714245 338 189 1
1577694012.7142816 352 189 1
1577694014.0 342 244 0
1577694014.375 336 225 0
1577694014.9375 347 223 1
1577694015.125 337 229 0
1577694015.5 345 256 1
1577694015.6875 350 226 0
1577694015.875 354 227 1
1577694016.25 347 239 0
1577694016.4375 347 174 1
1577694016.8125 354 189 1
1577694017.0 326 270 1
1577694017.75 341 172 1
1577694017.9375 342 235 0
1577694018.5 349 193 1
1577694018.6875 344 254 1
1577694018.875 345 179 1
1577694019.25 353 226 1
1577694020.0 348 181 0
1577694020.1875 356 222 1
1577694020.9375 346 221 0
1577694021.3125 331 225 0
1577694021.6875 346 229 0
1577694021.875 346 230 0
1577694022.0625 349 180 0
1577694022.4375 344 232 0
1577694022.625 342 228 0
1577694022.8125 339 190 1
1577694024.1698112 346 228 0
1577694024.3396225 344 248 1
1577694024.679245 330 213 0
1577694025.0188675 336 227 0
1577694025.35849 344 266 1
1577694025.5283012 344 262 0
1577694025.8679237 346 251 1
1577694026.3773575 358 225 1
1577694026.5471687 346 174 1
1577694026.71698 355 198 1
1577694026.8867912 358 197 1
1577694027.0566025 347 179 0
1577694027.396225 342 183 0
1577694027.5660362 345 248 1
1577694027.7358475 345 260 1
1577694028.07547 340 265 0
1577694028.9245262 345 259 1
1577694029.0943375 342 177 0
1577694029.2641487 344 189 1
1577694029.43396 351 220 1
1577694029.6037712 335 214 0
1577694030.113205 334 223 0
1577694030.2830162 346 177 0
1577694030.4528275 349 181 0
1577694030.6226387 337 261 0
1577694030.79245 348 179 0
1577694030.9622612 355 215 1
1577694031.1320724 357 221 1
1577694031.6415062 337 236 0
1577694031.8113174 345 182 0
1577694031.9811287 368 270 1
1577694032.15094 360 217 1
1577694032.4905624 342 208 1
1577694032.6603737 360 209 1
1577694034.2432432 351 257 1
1577694034.9729729 341 186 1
1577694035.216216 342 265 1
1577694035.4594593 349 185 1
1577694035.7027025 339 189 1
1577694035.9459457 360 268 1
1577694036.189189 355 216 1
1577694036.4324322 345 173 1
1577694036.6756754 337 191 1
1577694037.405405 341 192 1
1577694038.1351347 331 227 0
1577694038.378378 341 178 0
1577694038.6216211 337 234 0
1577694038.8648643 348 262 0
1577694039.1081076 340 252 1
1577694039.594594 340 230 0
1577694039.8378372 348 180 0
1577694040.5675669 342 193 1
1577694041.0540533 330 216 0
1577694041.2972965 350 178 1
1577694041.783783 360 220 1
1577694042.0270262 343 193 1
1577694042.5135126 360 208 1
1577694042.7567558 361 212 1
1577694044.0 347 177 0
1577694044.25 339 257 1
1577694044.625 354 205 0
1577694044.875 344 255 1
1577694045.0 336 216 0
1577694045.125 357 224 0
1577694045.25 358 198 1
1577694045.625 341 203 1
1577694045.75 346 270 1
1577694046.125 338 263 0
1577694046.25 339 267 0
1577694046.375 360 219 1
1577694046.5 351 183 0
1577694046.625 348 219 0
1577694046.75 347 178 0
1577694046.875 360 210 1
1577694047.0 339 240 0
1577694047.125 355 224 1
