3041790842.5537205 346 274 0
3041790842.690241 357 180 0
3041790842.6946926 348 244 1
3041790842.6954346 332 244 0
3041790842.6969185 326 225 0
3041790842.6976604 372 210 0
3041790842.7006283 344 221 1
3041790842.702112 365 198 0
3041790842.8564396 343 174 1
3041790842.863117 350 188 1
3041790843.9174404 341 307 1
3041790843.9181824 341 306 1
3041790843.9204082 337 309 0
3041790843.921892 338 308 0
3041790843.92486 348 270 0
3041790843.9545383 341 180 1
3041790843.9693775 363 245 0
3041790844.4011974 341 308 1
3041790844.4026814 340 309 1
3041790844.942827 361 223 0
3041790846.021479 327 244 1
3041790846.0423074 355 271 1
3041790846.0429583 333 253 0
3041790846.0624847 350 277 0
3041790846.4582214 333 322 0
3041790846.954845 337 319 0
3041790846.976324 342 185 1
3041790846.9841347 335 205 0
3041790847.914897 341 315 0
3041790847.9233584 354 297 0
3041790848.014482 339 182 0
3041790848.015133 368 186 1
3041790848.015784 364 219 1
3041790848.0164347 373 220 0
3041790848.019689 350 198 1
3041790848.024896 363 230 0
3041790848.026198 363 228 0
3041790848.026849 354 228 0
3041790849.422992 338 310 1
3041790849.4275484 338 270 1
3041790849.43601 350 170 0
3041790849.4431696 334 197 0
3041790849.7386703 358 179 1
3041790849.7484336 362 238 0
3041790849.890326 382 304 0
3041790850.456594 355 173 0
3041790850.4585466 352 172 0
3041790850.463103 341 183 0
3041790850.4715643 351 222 0
3041790850.472215 363 222 0
3041790850.473517 329 212 0
3041790850.4754696 359 236 0
3041790850.4761205 331 230 0
3041790850.478724 347 246 0
3041790850.479375 352 246 1
3041790850.4806767 357 245 0
3041790850.484582 337 293 0
3041790850.4917417 353 288 0
3041790850.495647 336 296 0
3041790850.496298 345 296 0
3041790850.4989014 339 298 0
3041790851.20576 341 300 1
3041790851.265641 344 296 0
3041790851.267594 337 299 1
3041790851.2688956 342 302 0
3041790851.272801 339 294 0
3041790851.2747536 355 292 0
3041790851.278659 339 271 1
3041790851.3417945 346 179 0
3041790851.3424454 341 178 1
3041790851.343747 357 185 0
3041790851.3457 341 184 0
3041790851.3476524 332 211 0
3041790851.3522086 332 246 0
3041790852.520543 336 310 0
3041790852.532259 338 266 1
3041790852.648116 344 190 0
3041790852.6526723 348 252 0
3041790852.653323 333 252 0
3041790852.654625 349 250 0
3041790852.6617846 342 193 1
3041790852.664388 342 220 0
3041790853.0347404 337 306 1
3041790853.037995 333 312 1
3041790853.0392966 340 314 1
3041790853.042551 349 260 0
3041790853.097876 354 169 1
3041790853.098527 346 174 1
3041790853.099178 356 174 0
3041790853.0998287 348 178 1
3041790853.737043 342 298 0
3041790853.7513623 349 253 0
3041790856.138745 316 209 1
3041790856.14269 365 240 1
3041790856.228173 333 251 0
3041790856.527362 345 184 1
3041790857.5972095 333 313 0
3041790857.7523932 347 180 1
3041790857.753051 348 190 1
3041790857.7609415 345 248 0
3041790857.761599 337 210 0
3041790857.7622566 367 210 0
3041790857.7635717 372 223 0
3041790858.741361 353 197 1
3041790859.047126 354 171 0
3041790859.2542567 335 323 0
3041790859.2680655 349 294 0
3041790859.2706957 348 300 1
3041790859.3127794 354 177 0
3041790860.2675543 334 308 1
3041790860.2793903 339 318 0
3041790860.3418584 350 171 0
3041790860.366188 347 176 1
3041790860.3727636 347 185 1
3041790860.373421 339 189 1
3041790860.379997 357 248 0
3041790860.3806543 344 241 0
3041790860.382627 353 227 0
3041790860.383942 356 227 0
3041790860.3905177 337 218 1
3041790860.3911753 343 196 1
3041790860.3951206 335 206 1
3041790860.8764534 340 306 1
3041790860.8790836 339 314 1
3041790860.883029 339 297 1
3041790860.8850017 343 275 1
3041790860.885659 343 286 1
3041790860.932346 359 182 0
3041790860.9330034 343 197 1
3041790860.9343185 328 242 0
3041790860.9356337 359 242 0
3041790860.936291 355 244 0
3041790861.0059924 340 204 1
3041790861.00928 328 217 0
3041790861.0119104 358 233 0
3041790861.0132256 367 246 1
3041790861.013883 348 246 0
3041790862.3506994 363 248 1
3041790862.351357 326 234 0
3041790862.3612204 343 301 0
3041790862.373714 353 287 0
3041790862.3743715 350 287 0
3041790862.5532274 345 185 0
3041790862.5552 381 186 0
3041790862.5558577 352 190 1
3041790862.567036 333 233 1
3041790862.569009 362 243 0
3041790862.5696664 339 244 1
3041790862.577557 333 322 1
3041790863.214731 367 193 0
3041790863.215389 354 193 0
3041790863.2160463 382 198 0
3041790863.216704 381 198 0
3041790863.2173615 379 198 0
3041790863.2186766 334 215 0
3041790863.225252 348 278 0
3041790863.2278824 335 310 0
3041790863.9696083 358 188 0
3041790863.974211 336 298 1
3041790863.9755263 336 308 1
3041790866.0066133 361 218 0
3041790866.0088177 344 302 1
3041790866.049967 368 199 0
3041790866.0507016 342 174 1
3041790866.1116905 334 256 0
3041790866.1278563 335 190 1
3041790866.1756186 337 303 1
3041790866.249834 326 235 0
3041790866.250569 359 235 1
3041790866.2513037 341 235 0
3041790866.3284583 330 323 0
3041790866.337276 342 296 0
3041790866.5209775 333 310 1
3041790866.523182 341 311 0
3041790867.5629325 332 314 0
3041790867.564402 334 314 0
3041790867.565137 333 314 0
3041790867.568811 335 297 0
3041790867.659927 342 173 1
3041790867.6658053 340 185 0
3041790867.6768274 340 178 0
3041790867.678297 367 195 0
3041790867.679032 349 196 1
3041790867.6797667 374 211 1
3041790867.6812363 355 226 1
3041790867.6834407 353 246 1
3041790869.0016828 334 311 0
3041790869.0134397 341 301 0
3041790869.015644 343 278 0
3041790869.0171137 354 271 1
3041790869.602754 343 299 1
3041790869.610102 337 304 0
3041790869.6468425 357 181 0
3041790869.649047 360 184 0
3041790869.660069 334 229 0
3041790869.663008 329 242 0
3041790869.989997 339 312 0
3041790869.9914665 340 312 0
3041790870.003958 338 307 0
3041790870.1325493 349 251 0
3041790870.134019 348 250 0
3041790871.1201286 340 304 0
3041790871.1355596 352 270 1
3041790871.137029 357 269 0
3041790871.1774435 348 171 0
3041790871.186261 361 188 0
3041790871.189935 333 219 0
3041790871.64478 356 269 1
3041790871.672703 344 225 1
3041790871.6741724 328 237 0
3041790871.674907 344 237 0
3041790871.7770452 341 193 1
3041790871.8262773 341 303 1
3041790871.8328905 336 295 0
3041790871.8512607 336 270 0
3041790871.9195976 355 177 0
3041790871.9232717 342 183 0
3041790871.9276805 350 215 1
3041790873.305442 349 171 0
3041790873.3186684 363 205 1
3041790873.319403 330 205 0
3041790873.320873 362 203 0
3041790873.324547 345 226 1
3041790873.3260164 348 249 0
3041790873.3289557 351 246 0
3041790873.3304253 333 247 0
3041790873.331895 370 241 1
3041790873.6471267 340 297 0
3041790873.6478615 334 297 0
3041790873.650066 338 311 1
3041790873.653005 340 314 0
3041790873.65374 335 312 1
3041790873.6544747 339 313 1
3041790873.6552095 342 275 1
3041790873.687541 348 181 1
3041790873.6926847 333 196 0
3041790873.694889 367 197 0
3041790873.6970935 356 245 0
3041790873.941784 338 297 1
3041790873.9542756 358 180 0
3041790874.824286 352 165 0
3041790874.8720484 339 242 0
3041790874.872783 325 240 0
3041790874.8749876 346 236 0
3041790874.8757224 369 236 1
3041790875.0013742 341 184 1
3041790876.0793552 357 182 0
3041790876.2118635 339 225 1
3041790876.3428745 348 170 0
3041790876.3473663 340 189 1
3041790876.4020166 340 311 1
3041790876.5128145 355 227 1
3041790876.658798 353 174 0
3041790876.671525 330 204 0
3041790877.5361977 343 298 0
3041790877.5466785 333 309 1
3041790877.560154 348 265 0
3041790877.6185474 365 190 0
3041790877.621542 326 236 0
3041790877.6222906 362 236 0
3041790877.623788 362 246 0
3041790878.977319 345 289 0
3041790878.981062 331 305 1
3041790878.9877996 345 270 0
3041790879.0289745 340 184 0
3041790879.030472 355 180 1
3041790879.031969 356 182 1
3041790879.0409527 349 170 0
3041790879.0574226 364 249 0
3041790879.05892 331 227 0
3041790879.0664062 349 220 0
3041790880.0897894 318 325 0
3041790880.096527 336 320 0
3041790880.0980244 317 320 0
3041790880.1594124 351 171 0
3041790880.2103195 372 214 0
3041790880.213314 351 203 1
3041790880.2148113 365 195 1
3041790880.2163086 327 241 0
3041790880.217057 326 241 0
3041790880.8227024 340 309 1
3041790880.823451 338 309 0
3041790881.785446 343 195 1
3041790881.786195 363 246 0
3041790881.789938 354 185 0
3041790882.0751677 354 282 0
3041790882.082654 337 310 0
3041790882.148534 341 189 1
3041790882.150031 344 177 1
3041790882.1507797 348 248 0
3041790882.1515284 363 249 1
3041790882.1552715 348 227 0
3041790882.1590147 343 198 1
3041790883.4661303 339 307 0
3041790883.537999 345 173 1
3041790883.538748 353 173 0
3041790883.540245 358 241 0
3041790883.5409937 355 241 0
3041790883.5417423 362 241 0
3041790883.542491 329 245 1
3041790883.546983 350 208 0
3041790883.814245 336 300 1
3041790883.8172398 335 262 0
3041790883.818737 348 262 0
3041790883.820983 345 274 0
3041790883.844939 353 166 1
3041790883.8464365 340 180 0
3041790883.8831196 349 166 1
3041790883.915311 336 257 1
3041790883.9647207 342 219 0
3041790883.9677153 351 281 1
3041790884.02536 337 223 1
3041790884.10771 345 297 0
3041790884.1129503 348 291 0
3041790884.115945 338 295 0
3041790884.6429834 370 188 1
3041790884.6474752 332 229 0
3041790884.6489725 355 225 1
3041790884.6616993 343 302 0
3041790884.750787 334 314 0
3041790886.1471767 357 281 1
3041790886.1515055 359 237 0
3041790886.230144 341 237 1
3041790886.2308655 357 237 0
3041790886.2957964 345 293 0
3041790886.2979608 335 291 1
3041790886.3232117 342 211 1
3041790886.3968 337 299 0
3041790886.437923 340 172 0
3041790886.4451375 355 176 0
3041790886.4465804 354 176 0
3041790886.448745 364 220 1
3041790886.450909 362 244 0
3041790886.5180044 333 311 1
3041790886.5273833 334 296 0
3041790886.587264 351 241 1
3041790886.7798924 355 213 1
3041790886.780614 362 249 1
3041790887.7812715 338 314 1
3041790887.8317733 339 191 0
3041790887.8353806 347 247 0
3041790887.838988 371 208 0
3041790888.967343 353 266 1
3041790888.993315 353 167 1
3041790888.996201 342 178 0
3041790888.997644 340 183 0
3041790888.9998083 358 244 1
3041790889.001251 366 221 1
3041790889.0921545 363 242 0
3041790889.9110055 339 314 0
3041790889.915334 333 313 1
3041790889.916777 333 319 0
3041790889.9189415 336 319 0
3041790889.9427495 341 295 0
3041790889.944914 356 268 1
3041790890.0509677 338 175 0
3041790890.0819902 348 196 1
3041790890.0841546 331 203 0
3041790890.084876 348 218 0
3041790890.0870404 332 245 0
3041790890.091369 325 234 0
3041790890.0920906 347 234 0
3041790890.092812 345 234 0
3041790890.6238027 347 186 1
3041790890.6295743 341 176 0
3041790890.6302958 335 220 1
3041790891.628789 341 183 1
3041790891.632396 351 197 1
3041790892.3235497 344 297 0
3041790892.3704443 349 174 1
3041790892.3711658 348 182 1
3041790892.371887 347 179 1
3041790892.3726087 348 190 1
3041790892.37333 339 254 1
3041790893.376152 336 308 1
3041790893.379038 347 276 0
3041790893.4151106 345 174 1
3041790893.4179964 335 196 1
3041790893.418718 368 198 0
3041790894.0636983 336 267 0
3041790894.073077 346 166 1
3041790894.077406 335 210 1
3041790894.078849 330 234 0
3041790894.0795703 331 234 0
3041790894.417211 358 285 0
3041790894.8688416 341 234 1
3041790894.8702846 348 187 1
3041790896.147647 348 169 0
3041790896.2537293 341 244 0
3041790896.2605534 339 311 1
3041790896.266757 339 299 0
3041790896.2673774 340 299 0
3041790896.2692385 343 303 0
3041790896.4305334 345 294 0
3041790896.4323945 345 292 0
3041790896.438598 336 266 0
3041790896.4392185 337 266 1
3041790896.609819 342 170 0
3041790896.6160226 350 178 0
3041790896.616643 354 178 0
3041790896.6172633 342 179 1
3041790896.618504 349 190 1
3041790896.619745 330 230 0
3041790896.6209855 345 229 0
3041790896.621606 348 253 0
3041790896.6247077 348 194 1
3041790896.625328 348 195 1
3041790896.6346335 354 297 1
3041790896.637115 345 299 0
3041790896.7605677 340 171 0
3041790896.7624288 342 180 1
3041790896.766151 350 206 0
3041790896.7667713 371 206 0
3041790897.4535155 343 173 1
3041790897.4572377 347 229 1
3041790897.457858 333 231 0
3041790897.4603395 362 208 0
3041790897.4615803 338 192 0
3041790897.4622006 349 192 0
3041790897.4634414 355 277 0
3041790897.467784 335 305 1
3041790897.4721265 336 313 1
3041790898.3015547 380 173 0
3041790898.3046565 369 202 0
3041790898.305277 337 203 0
3041790898.981475 344 187 0
3041790898.9827156 332 197 0
3041790899.0602612 326 242 1
3041790899.0763907 336 317 0
3041790899.5087852 354 181 0
3041790899.520572 356 215 1
3041790899.5242944 350 205 0
3041790899.5249147 378 196 1
3041790899.526776 328 245 1
3041790899.527396 345 245 0
3041790899.549109 337 308 0
3041790900.354343 340 181 0
3041790900.3549633 341 181 1
3041790900.3605466 347 241 1
3041790900.361167 356 241 0
3041790900.3692317 326 320 0
3041790900.894681 332 207 0
3041790901.203623 335 313 1
3041790901.209206 349 238 0
3041790901.4226117 342 204 1
3041790901.62361 348 180 1
3041790902.4313254 349 269 0
3041790902.431946 352 267 1
3041790902.4350476 337 305 1
3041790902.4369087 332 312 1
3041790902.462964 362 247 1
3041790902.464825 367 222 1
3041790902.4654455 355 214 1
3041790903.0715423 336 310 1
3041790903.0889125 348 189 1
3041790903.7973695 338 310 0
3041790903.799851 338 311 0
3041790904.000229 335 246 1
3041790906.39392 350 287 1
3041790906.4004526 341 312 0
3041790906.430503 355 185 0
3041790906.4396486 366 224 1
3041790906.440302 348 243 0
3041790906.4416084 363 213 1
3041790906.4422617 345 211 1
3041790906.442915 356 217 1
3041790906.7702017 341 274 1
3041790906.8897495 349 176 0
3041790906.900202 342 181 0
3041790906.900855 341 191 1
3041790906.9119606 362 237 0
3041790906.913267 363 206 1
3041790907.0269356 336 311 0
3041790907.032815 351 315 0
3041790907.11382 333 254 0
3041790907.1144733 344 195 1
3041790907.1151266 370 203 0
3041790907.11578 363 209 1
3041790907.214423 338 308 0
3041790907.218996 340 314 1
3041790907.272564 382 198 1
3041790907.273217 360 192 0
3041790907.2738705 363 192 0
3041790907.275177 352 252 1
3041790907.984625 340 309 0
3041790907.9859314 339 314 1
3041790908.014675 344 184 1
3041790908.0159817 369 201 0
3041790908.0179415 368 197 0
3041790908.0185947 350 221 0
3041790908.0199013 333 220 0
3041790908.761359 334 300 1
3041790909.659601 357 271 1
3041790909.6602545 349 262 0
3041790909.745179 335 204 1
3041790909.7510586 325 235 0
3041790909.849702 341 302 1
3041790909.852968 344 303 1
3041790909.856888 343 296 0
3041790909.8588476 336 296 0
3041790909.889551 340 307 0
3041790910.014325 338 185 0
3041790910.0149784 348 210 1
3041790910.617944 338 260 1
3041790911.08111 364 246 0
3041790911.0824165 330 228 0
3041790911.083723 326 227 0
3041790911.0843763 350 197 1
3041790911.085683 340 182 0
3041790911.3959846 347 237 0
3041790911.9728193 326 226 0
3041790912.2053823 364 190 0
3041790912.2060356 335 223 1
3041790912.2086487 360 194 0
3041790912.209302 353 194 0
3041790912.289654 353 271 1
3041790912.3255835 341 180 1
3041790912.3275433 344 185 1
3041790912.329503 337 194 0
3041790912.743021 339 298 1
3041790912.7436743 334 310 1
3041790912.769805 326 244 1
3041790912.7711115 327 241 0
3041790912.7717648 328 241 0
3041790912.7763376 328 219 0
3041790913.5890017 342 298 1
3041790913.590308 335 319 0
3041790913.6301575 356 216 1
3041790914.432369 337 318 0
3041790914.443475 338 322 0
3041790914.574128 364 189 0
3041790914.5747814 354 189 0
3041790914.5780478 353 196 1
3041790914.992219 340 306 0
3041790916.002466 355 183 0
3041790916.0117145 349 197 1
3041790916.330471 334 313 1
3041790916.3409524 337 298 1
3041790916.37178 348 166 1
3041790916.390893 357 187 0
3041790916.393359 345 242 0
3041790916.8539224 352 276 0
3041790916.854539 340 274 1
3041790916.8853664 339 317 0
3041790916.893998 347 321 0
3041790916.8946147 337 321 0
3041790916.8952312 339 321 0
3041790917.0364213 350 193 0
3041790917.181927 339 265 1
3041790917.250981 368 196 0
3041790917.3021545 352 292 1
3041790917.3366814 343 181 1
3041790917.342847 363 231 0
3041790917.8342376 335 310 1
3041790917.836087 340 275 1
3041790917.861366 357 218 1
3041790918.6184897 347 182 1
3041790918.619723 342 176 1
3041790918.637603 350 169 0
3041790918.654866 346 216 0
3041790919.7048516 338 176 0
3041790919.7159495 340 214 1
3041790919.717799 337 216 1
3041790919.719649 348 250 0
3041790919.910163 338 314 1
3041790919.9311256 350 261 0
3041790919.931742 348 261 0
3041790919.977367 338 242 0
3041790919.981066 373 212 0
3041790920.3879895 343 183 1
3041790920.6222787 333 249 0
3041790920.846703 365 238 1
3041790921.240062 350 196 1
3041790921.240679 350 241 1
3041790921.2412953 326 241 0
3041790921.2425284 352 253 1
3041790921.245611 360 188 0
3041790921.720355 335 318 0
3041790921.724671 338 265 1
3041790921.7252874 351 277 0
3041790921.7376184 351 171 0
3041790921.749333 336 255 1
3041790921.751799 335 228 0
3041790922.2024975 339 311 1
3041790922.206197 339 306 0
3041790922.2314754 339 296 0
3041790922.232092 337 296 0
3041790922.3233414 351 275 0
3041790922.356635 345 166 1
3041790922.4959755 344 290 1
3041790922.4990582 335 276 0
3041790922.499675 351 276 0
3041790922.5002913 355 286 0
3041790922.515705 336 190 1
3041790922.516938 338 190 0
3041790922.5175548 350 190 0
3041790922.518788 325 233 0
3041790922.5194044 329 233 0
3041790923.839439 342 182 0
3041790923.840672 343 180 0
3041790924.7174067 330 315 0
3041790924.7463846 339 308 0
3041790924.761182 343 298 0
3041790924.948613 338 322 1
3041790924.9510794 362 242 0
3041790926.382427 341 305 1
3041790926.3951344 341 303 1
3041790926.4011855 353 293 0
3041790926.5046587 351 170 0
3041790926.522207 357 181 0
3041790926.523417 344 183 1
3041790926.5252323 329 213 0
3041790927.1908493 331 305 0
3041790927.199321 350 309 0
3041790927.201136 342 310 0
3041790927.330629 361 248 1
3041790927.331839 340 238 0
3041790927.332444 325 238 0
3041790927.3330493 351 218 1
3041790927.3342595 345 196 1
3041790927.463147 341 275 1
3041790927.5266833 355 193 1
3041790927.5272884 366 193 0
3041790927.5284986 347 194 1
3041790927.575697 345 300 1
3041790927.581748 339 319 0
3041790927.6821957 337 219 1
3041790928.5638356 349 254 0
3041790928.5674663 352 221 1
3041790928.5680714 327 221 0
3041790928.5686765 349 221 0
3041790928.5983267 339 190 0
3041790929.435189 329 314 0
3041790929.4787564 353 270 0
3041790929.6088543 339 174 0
3041790929.6433454 354 184 0
3041790929.6621037 353 233 1
3041790929.663919 347 228 0
3041790929.665129 346 247 0
3041790929.6663394 342 244 0
3041790930.244821 339 314 1
3041790930.2484517 336 313 1
3041790930.256923 338 310 0
3041790930.267815 353 289 0
3041790930.2714458 343 299 0
3041790930.272656 315 273 0
3041790930.273261 340 279 0
3041790930.370683 343 237 0
3041790930.3718934 361 214 0
3041790930.568553 345 291 0
3041790930.5715785 355 252 1
3041790931.0151215 345 191 1
3041790931.0163317 338 183 0
3041790931.0205674 346 221 1
3041790931.4756074 343 194 1
3041790931.4768176 335 218 1
3041790931.7896576 340 304 0
3041790931.7957087 356 272 1
3041790931.797524 350 287 0
3041790931.798129 358 283 0
3041790931.8338304 353 174 0
3041790931.836251 340 175 0
3041790931.837461 355 182 0
3041790931.8410916 363 229 0
3041790932.5242567 346 289 0
3041790932.8649316 364 177 0
3041790932.8691673 334 227 1
3041790932.8703775 366 192 0
3041790933.619499 339 309 0
3041790933.6201043 338 309 0
3041790933.659436 334 324 0
3041790933.7108703 339 172 0
3041790933.750202 351 181 1
3041790934.745602 338 317 0
3041790934.749838 340 316 0
3041790934.755889 316 318 0
3041790934.757099 334 318 0
3041790934.7649655 333 311 1
3041790934.7861443 354 293 0
3041790934.7921953 355 268 1
3041790934.7928004 353 267 1
3041790934.795221 349 286 0
3041790934.9126115 330 244 0
3041790934.988855 341 315 1
3041790936.0169945 370 177 0
3041790936.021243 358 181 0
3041790936.024642 339 188 0
3041790936.028041 336 253 1
3041790936.0288906 333 253 0
3041790936.0297403 343 253 0
3041790936.0322895 338 223 1
3041790936.870117 342 316 0
3041790936.883713 340 315 1
3041790937.0808487 339 311 1
3041790937.082548 348 260 0
3041790937.1054907 368 200 0
3041790937.1088896 331 204 0
3041790937.4105415 332 218 0
3041790938.168495 385 303 0
3041790938.175293 336 298 1
3041790938.1761427 338 267 1
3041790938.1769924 355 265 0
3041790938.3214455 341 188 1
3041790938.322295 359 188 0
3041790938.3435383 362 210 0
3041790938.3520355 364 249 1
3041790938.3545847 329 244 0
3041790939.8806887 339 305 0
3041790939.9342213 333 315 0
3041790939.9648113 339 266 1
3041790940.1551495 333 296 0
3041790940.1619473 357 283 0
3041790940.1644964 351 275 1
3041790940.165346 352 270 1
3041790940.328493 342 185 1
3041790940.329343 356 185 0
3041790940.3327417 340 233 0
3041790940.3335915 353 252 1
3041790940.334441 348 249 0
3041790940.335291 336 247 1
3041790940.3361406 347 217 0
3041790941.5418987 339 274 1
3041790941.6999474 351 172 0
3041790941.706745 355 186 0
3041790941.7118435 367 206 0
3041790941.716092 333 235 0
3041790942.2803087 347 166 1
3041790942.2837076 380 173 1
3041790942.285407 342 174 1
3041790942.286257 351 175 1
3041790942.2939043 354 237 0
3041790942.294754 369 233 1
3041790942.2956038 341 240 1
3041790942.4171143 354 282 1
3041790942.495289 341 314 1
3041790942.509734 325 231 0
3041790942.670332 365 225 1
3041790942.6720314 366 248 0
3041790942.672881 349 246 1
3041790943.141079 338 177 0
3041790943.144478 359 183 0
3041790943.153825 332 246 0
3041790943.1546745 366 246 0
3041790944.823532 355 270 1
3041790944.8592205 350 238 0
3041790944.884712 339 297 1
3041790944.92295 337 261 1
3041790946.043272 348 247 0
3041790946.1324654 348 254 0
3041790946.8080387 333 313 1
3041790946.8257008 347 178 0
3041790946.8663235 332 198 0
3041790947.922514 358 240 0
3041790947.92428 329 243 0
3041790947.941059 342 194 1
3041790947.9807987 358 187 0
3041790947.998461 356 179 0
3041790948.009941 350 269 1
3041790948.0805893 347 247 0
3041790948.1432896 361 224 0
3041790948.189211 344 282 1
3041790948.965458 348 263 0
3041790949.001665 346 170 0
3041790949.0237427 331 225 0
3041790949.024626 351 225 0
3041790949.9192085 340 313 0
3041790949.93952 335 287 1
3041790949.9439354 344 268 1
3041790950.1002445 350 255 0
3041790950.105543 341 217 0
3041790951.0743065 340 305 0
3041790951.242979 343 195 1
3041790951.2465115 372 205 0
3041790951.2482777 363 246 0
3041790951.250927 355 248 0
3041790951.744581 352 271 1
3041790951.9344482 340 306 0
3041790952.4616604 352 166 1
3041790954.122776 332 230 0
3041790954.124542 326 230 0
3041790954.175762 344 303 1
3041790954.181061 336 310 1
3041790954.1872425 348 258 0
3041790954.82131 347 181 1
3041790954.8230762 352 254 1
3041790954.8266087 341 300 1
3041790954.881361 346 295 0
3041790954.9290485 349 253 0
3041790954.97497 357 188 0
3041790954.983801 337 222 1
3041790956.669445 337 180 0
3041790956.676984 329 211 0
3041790956.6777377 351 192 1
3041790956.6799994 348 251 0
3041790956.6852765 350 286 0
3041790957.446695 354 255 1
3041790957.4482026 334 226 1
3041790957.452726 351 269 0
3041790957.457249 337 298 1
3041790957.464034 340 304 0
3041790957.689444 345 185 1
3041790957.6924596 364 177 1
3041790957.6932135 357 226 1
3041790957.6939673 343 226 0
3041790957.696229 326 228 0
3041790957.6984906 362 236 0
3041790957.6999984 346 246 0
3041790957.701506 365 196 1
3041790957.7045217 344 297 0
3041790957.7052755 340 309 1
3041790957.7067833 342 271 1
3041790957.8560514 348 186 1
3041790957.871129 334 309 1
3041790957.872637 349 289 1
3041790957.9193773 345 186 1
3041790958.0505524 340 269 1
3041790958.2985787 363 189 0
3041790958.3076253 357 238 0
3041790958.309133 362 238 0
3041790958.310641 331 237 0
3041790958.3129025 357 242 0
3041790958.6431017 366 226 1
3041790958.7011504 325 236 0
3041790958.8066936 351 270 0
3041790958.81574 356 225 1
3041790958.817248 341 192 1
3041790959.1316156 344 293 1
3041790959.136139 354 172 0
3041790959.1444316 366 191 0
3041790960.0973353 338 312 1
3041790960.112413 343 301 0
3041790960.174231 348 170 0
3041790960.2149405 344 199 0
3041790960.2156944 337 199 0
3041790960.2164483 341 193 1
3041790960.217202 340 193 0
3041790960.217956 349 193 0
3041790960.862523 335 315 0
3041790960.8730774 345 297 0
3041790960.8776007 343 300 1
3041790960.9801283 356 186 0
3041790960.981636 368 241 0
3041790960.983144 329 210 0
3041790960.9846516 361 219 0
3041790961.996358 354 267 1
3041790962.044606 341 174 1
3041790962.0498834 362 239 0
3041790962.0506372 331 213 0
3041790962.051391 361 213 0
3041790962.3861136 349 278 0
3041790962.3944063 356 244 0
3041790962.39516 332 244 0
3041790962.395914 360 248 1
3041790962.4615016 345 246 0
3041790962.4667788 344 302 1
3041790962.5994616 335 248 1
3041790962.946246 345 176 1
3041790962.947754 365 191 0
3041790963.9157352 337 309 0
3041790963.9262896 344 283 1
3041790963.930059 348 267 0
3041790963.9715223 342 238 1
3041790964.724648 340 190 1
3041790964.7261558 346 239 1
3041790966.087781 337 225 1
3041790966.089922 332 241 0
3041790967.462302 338 316 0
3041790967.470866 339 313 0
3041790967.680684 355 178 0
3041790967.6838956 347 190 1
3041790967.6967416 362 243 0
3041790967.697812 336 249 1
3041790967.6988826 332 249 0
3041790968.5520706 334 299 1
3041790968.589538 345 287 1
3041790969.9554954 348 165 1
3041790969.962989 358 189 0
3041790969.9640594 337 220 1
3041790969.96513 343 196 1
3041790970.3933296 336 303 1
3041790970.3997526 333 310 1
3041790970.4018936 339 315 1
3041790970.4233036 356 182 1
3041790970.4275856 333 209 0
3041790970.6085 346 277 0
3041790970.6159935 336 189 1
3041790970.7744274 343 299 1
3041790970.794767 328 242 0
3041790971.2079797 354 195 0
3041790971.20905 368 195 0
3041790971.2101207 351 240 1
3041790971.4092336 342 299 0
3041790971.418868 358 284 0
3041790971.440278 346 191 0
3041790971.459547 356 183 1
3041790971.853491 342 298 1
3041790971.8545613 336 269 0
3041790972.496861 344 304 1
3041790972.501143 340 319 0
3041790972.5022135 350 268 1
3041790973.54488 332 315 0
3041790973.553444 338 224 1
3041790973.555585 347 245 1
3041790973.5566554 370 215 1
3041790974.592899 366 194 0
3041790974.59504 329 208 0
3041790974.5961103 337 208 0
3041790976.2444935 332 232 1
3041790976.4803114 339 308 0
3041790976.6214867 335 291 0
3041790976.628585 341 304 0
3041790976.6301622 340 305 0
3041790976.638049 336 284 0
3041790976.6396265 351 285 0
3041790976.6853704 351 171 0
3041790976.688525 351 172 0
3041790976.6901026 356 177 0
3041790976.69168 341 176 0
3041790976.696412 331 235 0
3041790976.697201 336 235 0
3041790976.698778 327 240 0
3041790977.5671244 334 297 0
3041790977.5899963 334 315 0
3041790977.593151 342 275 1
3041790977.682273 353 175 0
3041790977.7004128 362 233 0
3041790978.3337297 334 298 0
3041790978.337673 343 303 0
3041790978.355813 343 279 0
3041790978.3566017 350 279 0
3041790978.3573904 352 258 1
3041790978.4007683 347 168 0
3041790978.4133873 362 246 0
3041790979.48837 346 266 0
3041790979.500989 338 312 1
3041790979.5301704 362 206 0
3041790979.531748 361 217 0
3041790979.5356913 337 232 1
3041790980.060958 340 265 1
3041790980.2115974 335 311 1
3041790980.215541 359 239 0
3041790980.2163296 349 212 1
3041790980.248666 347 169 0
3041790980.379588 341 312 0
3041790980.4245434 340 185 0
3041790980.427698 340 174 0
3041790980.4292755 375 174 0
3041790980.4545135 327 243 0
3041790980.4553022 332 243 0
3041790980.456091 369 243 0
3041790980.4568796 359 243 0
3041790980.5057783 363 210 1
3041790980.5428467 369 197 0
3041790980.549156 344 292 1
3041790981.2242737 344 198 0
3041790981.2250624 351 198 1
3041790981.2266397 333 231 0
3041790982.0508194 333 251 0
3041790982.054763 343 184 1
3041790982.05634 351 165 1
3041790982.3591967 340 315 0
3041790982.3804913 355 175 0
3041790982.5973806 350 256 0
3041790982.6210413 352 172 0
3041790982.6533775 328 215 0
3041790982.6565323 341 238 0
3041790982.657321 341 250 0
3041790982.7779903 336 317 0
3041790982.864746 334 319 0
3041790982.872633 335 266 0
3041790982.8757877 351 274 0
3041790982.890773 337 298 1
3041790983.344269 337 307 1
3041790983.9302645 334 293 1
3041790983.934208 365 192 0
3041790984.668477 348 262 0
3041790984.671632 335 203 0
3041790984.673209 332 245 0
3041790984.673998 362 245 0
3041790986.4341836 334 259 0
3041790986.434885 354 268 1
3041790986.443302 348 248 0
3041790986.8845 333 211 0
3041790986.9525385 336 308 0
3041790986.9827 361 197 0
3041790987.0907197 335 324 0
3041790987.1299996 351 173 0
3041790987.133507 356 178 0
3041790987.1475353 337 254 1
3041790987.712886 357 277 0
3041790987.7135873 336 256 1
3041790987.76409 356 176 0
3041790987.772507 333 204 1
3041790988.302085 340 305 0
3041790988.3406634 344 184 1
3041790988.343469 345 194 1
3041790989.1774664 346 166 1
3041790989.326169 342 241 0
3041790989.654437 345 184 1
3041790990.132109 344 278 1
3041790990.162972 354 175 0
3041790990.186119 366 245 0
3041790990.3165846 332 296 0
3041790990.332016 337 325 0
3041790990.3691916 354 177 0
3041790990.4196944 338 314 1
3041790990.487733 351 226 0
3041790990.494747 350 248 1
3041790990.9562864 344 294 1
3041790990.9583907 357 281 0
3041790990.9633007 335 254 1
3041790990.965405 342 201 1
3041790991.50831 349 301 1
3041790991.511817 362 228 0
3041790992.1606374 357 183 1
3041790992.1627417 337 202 0
3041790992.286193 339 315 1
3041790992.6067452 344 299 1
3041790992.978502 355 283 0
3041790993.3656898 366 295 0
3041790993.3720026 333 299 0
3041790993.441444 349 178 0
3041790993.442847 357 182 0
3041790993.4442496 380 183 0
3041790993.451264 326 241 0
3041790993.4554725 330 236 0
3041790993.590848 357 319 1
3041790993.674318 339 312 1
3041790993.6799293 351 274 1
3041790993.6834364 337 322 0
3041790993.7114935 334 251 1
3041790993.779532 351 180 1
3041790993.840556 348 250 0
3041790994.14217 330 313 0
3041790994.144274 351 253 1
3041790994.7432933 363 188 0
3041790994.7439947 343 189 1
3041790994.7468004 337 183 0
3041790994.751009 336 252 1
3041790996.4199996 364 246 0
3041790996.426158 332 212 0
3041790996.4286213 342 195 1
3041790996.6109085 340 313 0
3041790996.631847 351 258 1
3041790996.6330786 354 286 0
3041790996.635542 335 275 1
3041790997.9780626 340 303 0
3041790997.9817576 337 305 1
3041790997.995306 336 314 1
3041790997.999001 356 270 1
3041790998.0716696 355 176 0
3041790998.8525486 335 307 1
3041790998.8574753 337 314 1
3041790998.8759503 348 252 0
3041790998.8784137 332 213 0
3041790998.8796453 332 215 0
3041790999.639586 332 294 1
3041790999.6408176 335 276 1
3041790999.6519027 362 224 0
3041790999.654366 333 193 0
3041791000.4180017 362 226 0
3041791000.4216967 337 216 0
3041791000.764101 340 275 1
3041791000.7702594 349 239 0
3041791000.771491 327 220 0
3041791000.942693 330 207 0
3041791000.9525466 335 291 1
3041791001.291256 341 194 1
3041791002.3763576 350 222 0
3041791002.404686 341 315 0
3041791002.4059176 335 315 0
3041791002.4170027 345 288 0
3041791003.084568 354 176 0
3041791003.141225 333 197 0
3041791003.1461515 342 212 0
3041791003.19665 335 317 0
3041791003.2052717 348 259 0
3041791003.455301 357 181 0
3041791003.466386 352 197 1
3041791003.468849 334 200 1
3041791003.472544 332 214 0
3041791003.473776 328 214 0
3041791003.4787025 338 247 0
3041791003.479934 341 247 0
3041791003.641283 344 190 1
3041791003.6622214 363 249 1
3041791003.701635 359 302 1
3041791004.138878 352 289 0
3041791004.1401095 354 289 0
3041791006.6525564 336 318 0
3041791006.653317 337 318 0
3041791006.656359 348 265 0
3041791006.6647253 357 173 1
3041791007.6580105 337 304 0
3041791007.6633344 335 296 0
3041791007.731024 337 177 0
3041791007.749277 361 223 0
3041791007.7500377 335 240 1
3041791008.4117208 334 315 0
3041791008.4124813 327 315 0
3041791008.4155235 338 298 1
3041791008.42465 352 290 0
3041791008.4908185 337 217 1
3041791008.491579 360 217 0
3041791008.4923396 341 218 0
3041791008.6741123 348 270 0
3041791008.680197 334 311 1
3041791008.688563 339 298 1
3041791008.7250695 363 246 0
3041791009.324387 349 215 1
3041791009.950324 333 213 0
3041791010.1921806 335 311 1
3041791010.192941 338 315 1
3041791010.1944623 348 257 0
3041791010.9040604 339 308 0
3041791010.9055815 333 311 1
3041791010.9671865 356 181 0
3041791010.967947 337 182 0
3041791011.6661367 340 305 0
3041791011.6836295 351 279 0
3041791011.68439 355 272 1
3041791011.7383895 353 172 0
3041791011.7536006 368 199 0
3041791011.754361 335 209 1
3041791011.758164 351 251 1
3041791011.7589245 348 251 0
3041791011.759685 349 251 0
3041791011.763488 350 235 0
3041791011.867684 385 318 0
3041791011.877571 343 300 0
3041791011.906472 346 222 1
3041791011.9072328 349 213 1
3041791011.9079933 349 244 1
3041791011.9551477 336 311 1
3041791011.9559083 343 299 1
3041791011.9642744 342 237 0
3041791011.98557 341 311 1
3041791011.987091 351 249 1
3041791012.05402 342 241 1
3041791012.086724 347 183 1
3041791012.104977 340 315 1
3041791012.1217093 335 265 0
3041791012.8465185 335 264 0
3041791012.8571663 351 252 1
3041791013.435949 336 319 0
3041791013.45116 337 298 0
3041791013.5120044 343 177 0
3041791013.5203705 353 190 0
3041791013.5218916 327 241 0
3041791014.052759 342 286 0
3041791014.144026 349 179 0
3041791014.1447864 340 183 1
3041791014.1463075 338 191 0
3041791014.1516314 367 243 0
3041791014.152392 334 233 0
3041791014.1546736 340 192 1
3041791014.4132624 336 314 1
3041791014.417065 342 294 1
3041791014.4178257 337 294 0
3041791014.4383607 349 247 1
3041791014.566134 353 246 0
3041791014.5722184 369 239 1
3041791014.5745 345 167 1
3041791014.5775423 356 279 0
3041791014.620894 341 301 1
3041791014.646753 342 173 1
3041791014.9547777 355 267 1
3041791014.9585805 336 222 0
3041791016.4378805 339 272 1
3041791016.4420977 336 309 1
3041791016.4582634 347 178 1
3041791016.461075 326 244 1
3041791016.4617777 332 244 0
3041791016.4666977 331 228 0
3041791016.469509 368 222 1
3041791017.4879503 330 317 0
3041791017.489356 338 318 0
3041791017.4928703 353 277 0
3041791017.5554247 338 174 0
3041791017.558939 348 183 1
3041791017.559642 344 191 1
3041791017.5617504 343 221 0
3041791017.5624533 342 221 0
3041791017.563859 360 219 0
3041791018.4361057 338 309 0
3041791018.4431343 347 262 0
3041791018.4459457 348 261 0
3041791018.5070944 356 180 0
3041791018.5085 351 191 1
3041791018.509906 330 232 0
3041791018.5106087 330 226 1
3041791018.51342 334 196 1
3041791018.514123 332 196 0
3041791018.514826 372 213 0
3041791018.529586 349 288 0
3041791018.5373173 339 312 1
3041791018.573866 326 236 0
3041791018.608306 347 171 0
3041791018.7144375 343 171 1
3041791018.9618435 339 320 0
3041791018.963249 357 278 0
3041791019.384964 381 201 0
3041791019.7841873 344 253 0
3041791020.4610395 365 317 0
3041791020.4652567 338 311 0
3041791020.5397596 338 178 0
3041791020.551708 361 215 0
3041791020.5559254 325 197 0
3041791021.161789 334 296 0
3041791021.2095833 341 191 1
3041791021.211692 332 240 0
3041791021.428172 337 264 1
3041791021.428875 336 271 0
3041791021.4471493 341 208 1
3041791021.605995 356 268 1
3041791021.607401 359 285 0
3041791021.6088066 341 190 1
3041791021.6699553 326 229 0
3041791021.671361 343 217 1
3041791021.6882296 352 245 0
3041791021.6889324 351 196 1
3041791021.7268867 355 214 1
3041791021.7929554 338 276 0
3041791022.151413 333 315 0
3041791022.1542244 338 310 0
3041791022.1549273 335 310 0
3041791022.181636 332 246 0
3041791022.1830416 361 233 1
3041791022.6630936 340 215 1
3041791023.223974 332 225 0
3041791023.2485743 350 177 0
3041791024.017501 344 295 1
3041791024.031558 348 277 0
3041791024.032261 343 277 1
3041791024.0934095 358 180 1
3041791024.095518 345 247 0
3041791024.0976267 328 221 0
3041791024.505987 341 312 0
3041791024.510907 366 309 0
3041791024.5137186 338 299 1
3041791024.690136 347 177 1
3041791024.690839 334 197 1
3041791024.6915417 343 251 0
3041791024.6922445 369 235 1
3041791024.749879 353 280 0
3041791024.7526903 360 248 1
3041791024.8110275 341 219 0
3041791024.8510904 339 315 1
3041791024.8517933 330 322 1
3041791024.889045 363 207 1
3041791024.9340277 355 215 1
3041791024.9698734 341 273 1
3041791024.9846334 340 305 0
3041791024.9986906 346 191 0
3041791025.0000963 327 242 0
3041791026.0317073 332 230 0
3041791026.0328603 354 291 0
3041791026.3118844 347 186 1
3041791026.314767 367 196 0
3041791026.317073 333 232 0
3041791026.3188024 343 301 1
3041791026.3291793 333 318 0
3041791027.3668723 354 178 0
3041791027.368602 354 182 0
3041791027.3743668 344 215 0
3041791027.3749433 332 219 0
3041791027.393391 336 305 0
3041791028.0454082 333 254 0
3041791028.051173 347 218 0
3041791028.09614 344 185 1
3041791028.099599 332 241 0
3041791028.1024814 338 268 1
3041791028.1117053 334 260 0
3041791028.1491776 335 212 1
3041791028.178579 332 250 0
3041791028.3394213 359 233 1
3041791028.339998 327 245 1
3041791028.734321 337 305 1
3041791028.7614164 332 223 0
3041791028.761993 350 223 0
3041791029.3240767 345 300 0
3041791029.3356066 343 276 1
3041791029.392103 344 234 0
3041791029.3926797 333 234 0
3041791029.393256 325 234 0
3041791029.394409 348 255 0
3041791029.8711715 354 293 0
3041791029.883278 336 315 1
3041791029.8930783 357 270 1
3041791029.900573 341 320 0
3041791029.9582224 333 253 0
3041791029.958799 348 253 0
3041791029.959952 376 211 0
3041791030.363499 351 290 0
3041791030.3686876 342 278 0
3041791030.369264 348 278 0
3041791030.370417 347 277 0
3041791030.390018 350 208 1
3041791030.391171 341 209 1
3041791030.452856 353 285 0
3041791030.457468 352 189 1
3041791030.4591975 339 208 1
3041791030.534142 356 179 0
3041791030.5370245 325 239 0
3041791030.590062 361 248 1
3041791030.628111 354 223 1
3041791030.6557827 337 280 1
3041791030.7681994 337 178 0
3041791030.932501 352 173 0
3041791030.9423013 328 213 0
3041791030.944031 354 222 1
3041791030.9451838 331 201 0
3041791030.961902 338 302 0
3041791031.733254 337 175 0
3041791031.741325 356 183 0
3041791031.7419014 358 183 0
3041791031.7430544 364 191 0
3041791031.7511253 371 231 0
3041791031.751702 347 195 1
3041791031.7545843 336 310 0
3041791032.7853594 343 195 1
3041791032.791701 333 296 0
3041791032.8038073 352 280 0
3041791032.8043838 356 280 0
3041791032.8401265 370 177 1
3041791032.843009 332 228 0
3041791032.8447385 340 310 1
3041791032.8562684 343 183 1
3041791032.877599 338 298 1
3041791033.113962 344 236 0
3041791033.4396825 346 299 0
3041791033.455248 352 282 1
3041791033.4558244 345 282 0
3041791033.4569774 356 269 1
3041791033.463319 334 322 0
3041791033.4771547 358 178 1
3041791033.5048265 333 216 0
3041791034.2577305 357 284 0
3041791034.2588835 354 272 1
3041791034.301544 358 191 0
3041791034.302697 342 191 0
3041791034.322298 325 233 0
3041791034.323451 350 250 1
3041791034.3251805 348 196 1
3041791034.669925 335 295 0
3041791034.6901026 349 251 1
3041791034.7425637 337 265 1
3041791034.796178 353 220 1
3041791034.7967544 355 220 0
3041791034.8013663 339 299 1
3041791034.8561335 340 298 1
3041791034.8838053 337 201 0
3041791034.884382 365 246 0
3041791034.8982177 333 201 0
3041791034.9085946 336 316 0
3041791034.9235835 328 218 0
3041791034.9293485 355 280 0
3041791034.982386 354 183 1
3041791036.0119486 329 207 0
3041791036.0168686 332 319 0
3041791036.0210857 370 207 0
3041791036.0323315 333 314 1
3041791036.080126 344 183 1
3041791036.0878572 368 242 1
3041791036.08856 352 255 1
3041791036.089263 326 224 0
3041791036.271303 342 272 0
3041791036.2741146 341 264 1
3041791036.286063 355 291 0
3041791036.9875154 340 181 0
3041791036.9910297 355 182 0
3041791037.0121155 329 230 0
3041791037.014224 341 237 0
3041791037.01563 333 236 0
3041791037.023361 352 295 0
3041791037.0268755 335 297 0
3041791037.034607 339 310 0
3041791037.0367155 344 305 1
3041791037.0374184 336 307 0
3041791037.0416355 337 315 0
3041791038.133174 342 174 1
3041791038.1352825 338 176 0
3041791038.1444197 369 202 0
3041791038.1451225 352 222 1
3041791038.147231 334 298 0
3041791038.1556654 333 313 1
3041791038.211191 349 255 0
3041791038.212597 342 200 1
3041791038.2132998 335 306 1
3041791038.653289 339 309 0
3041791038.657506 352 273 1
3041791038.662426 353 184 0
3041791038.6645346 349 183 1
3041791038.6701574 328 243 0
3041791039.0707865 355 293 0
3041791039.127015 334 215 1
3041791039.128421 340 206 0
3041791039.1291237 332 206 0
3041791039.7300673 353 286 0
3041791039.731473 339 269 1
3041791039.7785645 354 186 0
3041791039.77997 347 188 1
3041791039.870639 342 219 1
3041791039.954279 362 218 0
3041791039.9866104 342 181 1
3041791039.9922333 355 292 0
3041791039.993639 347 185 1
3041791040.0069933 362 223 0
3041791040.018239 354 240 1
3041791040.0358105 350 189 1
3041791040.0955534 333 230 0
3041791040.279702 337 317 0
3041791041.300252 353 268 1
3041791041.3670235 339 182 0
3041791041.374755 362 246 0
3041791041.375458 344 246 0
3041791042.5450134 338 315 1
3041791042.547825 356 272 1
3041791042.572425 314 151 0
3041791042.5843735 340 309 0
3041791042.587185 338 319 0
3041791042.6483335 353 174 0
3041791042.656768 357 179 0
3041791042.6588764 348 190 1
3041791042.670825 333 223 0
3041791043.2710657 332 322 0
3041791043.2731743 338 321 0
3041791043.325186 339 183 0
3041791044.33449 343 300 1
3041791044.34433 337 323 0
3041791044.3668213 334 222 0
3041791044.3696327 342 206 1
3041791044.5994673 332 319 1
3041791044.689433 341 183 0
3041791044.7512846 344 181 1
3041791044.753393 325 235 0
3041791044.754096 344 236 1
3041791044.7562046 333 194 0
3041791044.8208675 347 241 1
3041791044.8222733 346 177 1
3041791044.8792048 342 175 1
3041791044.918565 341 181 1
3041791044.9607363 352 196 1
3041791044.9944735 348 271 1
3041791046.0261188 348 254 0
3041791046.960424 355 254 1
3041791046.96117 343 245 0
3041791046.9626627 329 245 0
3041791046.9656477 360 237 0
3041791046.9686327 333 231 0
3041791046.970125 338 224 0
3041791046.972364 376 211 1
3041791046.9746027 378 194 0
3041791047.261909 341 304 1
3041791047.264894 352 292 0
3041791047.2813115 354 285 0
3041791047.2895203 342 209 1
3041791047.354444 329 228 0
3041791047.479068 343 171 0
3041791047.7738366 343 297 0
3041791047.775329 333 297 0
3041791047.7760754 354 297 0
3041791047.783538 338 311 0
3041791047.7910004 337 315 1
3041791047.855924 338 179 0
3041791047.8596554 339 180 0
3041791047.8626404 371 152 0
3041791047.876073 363 225 0
3041791047.876819 350 251 1
3041791047.8775654 350 197 1
3041791048.9372406 333 298 0
3041791048.9424644 339 301 0
3041791048.9521656 335 312 1
3041791049.0476856 357 174 1
3041791049.051417 341 184 0
3041791049.0558944 363 232 0
3041791049.0566406 335 238 1
3041791049.057387 329 238 0
3041791049.4924507 344 176 0
3041791049.493197 340 190 1
3041791049.496182 333 233 0
3041791049.6260295 374 214 1
3041791049.6267757 328 216 0
3041791049.636477 337 263 1
3041791049.7931895 355 188 0
3041791049.8021445 336 299 1
3041791049.8110995 348 256 0
3041791049.8521433 332 217 0
3041791049.8670683 342 264 1
3041791049.958857 340 178 1
3041791049.9685583 341 300 0
3041791049.982737 338 262 1
3041791050.6879435 346 185 1
3041791050.690182 325 241 0
3041791052.034925 342 183 0
3041791052.0364175 357 182 0
3041791052.0431337 331 202 0
3041791052.044626 344 249 0
3041791052.0483575 342 299 0
3041791052.04985 333 312 1
3041791052.0520887 357 279 0
3041791052.368499 341 176 1
3041791052.369245 337 181 0
3041791052.6774464 344 304 1
3041791053.549813 331 207 0
3041791053.555783 334 311 0
3041791053.568469 337 276 0
3041791054.222184 359 236 1
3041791054.2236767 335 201 1
3041791054.225169 346 195 1
3041791054.231139 354 256 1
3041791054.3729267 369 209 1
3041791054.3751655 329 243 0
3041791054.6915755 349 254 0
3041791054.695307 337 211 0
3041791054.6967993 347 179 1
3041791054.698292 343 299 1
3041791054.699038 336 311 1
3041791054.8467956 349 176 1
3041791054.925898 343 182 1
3041791054.9960456 338 175 0
3041791056.078101 337 174 0
3041791056.0986915 346 307 0
3041791056.1015315 330 317 1
3041791056.1107616 345 297 0
3041791056.335125 334 300 1
3041791056.344355 356 257 1
3041791056.345065 352 268 1
3041791056.389086 332 247 0
3041791056.392636 331 210 0
3041791056.394056 371 210 0
3041791056.394766 374 210 0
3041791057.265949 342 300 1
3041791057.266659 349 256 0
3041791057.267369 353 278 0
3041791057.270209 334 320 0
3041791057.287249 351 219 1
3041791057.902118 335 215 1
3041791057.902828 331 214 0
3041791058.1747622 337 179 0
3041791058.1847024 328 241 0
3041791058.8712826 344 298 0
3041791058.9195633 353 175 0
3041791058.969974 330 239 0
3041791059.635254 340 310 1
3041791059.714775 337 298 1
3041791059.7367854 341 236 0
3041791059.8241167 342 306 0
3041791059.829797 336 297 0
3041791059.8936977 354 176 0
3041791059.895828 355 178 0
3041791059.899378 351 250 1
3041791059.900088 345 250 0
3041791059.902218 369 204 0
3041791060.0754604 341 191 1
3041791060.0818505 326 226 0
3041791060.1606617 337 309 0
3041791060.171312 332 300 1
3041791060.2146225 341 192 1
3041791060.2160425 337 192 0
3041791060.2195926 332 239 0
3041791060.846532 341 279 0
3041791060.848662 336 268 0
3041791060.8834524 340 185 0
3041791060.8848724 367 194 0
3041791060.8870025 334 201 1
3041791060.8877125 368 201 0
3041791060.8884225 365 218 1
3041791060.8891325 360 218 0
3041791060.8898425 339 210 1
3041791061.920068 339 315 1
3041791061.940658 366 198 0
3041791061.941368 333 221 0
3041791063.160456 350 169 0
3041791063.1909866 353 176 0
3041791063.206607 334 252 1
3041791063.207317 342 252 0
3041791063.208027 334 250 1
3041791063.209447 332 243 0
3041791063.210157 346 243 0
3041791063.215837 331 212 0
3041791063.2392673 334 316 0
3041791063.2399774 333 316 0
3041791063.271928 336 321 0
3041791063.9790983 356 186 0
3041791063.9798083 362 190 0
3041791063.9812284 346 235 0
3041791063.9826484 337 237 0
3041791063.9833584 358 237 0
3041791063.9854884 339 298 1
3041791064.557757 345 176 1
3041791064.561307 333 255 0
3041791064.562017 367 239 1
3041791064.576217 355 259 0
3041791064.7423596 343 181 0
3041791064.7494597 355 269 1
3041791064.9873133 340 193 1
3041791064.9901533 341 299 1
3041791066.073541 344 250 0
3041791066.07791 356 212 1
3041791066.078638 327 223 0
3041791066.08956 349 281 1
3041791067.1970463 340 183 1
3041791067.2043276 354 226 0
3041791067.2050557 360 240 1
3041791067.207968 350 198 1
3041791067.2094245 366 214 1
3041791067.2137933 341 316 1
3041791067.2152495 334 258 0
3041791067.815229 355 181 1
3041791067.90042 340 239 0
3041791067.9011483 369 200 0
3041791067.9033327 350 171 0
3041791068.0642495 334 297 0
3041791068.0766277 337 319 0
3041791068.077356 336 270 0
3041791068.213516 341 182 0
3041791068.2382727 362 234 0
3041791068.239729 365 223 1
3041791068.2550197 341 307 0
3041791068.2608447 355 268 1
3041791068.7749047 336 300 0
3041791068.798205 353 272 1
3041791069.2489176 339 173 0
3041791069.2547426 347 189 1
3041791069.3057117 340 267 1
3041791069.56347 342 180 1
3041791069.569295 339 178 0
3041791069.570023 348 178 0
3041791069.570751 356 178 0
3041791069.57512 342 236 0
3041791069.5787606 328 246 1
3041791069.6217203 336 320 0
3041791069.8241405 343 176 1
3041791069.827781 347 180 1
3041791069.8350625 340 184 1
3041791069.836519 359 186 0
3041791069.8438 358 226 1
3041791069.8452563 351 254 1
3041791069.8459845 362 214 1
3041791069.8467126 331 208 0
3041791069.849625 361 216 0
3041791069.8700128 347 278 0
3041791070.3644133 340 191 0
3041791070.368054 361 218 0
3041791070.3775196 354 283 0
3041791070.379704 338 264 1
3041791071.5046654 357 180 0
3041791071.513403 368 200 0
3041791071.5170436 344 248 0
3041791071.5185 339 299 1
3041791072.1133823 360 239 0
3041791072.1148386 338 313 1
3041791072.7301087 339 181 0
3041791072.732293 353 186 0
3041791072.76069 339 213 1
3041791072.765787 333 235 0
3041791072.781806 350 290 0
3041791072.8007374 340 272 0
3041791072.8174844 334 323 0
3041791073.490277 352 167 1
3041791073.491733 356 173 1
3041791073.4946456 335 222 0
3041791074.017443 350 193 1
3041791074.261367 344 186 1
3041791074.580288 357 280 1
3041791074.994594 351 172 0
3041791076.012059 331 211 0
3041791076.012729 376 211 1
3041791076.018759 338 299 1
3041791076.0261283 335 318 0
3041791076.0368476 341 310 1
3041791076.0375175 337 310 0
3041791076.0395274 342 305 0
3041791076.1949573 331 238 0
3041791076.196297 354 238 0
3041791076.197637 347 248 0
3041791076.200317 336 244 0
3041791076.2043366 343 296 0
3041791076.212376 350 287 0
3041791077.180463 345 166 1
3041791077.181133 350 165 1
3041791077.1891723 362 231 0
3041791077.189842 337 231 0
3041791077.190512 336 312 1
3041791077.192522 340 309 0
3041791077.193862 334 259 0
3041791077.196542 354 280 0
3041791077.1978817 348 279 0
3041791077.8423796 344 185 1
3041791077.8450594 349 177 0
3041791077.8577886 347 249 0
3041791077.9328237 340 315 1
3041791077.9495726 341 306 0
3041791077.9656515 333 299 0
3041791077.9683313 342 277 0
3041791078.2885704 352 174 0
3041791078.328768 341 185 1
3041791078.3461866 333 218 0
3041791078.3481965 364 249 1
3041791078.3488665 353 228 0
3041791078.359586 336 318 0
3041791078.8084564 320 293 0
3041791078.8097963 333 300 1
3041791079.398688 345 185 1
3041791079.4067273 333 219 0
3041791079.408737 339 194 0
3041791079.412087 332 242 0
3041791079.412757 326 242 0
3041791079.429506 339 314 0
3041791079.4321856 337 312 0
3041791079.445585 351 292 0
3041791079.6814094 357 175 1
3041791079.699498 370 190 0
3041791079.703518 373 237 0
3041791079.9118743 341 184 0
3041791079.914554 344 201 0
3041791079.9239335 343 301 1
3041791080.6106386 356 182 0
3041791080.618678 340 299 1
3041791081.399177 342 276 1
3041791081.401187 339 313 1
3041791082.2493515 331 216 0
3041791082.2500215 334 216 0
3041791082.2513614 348 258 0
3041791082.2527013 334 261 0
3041791082.256051 335 287 0
3041791082.2915587 334 316 0
3041791082.321707 349 291 1
3041791083.125654 334 209 1
3041791083.129674 325 236 0
3041791083.131014 333 225 0
3041791083.1330237 327 242 0
3041791083.661619 358 190 0
3041791083.664299 341 174 1
3041791083.664969 341 217 0
3041791083.665639 350 217 1
3041791083.6716685 340 313 1
3041791083.987218 349 175 1
3041791084.4246993 346 307 1
3041791084.426039 350 287 1
3041791084.4541774 363 202 1
3041791084.844092 354 184 0
3041791084.845432 383 188 0
3041791084.8461018 363 249 1
3041791084.8467717 356 246 0
3041791087.347864 340 316 1
3041791087.3693295 340 177 1
3041791088.101675 337 315 1
3041791088.135767 361 196 0
3041791088.936928 353 285 0
3041791089.0783463 355 169 0
3041791089.089079 340 173 0
3041791089.1395855 341 183 0
3041791089.140217 347 181 1
3041791089.1509495 349 207 0
3041791089.4438877 343 264 1
3041791089.5265923 350 172 0
3041791089.5303802 352 180 1
3041791089.5329056 340 186 0
3041791089.533537 348 242 1
3041791089.5341682 349 253 0
3041791089.5347996 348 220 0
3041791090.0341835 355 291 1
3041791090.215376 329 209 0
3041791090.2185326 332 201 1
3041791090.219795 350 255 1
3041791090.221058 326 245 1
3041791090.22674 332 233 0
3041791090.382679 334 298 0
3041791090.3915176 341 305 0
3041791090.4022503 334 257 0
3041791090.4578075 350 170 0
3041791090.467909 344 199 0
3041791090.621954 343 300 1
3041791090.6453133 351 227 0
3041791090.6478386 335 199 0
3041791091.165531 340 301 1
3041791091.854946 348 171 0
3041791091.8593655 341 236 1
3041791092.7861614 357 259 1
3041791093.070261 342 301 1
3041791093.072155 341 303 0
3041791093.0746803 337 299 0
3041791093.1737995 355 170 0
3041791093.1756935 340 184 1
3041791093.8063946 333 301 1
3041791093.807026 343 302 1
3041791093.8082886 339 313 1
3041791093.820284 346 170 1
3041791093.8234406 328 211 0
3041791093.824072 332 211 0
3041791093.824703 370 211 0
3041791094.141632 334 213 1
3041791094.4023724 347 241 1
3041791094.4030037 347 240 1
3041791094.4048977 351 221 1
3041791094.796324 339 275 1
3041791094.8506184 340 171 0
3041791094.859457 337 185 0
3041791094.8714523 333 243 1
3041791094.8720837 351 251 0
3041791096.5568886 337 297 0
3041791096.582143 335 321 0
3041791096.652725 340 310 1
3041791096.6604958 351 286 0
3041791096.661791 357 268 1
3041791096.663086 348 266 0
3041791096.7110043 340 183 1
3041791096.712947 362 250 0
3041791096.714242 362 235 0
3041791097.257532 348 302 1
3041791097.2581797 338 315 1
3041791097.2601223 345 284 0
3041791097.270483 355 245 0
3041791097.2795486 353 187 0
3041791098.148554 339 309 0
3041791098.16539 337 318 0
3041791098.2482758 349 170 0
3041791098.268997 339 172 0
3041791098.2702923 345 178 0
3041791098.3026695 364 246 0
3041791098.303317 327 238 0
3041791098.3059072 354 195 0
3041791098.306555 333 195 0
3041791099.3018312 331 316 0
3041791099.3458643 335 296 0
3041791099.471488 338 312 0
3041791099.491562 337 309 0
3041791099.5006275 341 302 0
3041791099.518111 352 271 1
3041791099.551136 333 322 0
3041791099.7356863 355 173 0
3041791099.7395716 353 174 0
3041791099.748637 355 179 0
3041791099.75576 341 190 1
3041791099.758998 347 242 1
3041791099.7641783 341 235 1
3041791099.764826 336 200 0
3041791100.411723 354 273 1
3041791100.554183 354 185 0
3041791100.5574207 358 189 0
3041791100.558716 353 240 1
3041791100.560011 332 227 0
3041791100.5645437 349 206 0
3041791100.565839 350 206 0
3041791100.688225 353 293 0
3041791100.6901674 342 299 1
3041791100.7044134 345 259 0
3041791100.7613974 354 169 1
3041791100.7698154 348 253 0
3041791101.4244833 334 300 1
3041791101.507369 329 234 0
3041791101.510607 331 220 0
3041791102.4715633 368 260 0
3041791102.474801 343 258 0
3041791102.4955225 336 302 0
3041791102.500703 354 292 0
3041791102.5356703 332 316 0
3041791102.5609245 340 305 0
3041791102.603015 353 177 0
3041791102.71504 362 233 0
3041791103.484971 333 313 1
3041791103.4940367 352 289 0
3041791103.7006035 341 194 1
3041791103.701251 356 217 1
3041791103.7018986 332 238 0
3041791103.8061533 345 175 1
3041791103.8132763 330 231 0
3041791103.9706297 356 187 0
3041791103.9725723 351 167 1
3041791104.5715513 365 193 0
3041791104.5728464 348 229 1
3041791104.9568405 338 311 0
3041791104.962021 337 317 0
3041791106.0563583 354 177 0
3041791106.060791 354 178 0
3041791106.8327103 335 266 0
3041791106.8339767 338 275 1
3041791106.8384094 338 320 0
3041791106.968857 357 281 1
3041791106.993553 341 176 1
3041791106.996086 332 222 0
3041791106.9973526 353 217 0
3041791106.9998856 336 231 0
3041791107.225952 353 295 0
3041791107.236084 349 190 1
3041791107.2424164 336 222 1
3041791107.2430496 326 222 0
3041791107.9142838 347 170 0
3041791107.9826736 329 235 0
3041791107.9845734 343 248 0
3041791107.9852066 356 220 1
3041791109.190262 342 314 0
3041791109.2048264 340 317 0
3041791109.251686 352 293 0
3041791109.2611847 341 276 1
3041791109.4403915 336 311 0
3041791109.4486237 336 263 1
3041791109.674057 344 189 1
3041791109.6746902 357 189 0
3041791109.6759567 339 184 0
3041791109.679123 351 196 1
3041791109.682289 348 234 1
3041791110.5973206 354 269 1
3041791110.7404327 344 237 0
3041791110.741699 332 224 0
3041791110.743599 341 207 1
3041791110.744232 331 205 0
3041791110.7454987 349 216 1
3041791110.746765 370 217 1
3041791110.7473984 366 222 1
3041791110.920906 338 300 1
3041791110.9297714 336 312 1
3041791110.9873962 332 229 0
3041791110.9886627 348 252 0
3041791111.4585266 339 299 1
3041791111.4610596 328 307 1
3041791111.461693 334 310 1
3041791111.468025 355 273 0
3041791111.565544 327 243 0
3041791111.5661774 339 243 0
3041791112.571129 349 277 0
3041791112.7262726 339 174 0
3041791112.745903 349 169 0
3041791112.8028946 340 184 1
3041791112.821892 349 193 0
3041791112.822525 344 196 1
3041791113.886368 341 301 0
3041791113.8958664 338 313 0
3041791113.8964996 337 309 1
3041791113.945259 352 177 1
3041791113.947159 354 182 0
3041791113.947792 351 182 1
3041791113.9515915 332 237 0
3041791113.9522247 339 236 0
3041791113.953491 354 253 1
3041791113.9547577 356 218 1
3041791113.956024 381 205 0
3041791113.9857864 341 299 1
3041791113.9864197 340 313 1
3041791113.987053 336 280 1
3041791113.992752 331 206 0
3041791114.053543 376 210 0
3041791114.5797653 368 198 0
3041791114.5803986 347 182 1
3041791114.9742737 334 296 0
3041791114.974907 333 296 0
3041791114.9945374 337 305 0
3041791116.0103283 337 320 0
3041791116.1535473 340 178 1
3041791116.154236 378 178 0
3041791116.163187 359 184 0
3041791116.1638756 357 188 0
3041791116.164564 383 188 0
3041791116.1652527 351 204 1
3041791116.165941 330 204 0
3041791116.1700726 349 214 1
3041791116.170761 362 232 0
3041791116.1714497 360 236 1
3041791116.1735153 327 245 0
3041791117.271757 352 289 0
3041791117.3048077 344 304 0
3041791117.3330383 340 318 0
3041791118.0030003 355 290 0
3041791118.0484447 334 318 0
3041791118.051199 339 319 0
3041791118.3259315 349 245 1
3041791118.327997 365 228 0
3041791118.3321285 332 199 0
3041791118.3335056 350 194 1
3041791118.334194 366 194 0
3041791119.6445103 333 316 0
3041791119.6995945 350 166 1
3041791119.7009716 350 175 1
3041791119.7044144 347 196 1
3041791119.7106113 359 234 1
3041791119.7705154 351 256 1
3041791119.776024 351 166 1
3041791119.7815323 343 187 0
3041791119.9075375 361 190 0
3041791119.908226 348 190 1
3041791119.9089146 345 190 0
3041791120.4129353 339 313 1
3041791120.4370346 331 223 0
3041791120.439789 345 192 1
3041791120.4404774 349 248 1
3041791120.591959 354 174 0
3041791120.5974674 342 201 1
3041791120.5988445 366 200 0
3041791120.60091 325 237 0
3041791120.6015987 361 237 0
3041791121.0574207 349 263 0
3041791121.0594864 336 258 0
3041791121.060175 348 270 1
3041791121.0608635 340 276 1
3041791121.061552 352 272 1
3041791121.0636177 333 290 0
3041791121.066372 333 292 1
3041791121.0698147 337 302 0
3041791121.1366043 348 275 0
3041791121.3486786 355 185 0
3041791121.3500557 339 203 1
3041791121.934637 337 319 0
3041791122.0744133 351 172 0
3041791122.075102 352 172 0
3041791122.1384487 353 221 1
3041791122.1480885 341 234 0
3041791122.148777 360 249 1
3041791123.56995 341 220 0
3041791123.5727043 351 251 1
3041791123.68425 342 203 1
3041791123.709038 365 215 1
3041791123.710415 347 250 0
3041791126.2805405 337 171 0
3041791126.2991056 340 184 1
3041791126.3042626 326 242 0
3041791126.305294 350 252 1
3041791126.307357 332 248 0
3041791126.310451 341 224 0
3041791126.313545 342 199 1
3041791127.492434 353 272 1
3041791127.494497 356 270 1
3041791127.495528 333 256 0
3041791127.600731 344 176 1
3041791127.605888 333 231 0
3041791127.6079507 356 226 0
3041791127.6100135 338 236 0
3041791127.616202 354 217 0
3041791127.8554864 351 270 1
3041791127.8606434 350 278 0
3041791128.0576406 343 239 1
3041791128.061766 368 167 0
3041791128.103022 332 243 0
3041791128.2515435 334 297 0
3041791129.0457206 344 171 0
3041791129.137515 347 307 0
3041791129.2623143 330 321 0
3041791130.484522 340 183 1
3041791130.621698 335 250 1
3041791130.6227293 351 198 1
3041791131.026006 336 310 1
3041791131.1116123 347 168 0
3041791131.129146 339 179 0
3041791132.0955667 340 307 0
3041791132.158482 333 290 0
3041791132.1677647 350 279 0
3041791132.168796 335 265 0
3041791132.210052 334 321 0
3041791132.4183946 340 187 0
3041791132.4204574 344 218 0
3041791132.424583 344 194 1
3041791132.4266458 341 195 1
3041791132.4307714 334 203 1
3041791132.434897 333 234 0
3041791132.4359283 326 234 0
3041791133.873698 344 305 0
3041791133.878855 339 311 0
3041791133.894326 356 318 0
3041791133.9180484 338 261 1
3041791133.91908 346 261 0
3041791134.0325336 337 210 0
3041791134.2109656 340 193 1
3041791134.211997 348 249 0
3041791134.2130284 332 251 0
3041791134.313074 352 170 0
3041791134.3171997 347 197 1
3041791134.318231 334 194 1
3041791134.4688153 334 313 1
3041791134.476035 350 285 0
3041791134.5544214 339 176 0
3041791136.355356 339 310 0
3041791136.36117 336 305 0
3041791136.370617 336 317 0
3041791136.372797 335 316 0
3041791136.384424 345 300 0
3041791136.3982315 360 286 0
3041791136.529764 349 168 0
3041791136.557379 356 178 0
3041791136.558832 356 179 0
3041791136.5610123 341 193 1
3041791136.561739 343 196 1
3041791136.5624657 332 196 0
3041791136.5653725 370 216 0
3041791136.566826 360 214 0
3041791136.5697327 348 253 0
3041791137.542057 333 314 1
3041791137.5478706 351 257 1
3041791137.648155 334 198 1
3041791137.6496086 334 228 1
3041791137.6517887 330 230 0
3041791137.6525154 347 230 0
3041791137.653242 331 230 0
3041791137.655422 337 225 1
3041791137.656149 341 225 0
3041791137.6568756 368 244 0
3041791137.6576023 352 240 1
3041791138.0231323 339 316 1
3041791138.0253124 339 270 1
3041791138.065281 345 228 1
3041791138.067461 328 243 0
3041791138.0689144 356 255 1
3041791138.3319798 343 272 1
3041791138.385029 338 181 0
3041791138.3857555 331 215 0
3041791138.4751396 343 273 1
3041791138.4773197 354 263 0
3041791138.55217 363 249 1
3041791138.55435 354 192 1
3041791139.016531 339 314 0
3041791139.060133 332 245 0
3041791139.0608597 332 233 1
3041791139.062313 366 223 0
3041791139.06304 356 172 1
3041791140.0295506 345 237 0
3041791140.0302773 348 239 0
3041791140.031004 362 243 0
3041791140.0317307 370 210 0
3041791140.033184 332 216 0
3041791140.0346375 360 183 0
3041791140.035364 354 183 0
3041791140.711195 331 231 0
3041791140.89287 334 206 1
3041791140.9815273 336 318 0
3041791141.781624 338 310 0
3041791141.7917976 356 273 1
3041791141.795431 352 277 0
3041791141.7997913 344 286 0
3041791141.8724613 339 183 0
3041791141.873188 344 184 1
3041791141.875368 359 189 0
3041791141.8768215 358 188 0
3041791141.8790016 349 196 1
3041791141.880455 366 204 0
3041791141.8811817 334 207 1
3041791141.8819084 339 207 0
3041791141.884815 349 220 0
3041791141.887722 332 219 0
3041791141.8884487 342 219 0
3041791141.892809 357 232 1
3041791142.4145794 346 166 1
3041791142.418213 356 180 0
3041791142.420393 348 255 0
3041791142.6129684 354 273 1
3041791142.7314205 339 299 1
3041791142.7575817 354 218 0
3041791142.7583084 342 195 1
3041791142.86804 348 265 0
3041791142.8818474 341 318 0
3041791142.93853 341 168 0
3041791143.0315475 373 309 0
3041791143.1165714 354 227 1
3041791143.125292 334 298 0
3041791143.1667137 336 208 0
3041791143.212496 363 214 1
3041791143.3607426 355 270 1
3041791143.3614693 355 271 1
3041791143.362196 335 256 1
3041791143.6899376 358 284 0
3041791144.173193 372 219 0
3041791144.359228 357 221 1
3041791144.359955 331 221 0
3041791144.466053 338 259 1
3041791144.47768 363 191 0
3041791144.4813137 368 202 0
3041791144.628107 341 169 0
3041791144.630287 350 179 0
3041791144.6317406 340 191 1
3041791144.635374 361 220 0
3041791146.1578636 335 293 0
3041791146.159905 327 292 0
3041791146.1714725 335 298 0
3041791146.1878033 336 314 0
3041791146.1898446 338 312 0
3041791146.202773 339 322 0
3041791146.310964 337 170 0
3041791146.3177686 346 187 0
3041791146.318449 341 194 1
3041791146.3225317 360 201 0
3041791146.3238926 331 209 0
3041791146.327295 327 242 0
3041791146.329336 351 248 1
3041791146.3300166 361 236 1
3041791147.1390676 356 291 0
3041791147.240454 337 184 0
3041791147.246578 360 241 1
3041791147.2472587 332 241 0
3041791147.2486196 348 254 0
3041791147.250661 362 237 0
3041791147.764398 334 262 0
3041791147.800462 341 186 0
3041791148.378161 334 313 1
3041791148.3788414 338 307 1
3041791148.381563 351 271 1
3041791148.382924 349 261 0
3041791148.3836045 349 278 0
3041791148.3910894 339 225 0
3041791148.39177 326 225 0
3041791148.3944917 336 203 0
3041791148.395172 362 203 0
3041791148.600667 347 249 0
3041791148.6013474 342 242 0
3041791148.6027083 341 235 0
3041791148.604069 335 208 1
3041791148.7503653 352 174 0
3041791148.781666 343 195 1
3041791148.7823462 333 220 0
3041791148.8435864 340 301 0
3041791148.862639 336 312 0
3041791148.8680825 349 284 0
3041791148.868763 354 284 0
3041791148.9123116 338 188 0
3041791148.9150333 338 192 0
3041791148.915714 351 253 1
3041791148.916394 333 253 0
3041791148.9306836 333 257 0
3041791148.9626646 362 230 0
3041791148.964706 332 250 0
3041791149.010296 355 286 0
3041791149.3784175 350 270 1
3041791149.3995113 329 231 0
3041791149.4015527 333 207 0
3041791149.402233 339 206 1
3041791150.148683 352 283 0
3041791150.150044 343 302 1
3041791150.1527658 348 187 1
3041791150.171138 332 212 0
3041791150.946847 335 313 1
3041791150.9509296 355 255 1
3041791150.9522905 362 193 0
3041791150.952971 338 193 0
3041791150.9965196 339 195 0
3041791151.4762344 336 309 0
3041791151.4857607 356 256 1
3041791151.489163 340 320 0
3041791151.5878277 351 173 0
3041791151.5966735 355 182 1
3041791151.5980344 380 183 0
3041791151.6027975 335 220 1
3041791152.458119 337 305 0
3041791152.4669647 337 265 1
3041791152.5275245 340 179 0
3041791152.5397725 347 213 1
3041791152.5458965 360 223 0
3041791152.546577 338 203 1
3041791152.9419165 333 293 1
3041791152.942597 340 291 1
3041791152.9514427 356 269 1
3041791152.9677734 342 174 1
3041791152.9752584 365 249 0
3041791153.629848 344 246 0
3041791157.154075 340 300 0
3041791157.1560936 352 293 0
3041791157.157439 352 288 0
3041791157.180988 332 240 0
3041791157.183679 332 202 1
3041791157.184352 336 196 0
3041791157.405036 338 314 0
3041791157.4918294 336 250 1
3041791157.493848 336 224 1
3041791157.4945207 327 224 0
3041791157.6351395 345 305 0
3041791157.6499414 336 259 1
3041791157.714532 343 246 0
3041791157.7710485 340 182 1
3041791157.776431 369 214 1
3041791157.7905602 357 175 1
3041791157.9251237 353 273 1
3041791158.32074 355 274 1
3041791158.3241043 340 236 0
3041791158.3267956 331 204 0
3041791158.328814 351 189 1
3041791158.329487 353 189 0
3041791159.102554 344 185 1
3041791159.1032267 340 184 1
3041791159.1045723 341 173 1
3041791159.105918 336 245 1
3041791159.1065907 325 244 1
3041791159.1072636 334 208 1
3041791159.108609 334 204 1
3041791159.878985 338 318 0
3041791159.8796577 339 314 1
3041791159.881676 339 299 1
3041791159.9018607 346 196 1
3041791159.9025335 342 194 1
3041791159.9032063 365 224 1
3041791160.463663 340 172 0
3041791160.4663544 356 182 0
3041791160.4737554 335 245 1
3041791160.475101 327 241 0
3041791160.585443 355 177 0
3041791160.592844 369 205 0
3041791160.5941896 335 219 1
3041791160.6830015 336 303 0
3041791160.6904025 341 315 0
3041791160.75903 347 186 1
3041791160.7603755 343 185 1
3041791160.761721 357 190 0
3041791160.762394 360 190 0
3041791160.765085 364 199 0
3041791160.765758 333 255 0
3041791160.766431 350 242 1
3041791160.7671037 343 247 0
3041791161.5926504 340 313 1
3041791161.598033 339 273 1
3041791161.6410933 350 224 0
3041791161.6431117 328 226 0
3041791161.6437845 352 254 1
3041791162.050839 354 182 0
3041791162.054203 332 238 0
3041791162.474714 352 173 0
3041791162.4767323 333 196 0
3041791162.886478 361 219 0
3041791163.0499725 340 304 0
3041791163.051318 354 288 0
3041791163.0896688 332 218 0
3041791163.371579 342 226 0
3041791163.372252 328 242 0
3041791163.4765387 337 275 1
3041791163.555931 347 169 0
3041791163.5626593 365 188 0
3041791163.564005 340 243 0
3041791163.5989914 351 282 1
3041791163.607738 340 192 1
3041791163.6608906 325 240 0
3041791163.6864576 337 301 1
3041791164.3760953 350 167 1
3041791168.0034304 334 293 0
3041791168.0120063 339 190 1
3041791168.0222974 348 171 0
3041791168.026871 345 169 0
3041791168.03316 350 172 0
3041791168.069179 334 197 1
3041791168.2052503 354 273 1
3041791168.2115393 335 318 0
3041791168.2595644 353 226 1
3041791168.3138785 330 237 0
3041791168.323598 359 239 0
3041791168.3344607 339 223 0
3041791168.3744817 336 262 1
3041791168.4122157 358 239 0
3041791168.457382 340 301 1
3041791168.6271853 347 271 1
3041791168.978798 343 182 1
3041791168.980513 347 203 0
3041791168.9816566 345 219 1
3041791169.6099854 350 271 1
3041791170.3406534 334 316 0
3041791170.3446555 354 290 0
3041791170.393824 354 175 0
3041791170.3949676 353 176 0
3041791170.3989697 341 206 1
3041791170.400113 332 213 0
3041791170.561912 335 297 0
3041791170.616226 343 175 1
3041791170.623087 344 220 1
3041791170.6236587 363 206 1
3041791170.8420587 345 217 0
3041791171.3291707 333 301 1
3041791171.3320293 351 289 0
3041791171.349753 341 175 1
3041791171.353755 331 236 0
3041791171.3543267 329 236 0
3041791171.3548985 329 239 0
3041791171.35547 350 239 0
3041791171.3571854 336 192 0
3041791171.357757 361 192 0
3041791171.75911 357 310 0
3041791171.765399 349 249 1
3041791171.8946095 343 214 0
3041791172.44404 351 259 1
3041791172.4737697 346 248 0
3041791172.475485 352 234 1
3041791172.4760566 362 218 1
3041791172.4766283 349 205 0
3041791172.888844 337 305 0
3041791172.8979917 355 288 0
3041791172.987753 326 242 0
3041791172.9911833 355 238 0
3041791172.991755 326 238 0
3041791173.1987205 334 300 0
3041791173.2010074 349 286 1
3041791173.2238765 346 165 1
3041791173.2284503 359 192 0
3041791173.2759037 337 316 1
3041791173.2764754 334 313 1
3041791173.2781906 349 270 1
3041791173.298773 332 233 1
3041791173.3387938 349 224 0
3041791173.3725257 343 191 1
3041791173.5686283 342 173 1
3041791173.5692 343 183 1
3041791173.9482555 341 318 1
3041791173.951114 340 184 1
3041791173.9522576 347 241 1
3041791174.638331 339 310 0
