1574793840.3797455 351 243 1
1574793840.4936695 339 192 1
1574793840.6075935 343 198 0
1574793840.9493656 336 307 0
1574793841.0632896 361 227 1
1574793841.1772137 346 295 0
1574793841.4050617 338 228 1
1574793841.5189857 346 270 1
1574793841.6329098 332 309 1
1574793841.7468338 336 226 1
1574793841.8607578 349 250 1
1574793841.9746819 366 239 1
1574793842.20253 353 252 1
1574793842.316454 349 291 0
1574793842.430378 356 204 0
1574793842.544302 352 261 0
1574793842.658226 346 234 1
1574793842.77215 327 241 1
1574793842.886074 332 243 1
1574793844.0 359 215 1
1574793844.15 346 199 1
1574793844.3000002 331 242 1
1574793844.4500003 340 193 1
1574793844.6000004 346 246 1
1574793844.7500005 334 223 1
1574793844.9000006 348 255 1
1574793845.0500007 335 219 1
1574793845.2000008 366 240 1
1574793845.3500009 343 266 0
1574793845.500001 342 265 0
1574793845.650001 338 284 0
1574793845.8000011 341 268 1
1574793845.9500012 338 305 0
1574793846.1000013 370 237 0
1574793846.2500014 342 263 0
1574793846.4000015 346 216 1
1574793846.5500016 359 242 1
1574793846.7000017 339 249 0
1574793846.8500018 345 295 0
1574793847.150002 313 312 1
1574793847.300002 333 191 1
1574793847.4500022 348 233 1
1574793847.6000023 336 309 1
1574793847.7500024 348 289 1
1574793847.9000025 313 290 0
1574793848.0500026 343 250 1
1574793848.2000027 331 270 0
1574793848.3500028 327 247 0
1574793848.5000029 341 255 0
1574793848.650003 338 281 0
1574793848.800003 350 243 1
1574793848.9500031 330 190 0
1574793849.1000032 321 244 0
1574793849.2500033 331 283 0
1574793849.4000034 366 242 1
1574793849.5500035 354 234 1
1574793849.7000036 334 311 0
1574793849.8500037 360 241 1
1574793850.150004 357 239 1
1574793850.450004 329 234 1
1574793850.6000042 332 236 1
1574793850.7500043 321 209 0
1574793850.9000044 333 304 1
1574793851.2000046 311 311 1
1574793851.3500047 365 228 0
1574793851.5000048 331 211 1
1574793851.6500049 336 245 1
1574793851.800005 349 211 1
1574793851.950005 348 236 1
1574793852.2500052 356 203 0
1574793852.5500054 337 268 0
1574793852.7000055 340 285 0
1574793852.8500056 369 296 0
1574793854.0 331 265 0
1574793854.118421 344 209 1
1574793854.2368422 347 250 1
1574793854.4736843 338 309 1
1574793854.5921054 313 313 1
1574793854.7105265 349 267 1
1574793854.8289475 364 241 1
1574793854.9473686 327 250 0
1574793855.0657897 337 234 1
1574793855.1842108 352 218 0
1574793855.3026319 344 206 1
1574793855.421053 347 235 1
1574793855.539474 367 237 0
1574793855.8947372 350 250 1
1574793856.0131583 368 239 1
1574793856.1315794 358 234 1
1574793856.2500005 338 307 0
1574793856.3684216 318 227 1
1574793856.6052637 338 266 1
1574793856.7236848 341 266 1
1574793856.8421059 359 222 1
1574793856.960527 346 237 0
1574793857.078948 322 207 0
1574793857.197369 331 310 1
1574793857.3157902 348 251 1
1574793857.4342113 342 245 1
1574793857.5526323 337 308 0
1574793857.6710534 319 221 1
1574793857.7894745 360 240 1
1574793857.9078956 350 292 0
1574793858.0263166 350 281 0
1574793858.1447377 352 252 1
1574793858.2631588 348 267 1
1574793858.3815799 346 247 1
1574793858.500001 323 243 1
1574793858.736843 352 267 0
1574793858.8552642 336 268 0
1574793859.0921063 331 307 0
1574793859.2105274 327 220 1
1574793859.3289485 354 221 0
1574793859.4473696 351 250 1
1574793859.5657907 323 226 0
1574793859.6842117 330 228 0
1574793859.8026328 367 236 0
1574793859.921054 347 293 0
1574793860.039475 320 243 1
1574793860.157896 349 198 0
1574793860.2763171 341 295 0
1574793860.3947382 359 236 1
1574793860.5131593 335 273 1
1574793860.7500014 338 239 1
1574793860.8684225 346 266 1
1574793860.9868436 329 242 1
1574793861.1052647 353 245 1
1574793861.2236857 342 294 0
1574793861.3421068 337 277 0
1574793861.460528 324 250 0
1574793861.578949 352 269 0
1574793861.69737 362 217 0
1574793861.8157911 338 267 1
1574793861.9342122 326 221 0
1574793862.0526333 335 270 1
1574793862.1710544 331 309 1
1574793862.2894754 336 239 1
1574793862.4078965 357 209 1
1574793862.5263176 358 221 1
1574793862.6447387 338 220 1
1574793862.7631598 340 181 1
1574793864.0 342 259 0
1574793864.125 332 309 1
1574793864.25 336 207 1
1574793864.375 340 250 0
1574793864.5 318 228 1
1574793864.75 331 267 0
1574793864.875 367 242 1
1574793865.0 338 210 1
1574793865.125 342 258 0
1574793865.25 344 287 0
1574793865.375 327 248 0
1574793865.5 335 308 0
1574793865.625 368 237 0
1574793865.75 361 238 1
1574793865.875 340 239 1
1574793866.0 365 235 0
1574793866.125 368 238 0
1574793866.25 335 246 0
1574793866.375 347 241 1
1574793866.5 328 241 1
1574793866.625 342 206 1
1574793866.875 347 257 1
1574793867.0 340 230 1
1574793867.125 343 229 1
1574793867.25 340 274 1
1574793867.375 332 277 0
1574793867.5 345 273 0
1574793867.625 323 250 1
1574793867.75 337 309 1
1574793868.0 347 255 1
1574793868.25 351 211 1
1574793868.375 330 185 0
1574793868.5 332 264 1
1574793868.625 335 221 1
1574793869.0 326 239 1
1574793869.125 337 220 1
1574793869.25 344 247 1
1574793869.375 337 301 0
1574793869.5 339 251 0
1574793869.625 337 221 1
1574793869.75 363 219 0
1574793869.875 336 308 0
1574793870.0 329 240 1
1574793870.125 329 261 0
1574793870.375 342 207 1
1574793870.5 362 237 0
1574793870.625 337 303 0
1574793870.75 341 205 1
1574793870.875 336 234 1
1574793871.0 373 299 0
1574793871.125 334 275 0
1574793871.25 344 244 1
1574793871.375 334 247 1
1574793871.5 328 253 0
1574793871.625 332 244 1
1574793871.75 334 301 1
1574793871.875 352 263 0
1574793872.0 321 247 1
1574793872.125 339 244 1
1574793872.25 345 231 1
1574793872.375 348 292 0
1574793872.5 331 269 0
1574793872.625 342 263 0
1574793872.75 361 242 1
1574793872.875 366 237 0
1574793874.0 346 273 1
1574793874.15 365 241 1
1574793874.3000002 365 242 1
1574793874.4500003 339 241 0
1574793874.6000004 339 305 0
1574793874.7500005 328 242 1
1574793874.9000006 351 258 1
1574793875.0500007 337 307 0
1574793875.2000008 331 210 1
1574793875.3500009 341 277 1
1574793875.500001 334 252 1
1574793875.650001 333 190 1
1574793875.8000011 324 245 1
1574793875.9500012 352 217 0
1574793876.1000013 352 262 0
1574793876.2500014 334 307 0
1574793876.4000015 348 295 0
1574793876.5500016 334 298 0
1574793876.7000017 345 283 0
1574793876.8500018 342 264 0
1574793877.000002 325 232 1
1574793877.150002 367 240 1
1574793877.4500022 361 218 1
1574793877.6000023 360 218 1
1574793877.7500024 332 274 0
1574793877.9000025 335 307 0
1574793878.0500026 349 261 1
1574793878.2000027 333 305 1
1574793878.3500028 331 187 0
1574793878.5000029 343 266 0
1574793878.650003 318 236 1
1574793878.800003 336 309 1
1574793878.9500031 336 310 1
1574793879.1000032 364 221 0
1574793879.2500033 323 253 0
1574793879.4000034 340 244 1
1574793879.5500035 333 295 0
1574793879.7000036 337 294 0
1574793879.8500037 344 263 1
1574793880.0000038 335 237 0
1574793880.150004 323 252 1
1574793880.300004 352 215 0
1574793880.450004 345 197 0
1574793881.0500045 338 309 1
1574793881.2000046 340 259 0
1574793881.3500047 338 283 0
1574793881.5000048 341 257 0
1574793881.6500049 323 245 0
1574793881.800005 352 234 0
1574793881.950005 332 201 0
1574793882.1000051 332 291 0
1574793882.2500052 364 235 0
1574793882.8500056 358 241 1
1574793884.0 332 239 0
1574793884.1343284 322 244 0
1574793884.2686567 344 245 1
1574793884.402985 362 300 0
1574793884.5373135 327 227 1
1574793884.9402986 336 290 0
1574793885.074627 342 238 0
1574793885.2089553 367 237 0
1574793885.477612 327 238 1
1574793885.6119404 335 276 0
1574793885.7462687 339 254 0
1574793885.880597 339 185 0
1574793886.0149255 337 293 0
1574793886.1492538 333 275 0
1574793886.2835822 334 271 0
1574793886.4179106 348 258 1
1574793886.552239 336 276 0
1574793886.6865673 335 304 0
1574793886.8208957 333 298 0
1574793886.955224 358 208 0
1574793887.0895524 333 309 1
1574793887.3582091 366 240 1
1574793887.4925375 341 297 0
1574793887.6268659 331 278 0
1574793888.2985077 331 282 0
1574793888.5671644 334 297 0
1574793888.7014928 334 309 1
1574793888.8358212 354 238 1
1574793888.9701495 337 310 1
1574793889.2388062 336 295 0
1574793889.3731346 339 262 0
1574793889.507463 364 240 1
1574793889.6417913 331 271 0
1574793889.7761197 353 210 1
1574793889.910448 331 190 0
1574793890.1791048 332 285 0
1574793890.3134332 351 227 1
1574793890.4477615 324 251 0
1574793890.58209 331 273 0
1574793890.7164183 330 186 0
1574793890.8507466 344 286 0
1574793890.985075 340 269 0
1574793891.1194034 360 235 0
1574793891.2537317 336 241 0
1574793891.38806 341 264 1
1574793891.5223885 359 238 1
1574793891.6567168 327 230 1
1574793891.7910452 338 244 1
1574793891.9253736 338 306 0
1574793892.059702 367 240 1
1574793892.1940303 345 244 1
1574793892.3283587 331 227 1
1574793892.462687 337 308 0
1574793892.5970154 336 308 0
1574793892.7313437 341 267 1
1574793892.865672 346 256 1
1574793894.0 323 246 0
1574793894.1216216 366 236 0
1574793894.2432432 345 252 1
1574793894.3648648 336 309 1
1574793894.4864864 320 244 0
1574793894.608108 336 244 1
1574793894.7297297 332 309 1
1574793894.8513513 348 216 1
1574793894.9729729 338 307 0
1574793895.0945945 311 312 1
1574793895.216216 344 238 1
1574793895.3378377 346 287 0
1574793895.581081 332 262 1
1574793895.7027025 346 294 0
1574793895.9459457 344 279 0
1574793896.0675673 340 267 1
1574793896.189189 324 239 1
1574793896.3108106 349 266 1
1574793896.4324322 344 243 1
1574793896.5540538 353 201 0
1574793896.6756754 357 240 1
1574793896.797297 352 266 0
1574793896.9189186 344 215 1
1574793897.0405402 361 243 1
1574793897.1621618 341 281 1
1574793897.2837834 340 303 0
1574793897.405405 344 281 0
1574793897.5270267 331 191 0
1574793897.6486483 344 241 0
1574793897.7702699 337 244 1
1574793897.8918915 357 238 1
1574793898.013513 341 252 0
1574793898.1351347 339 277 0
1574793898.2567563 340 268 1
1574793898.378378 360 216 1
1574793898.4999995 357 241 1
1574793898.7432427 346 235 1
1574793898.8648643 341 265 1
1574793898.986486 360 241 1
1574793899.1081076 352 221 1
1574793899.2297292 365 243 1
1574793899.4729724 364 243 1
1574793899.7162156 335 238 1
1574793899.8378372 343 247 1
1574793899.9594588 360 213 0
1574793900.0810804 345 246 1
1574793900.202702 322 243 1
1574793900.3243237 323 243 1
1574793900.4459453 335 266 1
1574793900.5675669 365 241 1
1574793900.6891885 352 233 1
1574793900.81081 341 269 1
1574793900.9324317 348 228 1
1574793901.0540533 333 247 1
1574793901.175675 337 309 1
1574793901.2972965 342 208 1
1574793901.5405397 329 255 0
1574793901.6621614 341 268 1
1574793901.783783 327 245 0
1574793901.9054046 362 242 1
1574793902.0270262 353 242 1
1574793902.2702694 368 238 0
1574793902.391891 342 232 1
1574793902.5135126 364 241 1
1574793902.6351342 351 235 1
1574793902.7567558 332 241 1
1574793902.8783774 342 236 1
1574793904.142857 350 288 1
1574793904.2857141 328 254 0
1574793904.4285712 356 207 1
1574793904.5714283 318 237 1
1574793904.7142854 344 294 0
1574793904.8571424 330 242 1
1574793904.9999995 321 243 1
1574793905.1428566 340 234 1
1574793905.2857137 346 255 1
1574793905.5714278 343 276 0
1574793905.714285 352 259 0
1574793905.857142 345 215 1
1574793905.999999 334 189 1
1574793906.1428561 338 303 0
1574793906.4285703 347 228 1
1574793906.5714273 366 242 1
1574793906.7142844 331 264 0
1574793906.8571415 350 289 1
1574793906.9999986 326 300 0
1574793907.1428556 319 244 0
1574793907.2857127 342 237 1
1574793907.4285698 344 231 1
1574793907.5714269 349 251 1
1574793907.857141 358 243 1
1574793907.999998 320 243 1
1574793908.1428552 345 238 1
1574793908.4285693 334 219 1
1574793908.5714264 342 249 1
1574793908.8571405 369 296 1
1574793908.9999976 326 243 0
1574793909.1428547 337 278 0
1574793909.2857118 336 220 1
1574793909.4285688 358 300 0
1574793909.571426 339 309 1
1574793909.714283 349 207 1
1574793909.85714 349 222 1
1574793909.9999971 322 242 1
1574793910.1428542 319 219 1
1574793910.2857113 341 282 1
1574793910.4285684 319 242 1
1574793910.5714254 347 285 0
1574793910.7142825 341 244 1
1574793910.8571396 338 218 1
1574793910.9999967 348 288 0
1574793911.1428537 335 301 1
1574793911.2857108 355 210 1
1574793911.428568 348 244 1
1574793911.571425 331 209 1
1574793911.714282 336 287 0
1574793911.857139 356 212 1
1574793911.9999962 332 254 1
1574793912.1428533 346 244 1
1574793912.2857103 327 244 0
1574793912.5714245 345 284 0
1574793912.8571386 331 281 0
1574793914.0 359 242 1
1574793914.1058824 363 240 1
1574793914.3176472 336 308 0
1574793914.4235296 358 233 1
1574793914.529412 341 263 1
1574793914.6352944 343 275 0
1574793914.7411768 338 309 1
1574793914.9529417 341 266 1
1574793915.1647065 333 244 1
1574793915.2705889 358 224 1
1574793915.3764713 349 243 1
1574793915.4823537 361 242 1
1574793915.588236 338 249 0
1574793915.6941185 348 257 1
1574793915.800001 331 254 1
1574793915.9058833 348 243 1
1574793916.0117657 332 268 0
1574793916.1176481 332 273 0
1574793916.2235305 365 221 0
1574793916.329413 351 295 1
1574793916.5411777 367 240 1
1574793916.6470602 334 309 1
1574793916.7529426 341 254 0
1574793916.9647074 349 247 1
1574793917.0705898 365 236 0
1574793917.1764722 338 282 0
1574793917.2823546 326 244 0
1574793917.388237 354 203 1
1574793917.4941194 332 246 1
1574793917.6000018 335 259 1
1574793917.7058842 332 287 0
1574793917.8117666 350 244 1
1574793917.917649 353 219 0
1574793918.0235314 347 217 1
1574793918.1294138 345 211 1
1574793918.2352962 342 213 1
1574793918.3411787 348 215 1
1574793918.6588259 351 272 0
1574793918.7647083 336 291 0
1574793918.8705907 342 264 0
1574793918.976473 351 231 1
1574793919.0823555 343 186 1
1574793919.188238 332 309 1
1574793919.2941203 344 232 1
1574793919.5058851 329 236 1
1574793919.6117675 318 314 1
1574793919.71765 365 239 1
1574793919.8235323 347 261 1
1574793919.9294147 337 310 1
1574793920.0352972 341 283 1
1574793920.1411796 334 214 1
1574793920.247062 341 253 0
1574793920.3529444 348 247 1
1574793920.4588268 337 308 0
1574793920.5647092 353 213 1
1574793920.776474 349 294 0
1574793920.8823564 334 248 0
1574793920.9882388 332 237 0
1574793921.0941212 363 237 1
1574793921.2000036 359 216 1
1574793921.305886 333 209 1
1574793921.4117684 340 276 1
1574793921.5176508 357 239 1
1574793921.6235332 332 217 1
1574793921.7294157 333 302 1
1574793921.835298 353 234 1
1574793922.0470629 338 191 1
1574793922.1529453 346 212 1
1574793922.2588277 336 309 1
1574793922.36471 345 242 1
1574793922.4705925 344 246 1
1574793922.576475 330 262 0
1574793922.6823573 345 286 0
1574793922.7882397 344 277 0
1574793922.8941221 334 302 1
1574793924.0 346 250 1
1574793924.2857141 367 237 0
1574793924.4285712 361 236 0
1574793924.5714283 334 238 1
1574793924.7142854 354 242 1
1574793924.8571424 349 289 1
1574793924.9999995 344 293 0
1574793925.1428566 349 248 1
1574793925.2857137 341 258 0
1574793925.4285707 348 261 1
1574793925.5714278 341 259 0
1574793925.714285 365 241 1
1574793925.857142 318 229 1
1574793925.999999 365 227 0
1574793926.1428561 340 215 1
1574793926.2857132 331 231 1
1574793926.4285703 366 241 1
1574793926.5714273 347 268 1
1574793926.7142844 358 214 1
1574793926.8571415 340 291 1
1574793926.9999986 352 218 0
1574793927.1428556 327 241 1
1574793927.2857127 358 232 1
1574793927.4285698 336 305 0
1574793927.5714269 327 240 1
1574793927.857141 364 241 1
1574793927.999998 363 243 1
1574793928.1428552 343 245 1
1574793928.2857122 327 251 0
1574793928.4285693 337 241 0
1574793928.5714264 364 242 1
1574793928.7142835 351 243 1
1574793928.8571405 326 235 1
1574793928.9999976 334 300 1
1574793929.1428547 341 262 1
1574793929.2857118 349 276 0
1574793929.4285688 366 240 1
1574793929.571426 349 258 1
1574793929.714283 350 231 1
1574793929.85714 349 268 1
1574793929.9999971 332 307 0
1574793930.1428542 329 242 1
1574793930.2857113 332 276 0
1574793930.4285684 344 230 1
1574793930.5714254 346 276 0
1574793930.7142825 325 219 0
1574793930.8571396 339 305 0
1574793930.9999967 343 253 1
1574793931.1428537 353 248 1
1574793931.2857108 338 225 1
1574793931.428568 335 309 1
1574793931.571425 329 253 1
1574793931.714282 351 201 1
1574793931.9999962 338 244 1
1574793932.1428533 352 243 1
1574793932.2857103 344 205 1
1574793932.4285674 327 253 0
1574793932.5714245 364 234 0
1574793932.7142816 366 235 0
1574793932.8571386 367 240 1
1574793934.0 361 243 1
1574793934.116883 335 212 1
1574793934.233766 342 244 1
1574793934.350649 332 243 1
1574793934.4675322 358 211 1
1574793934.5844152 333 188 1
1574793934.7012982 333 243 1
1574793934.8181813 349 260 1
1574793934.9350643 332 242 1
1574793935.1688304 346 207 1
1574793935.2857134 337 309 1
1574793935.4025965 362 243 1
1574793935.5194795 350 290 1
1574793935.6363626 360 244 1
1574793935.7532456 330 243 1
1574793935.8701286 338 248 0
1574793935.9870117 328 242 1
1574793936.1038947 327 249 0
1574793936.2207778 366 236 0
1574793936.3376608 348 263 1
1574793936.68831 338 193 1
1574793936.922076 331 244 1
1574793937.038959 332 288 0
1574793937.155842 334 272 1
1574793937.272725 323 252 1
1574793937.3896081 342 266 0
1574793937.5064912 344 250 1
1574793937.6233742 335 311 0
1574793937.7402573 341 194 1
1574793937.8571403 347 291 0
1574793937.9740233 360 242 1
1574793938.0909064 350 288 1
1574793938.2077894 347 236 1
1574793938.3246725 340 270 0
1574793938.4415555 350 248 1
1574793938.5584385 352 251 1
1574793938.6753216 336 216 1
1574793938.7922046 331 268 0
1574793938.9090877 345 239 1
1574793939.1428537 349 296 1
1574793939.3766198 348 237 1
1574793939.4935029 359 243 1
1574793939.610386 344 198 1
1574793939.844152 334 276 0
1574793939.961035 333 237 1
1574793940.077918 348 248 1
1574793940.194801 360 241 1
1574793940.3116841 335 308 0
1574793940.4285672 352 200 0
1574793940.5454502 367 238 0
1574793940.6623333 331 242 1
1574793940.8960993 331 309 1
1574793941.0129824 352 228 1
1574793941.2467484 324 238 1
1574793941.3636315 337 209 1
1574793941.4805145 339 310 1
1574793941.5973976 338 307 0
1574793941.7142806 327 242 1
1574793941.9480467 363 242 1
1574793942.0649297 342 264 0
1574793942.1818128 358 300 1
1574793942.2986958 357 222 1
1574793942.4155788 364 238 1
1574793942.532462 347 253 1
1574793942.649345 341 243 1
1574793942.766228 345 284 1
1574793942.883111 349 288 1
1574793944.0 337 239 1
1574793944.1384616 339 245 1
1574793944.2769232 327 252 0
1574793944.4153848 344 289 0
1574793944.5538464 343 232 1
1574793944.692308 346 263 1
1574793944.8307695 350 289 1
1574793944.9692311 318 233 1
1574793945.1076927 348 277 0
1574793945.2461543 350 283 0
1574793945.384616 324 209 1
1574793945.661539 351 232 1
1574793945.9384623 340 235 1
1574793946.0769238 363 233 0
1574793946.2153854 333 192 1
1574793946.353847 341 259 0
1574793946.4923086 346 296 0
1574793946.6307702 345 208 1
1574793946.7692318 346 285 0
1574793946.9076934 327 223 1
1574793947.046155 336 308 0
1574793947.1846166 331 245 1
1574793947.4615397 349 259 1
1574793947.6000013 339 306 0
1574793947.738463 327 246 0
1574793947.8769245 341 255 0
1574793948.015386 364 231 0
1574793948.1538477 325 234 1
1574793948.2923093 341 256 0
1574793948.4307709 338 298 1
1574793948.5692325 341 268 1
1574793948.707694 358 209 0
1574793948.8461556 328 214 1
1574793948.9846172 364 241 1
1574793949.1230788 354 233 0
1574793949.2615404 348 214 1
1574793949.400002 366 238 0
1574793949.5384636 326 218 1
1574793949.6769252 345 296 0
1574793949.8153868 355 223 0
1574793949.9538484 347 230 1
1574793950.2307715 322 206 0
1574793950.5076947 332 308 0
1574793950.784618 332 286 0
1574793950.9230795 337 299 1
1574793951.061541 357 206 0
1574793951.2000027 332 235 0
1574793951.3384643 368 238 0
1574793951.4769258 340 275 1
1574793951.6153874 354 205 1
1574793951.753849 321 207 0
1574793951.8923106 350 243 1
1574793952.0307722 332 200 1
1574793952.1692338 339 286 0
1574793952.3076954 333 274 0
1574793952.446157 349 249 1
1574793952.5846186 349 295 0
1574793952.7230802 355 224 0
1574793952.8615417 331 284 0
1574793954.0 342 250 1
1574793954.1216216 367 241 1
1574793954.4864864 347 296 0
1574793954.608108 336 310 1
1574793954.7297297 349 209 1
1574793954.8513513 344 253 1
1574793955.216216 344 219 1
1574793955.3378377 329 259 0
1574793955.4594593 328 209 1
1574793955.581081 362 237 0
1574793955.7027025 358 226 1
1574793955.8243241 348 283 0
1574793955.9459457 342 215 1
1574793956.189189 347 295 0
1574793956.3108106 330 266 0
1574793956.4324322 349 284 1
1574793956.5540538 330 188 0
1574793956.6756754 329 258 0
1574793956.797297 347 246 1
1574793956.9189186 365 226 0
1574793957.0405402 367 240 1
1574793957.2837834 332 309 1
1574793957.405405 337 310 1
1574793957.5270267 347 198 0
1574793957.6486483 341 209 1
1574793957.7702699 349 279 0
1574793957.8918915 367 237 0
1574793958.013513 348 236 1
1574793958.1351347 360 212 0
1574793958.2567563 345 250 1
1574793958.378378 324 299 0
1574793958.4999995 340 244 1
1574793958.7432427 340 300 0
1574793958.8648643 349 291 1
1574793958.986486 367 236 0
1574793959.1081076 357 240 1
1574793959.2297292 334 312 0
1574793959.3513508 340 295 0
1574793959.4729724 358 243 1
1574793959.594594 338 277 0
1574793959.7162156 330 263 0
1574793959.9594588 359 230 1
1574793960.0810804 364 236 0
1574793960.202702 348 250 1
1574793960.3243237 328 255 0
1574793960.5675669 349 281 0
1574793960.6891885 340 245 1
1574793960.81081 365 236 0
1574793960.9324317 337 304 0
1574793961.0540533 365 235 0
1574793961.175675 333 294 0
1574793961.2972965 344 228 1
1574793961.4189181 343 273 0
1574793961.5405397 327 220 1
1574793961.6621614 337 308 0
1574793961.783783 346 265 1
1574793961.9054046 341 207 1
1574793962.0270262 338 309 1
1574793962.1486478 337 277 0
1574793962.2702694 341 261 1
1574793962.391891 365 241 1
1574793962.5135126 343 265 0
1574793962.6351342 344 280 0
1574793962.7567558 347 244 1
1574793962.8783774 344 287 0
1574793964.2222223 327 250 0
1574793964.3333335 358 236 1
1574793964.4444447 341 251 0
1574793964.5555558 363 236 0
1574793964.666667 331 185 0
1574793964.7777781 325 250 1
1574793964.8888893 321 297 0
1574793965.1111116 341 259 0
1574793965.2222228 325 224 0
1574793965.333334 321 208 0
1574793965.4444451 330 187 0
1574793965.5555563 332 182 0
1574793965.6666675 351 263 0
1574793965.7777786 365 237 0
1574793965.8888898 333 189 1
1574793966.000001 330 189 0
1574793966.111112 338 223 1
1574793966.2222233 331 283 0
1574793966.3333344 345 277 0
1574793966.4444456 364 222 0
1574793966.5555568 367 242 1
1574793966.666668 360 244 1
1574793966.777779 338 187 1
1574793966.8888903 357 241 1
1574793967.1111126 360 242 1
1574793967.2222238 347 284 0
1574793967.333335 340 270 1
1574793967.444446 351 264 0
1574793967.6666684 336 244 1
1574793967.7777796 351 273 0
1574793967.8888907 353 214 1
1574793968.000002 362 301 0
1574793968.111113 342 265 0
1574793968.2222242 323 243 1
1574793968.3333354 318 238 1
1574793968.4444466 333 253 1
1574793968.5555577 359 232 1
1574793968.666669 365 243 1
1574793968.77778 335 310 1
1574793968.8888912 358 242 1
1574793969.0000024 329 207 1
1574793969.1111135 330 255 0
1574793969.2222247 352 271 0
1574793969.444447 348 264 1
1574793969.5555582 338 306 0
1574793969.6666694 319 238 1
1574793969.8888917 361 243 1
1574793970.0000029 322 243 1
1574793970.111114 342 264 0
1574793970.2222252 337 293 1
1574793970.3333364 333 265 1
1574793970.4444475 321 211 0
1574793970.5555587 343 269 1
1574793970.6666698 333 184 1
1574793970.777781 344 229 1
1574793970.8888922 330 207 1
1574793971.0000033 351 212 1
1574793971.1111145 348 277 1
1574793971.2222257 366 237 0
1574793971.3333368 318 234 1
1574793971.444448 335 241 0
1574793971.5555592 331 285 0
1574793971.6666703 339 267 1
1574793972.0000038 319 295 0
1574793972.111115 329 256 0
1574793972.2222261 334 243 1
1574793972.3333373 345 248 1
1574793972.4444485 333 285 0
1574793972.5555596 348 282 0
1574793972.777782 316 291 0
1574793972.8888931 333 309 1
1574793974.0 331 207 1
1574793974.1607144 348 296 0
1574793974.3214288 336 283 0
1574793974.4821432 349 293 0
1574793974.6428576 323 242 1
1574793974.803572 331 184 0
1574793974.9642863 339 305 0
1574793975.1250007 344 286 0
1574793975.285715 343 267 0
1574793975.4464295 342 247 1
1574793975.6071439 344 292 0
1574793975.7678583 336 308 0
1574793975.9285727 345 279 0
1574793976.089287 321 244 0
1574793976.2500014 348 252 1
1574793976.4107158 369 297 0
1574793976.5714302 338 194 1
1574793976.7321446 331 274 0
1574793976.892859 347 247 1
1574793977.0535734 322 253 0
1574793977.3750021 366 243 1
1574793977.5357165 348 294 0
1574793977.696431 346 292 0
1574793977.8571453 323 299 0
1574793978.0178597 320 245 0
1574793978.178574 344 289 1
1574793978.3392885 362 236 1
1574793978.5000029 336 274 1
1574793978.6607172 336 309 1
1574793978.982146 365 242 1
1574793979.1428604 336 292 0
1574793979.4642892 348 244 1
1574793979.785718 357 205 0
1574793980.1071467 351 226 1
1574793980.2678611 351 252 1
1574793980.4285755 343 191 0
1574793980.7500043 332 305 1
1574793981.071433 363 241 1
1574793981.2321475 343 244 1
1574793981.3928618 340 304 0
1574793981.5535762 362 238 0
1574793981.7142906 335 279 0
1574793982.1964338 347 204 1
1574793982.3571482 367 238 0
1574793982.8392913 352 258 0
1574793984.0 339 249 0
1574793984.1267605 332 191 1
1574793984.253521 355 214 1
1574793984.3802814 365 224 0
1574793984.507042 315 289 0
1574793984.760563 352 217 0
1574793984.8873234 330 238 0
1574793985.0140839 341 259 0
1574793985.2676048 338 274 1
1574793985.3943653 341 269 1
1574793985.6478863 366 298 0
1574793985.7746468 337 311 0
1574793985.9014072 352 237 1
1574793986.0281677 342 242 1
1574793986.1549282 359 238 1
1574793986.2816887 364 227 0
1574793986.4084492 357 242 1
1574793986.5352097 346 262 1
1574793986.6619701 337 269 0
1574793986.7887306 318 232 1
1574793986.915491 327 221 1
1574793987.0422516 344 270 1
1574793987.169012 332 310 1
1574793987.2957726 331 199 0
1574793987.422533 361 216 0
1574793987.5492935 360 217 1
1574793987.676054 331 310 1
1574793987.8028145 348 253 1
1574793987.929575 357 211 1
1574793988.183096 355 241 1
1574793988.3098564 346 287 1
1574793988.436617 338 241 0
1574793988.5633774 332 308 0
1574793988.6901379 333 240 0
1574793988.8168983 367 240 1
1574793988.9436588 365 240 1
1574793989.0704193 355 213 1
1574793989.1971798 340 241 0
1574793989.3239403 340 251 0
1574793989.4507008 340 276 1
1574793989.5774612 349 232 1
1574793989.7042217 345 220 1
1574793989.8309822 359 218 1
1574793990.0845032 337 279 0
1574793990.2112637 362 300 1
1574793990.3380241 348 262 1
1574793990.4647846 334 209 1
1574793990.7183056 364 241 1
1574793990.845066 366 236 0
1574793990.9718266 346 224 1
1574793991.098587 360 242 1
1574793991.2253475 339 287 0
1574793991.352108 332 183 0
1574793991.605629 334 266 1
1574793991.85915 357 228 1
1574793991.9859104 349 231 1
1574793992.112671 363 234 0
1574793992.2394314 325 216 0
1574793992.3661919 368 239 0
1574793992.4929523 346 257 1
1574793992.6197128 366 241 1
1574793992.7464733 334 240 0
1574793992.8732338 359 239 1
1574793994.0 345 256 1
1574793994.1285715 349 292 0
1574793994.257143 347 283 0
1574793994.3857145 343 237 1
1574793994.514286 359 243 1
1574793994.6428576 361 243 1
1574793994.771429 326 240 1
1574793994.9000006 353 250 0
1574793995.028572 326 226 1
1574793995.1571436 312 314 1
1574793995.285715 365 236 0
1574793995.4142866 333 292 0
1574793995.5428581 346 295 0
1574793995.6714296 331 271 0
1574793995.9285727 353 216 1
1574793996.0571442 334 288 0
1574793996.1857157 336 239 1
1574793996.3142872 350 274 0
1574793996.4428587 367 240 1
1574793996.5714302 319 244 0
1574793996.8285732 351 199 0
1574793996.9571447 334 287 0
1574793997.0857162 320 243 1
1574793997.2142878 333 214 1
1574793997.3428593 328 229 1
1574793997.6000023 358 242 1
1574793997.7285738 343 278 0
1574793997.8571453 326 217 1
1574793997.9857168 336 310 1
1574793998.1142883 338 308 0
1574793998.2428598 333 305 0
1574793998.3714314 337 290 0
1574793998.5000029 330 184 0
1574793998.757146 318 231 1
1574793998.8857174 346 296 0
1574793999.014289 352 268 0
1574793999.1428604 346 261 1
1574793999.271432 346 244 1
1574793999.4000034 330 267 0
1574793999.528575 343 277 0
1574793999.6571465 336 299 1
1574793999.785718 348 292 0
1574793999.9142895 338 307 0
1574794000.042861 339 244 1
1574794000.1714325 336 277 0
1574794000.300004 337 308 0
1574794000.4285755 354 240 1
1574794000.557147 342 260 0
1574794000.6857185 314 312 1
1574794000.81429 357 221 1
1574794000.9428616 360 236 0
1574794001.071433 338 247 1
1574794001.2000046 326 241 1
1574794001.328576 357 241 1
1574794001.4571476 346 254 1
1574794001.585719 332 309 1
1574794001.7142906 321 243 1
1574794001.8428621 349 252 1
1574794001.9714336 348 254 1
1574794002.1000051 324 247 1
1574794002.2285767 336 208 1
1574794002.3571482 348 235 1
1574794002.4857197 343 266 0
1574794002.6142912 366 240 1
1574794002.7428627 318 235 1
1574794002.8714342 337 244 1
1574794004.0 329 214 1
1574794004.1384616 332 182 1
1574794004.2769232 345 221 1
1574794004.4153848 365 241 1
1574794004.692308 331 309 1
1574794004.8307695 353 243 1
1574794004.9692311 345 247 1
1574794005.1076927 336 307 0
1574794005.2461543 337 235 1
1574794005.384616 349 253 1
1574794005.661539 323 243 1
1574794005.8000007 358 216 1
1574794006.0769238 349 244 1
1574794006.2153854 352 209 1
1574794006.353847 332 265 1
1574794006.4923086 336 301 0
1574794006.7692318 330 255 1
1574794006.9076934 351 244 1
1574794007.046155 335 299 1
1574794007.1846166 344 281 0
1574794007.6000013 338 310 1
1574794007.738463 340 274 1
1574794007.8769245 364 236 0
1574794008.015386 322 244 0
1574794008.1538477 318 228 1
1574794008.2923093 349 200 1
1574794008.4307709 330 242 1
1574794008.707694 364 232 0
1574794008.8461556 339 229 1
1574794008.9846172 315 289 1
1574794009.1230788 329 208 1
1574794009.400002 347 256 1
1574794009.5384636 343 267 0
1574794009.8153868 319 245 0
1574794009.9538484 338 237 1
1574794010.09231 353 249 0
1574794010.2307715 331 192 0
1574794010.3692331 367 240 1
1574794010.6461563 334 207 1
1574794010.784618 318 230 1
1574794010.9230795 338 190 1
1574794011.061541 335 223 1
1574794011.2000027 358 231 1
1574794011.3384643 340 183 1
1574794011.4769258 344 236 0
1574794011.6153874 337 267 1
1574794011.753849 365 243 1
1574794011.8923106 337 217 1
1574794012.0307722 335 260 1
1574794012.1692338 349 199 0
1574794012.3076954 326 244 0
1574794012.446157 358 244 1
1574794012.5846186 357 240 1
1574794012.7230802 363 243 1
1574794012.8615417 334 221 1
1574794014.0 358 234 1
1574794014.1304348 327 219 1
1574794014.2608695 337 300 1
1574794014.3913043 329 225 1
1574794014.6521738 341 184 1
1574794014.7826085 318 227 1
1574794014.9130433 337 233 1
1574794015.043478 341 270 1
1574794015.1739128 354 244 1
1574794015.3043475 344 279 0
1574794015.565217 343 233 1
1574794015.6956518 348 219 1
1574794015.8260865 336 218 1
1574794015.9565213 332 272 1
1574794016.2173908 363 241 1
1574794016.4782603 336 298 1
1574794016.608695 339 254 1
1574794016.7391298 350 288 1
1574794016.8695645 364 242 1
1574794016.9999993 364 243 1
1574794017.2608688 335 207 1
1574794017.5217383 346 225 1
1574794017.652173 330 185 0
1574794017.7826078 347 266 1
1574794018.0434773 347 259 1
1574794018.173912 344 285 0
1574794018.3043468 337 307 0
1574794018.4347816 329 242 1
1574794018.5652163 342 265 0
1574794018.695651 345 244 1
1574794018.8260858 328 256 0
1574794018.9565206 346 249 1
1574794019.0869553 356 205 0
1574794019.21739 346 232 1
1574794019.3478248 352 262 0
1574794019.4782596 342 187 0
1574794019.6086943 338 224 1
1574794019.739129 347 258 1
1574794019.8695638 318 226 1
1574794019.9999986 336 308 0
1574794020.1304333 324 246 1
1574794020.3913028 360 242 1
1574794020.5217376 341 268 1
1574794020.6521723 332 290 0
1574794020.782607 335 309 1
1574794020.9130418 339 282 0
1574794021.0434766 332 279 0
1574794021.1739113 346 200 1
1574794021.304346 357 242 1
1574794021.4347808 327 242 1
1574794021.5652156 329 243 1
1574794021.6956503 349 237 1
1574794021.826085 344 244 1
1574794021.9565198 347 264 1
1574794022.0869546 347 234 1
1574794022.2173893 367 238 0
1574794022.347824 337 310 1
1574794022.4782588 343 243 1
1574794022.6086936 341 267 1
1574794022.7391284 339 224 1
1574794022.869563 348 271 1
1574794024.0 348 268 1
1574794024.12 346 276 1
1574794024.2399998 347 251 1
1574794024.3599997 340 231 1
1574794024.4799995 350 259 1
1574794024.5999994 350 290 1
1574794024.7199993 331 208 1
1574794024.8399992 366 237 0
1574794024.959999 330 310 1
1574794025.079999 325 233 1
1574794025.1999989 353 220 0
1574794025.3199987 347 297 0
1574794025.4399986 357 239 1
1574794025.5599985 364 223 0
1574794025.6799984 361 243 1
1574794025.7999983 345 284 0
1574794025.9199982 329 260 0
1574794026.159998 365 236 0
1574794026.2799978 335 294 0
1574794026.5199976 324 229 0
1574794026.6399975 346 253 1
1574794026.7599974 342 185 1
1574794026.8799973 327 248 0
1574794026.9999971 345 249 1
1574794027.119997 338 207 1
1574794027.239997 340 270 0
1574794027.3599968 336 310 1
1574794027.4799967 350 257 1
1574794027.5999966 328 243 1
1574794027.7199965 361 242 1
1574794027.8399963 343 248 1
1574794027.9599962 330 264 0
1574794028.079996 327 249 0
1574794028.199996 346 291 0
1574794028.4399958 356 223 1
1574794028.5599957 356 211 1
1574794028.6799955 340 303 0
1574794028.7999954 368 239 0
1574794028.9199953 341 259 0
1574794029.0399952 366 241 1
1574794029.159995 331 273 0
1574794029.279995 326 238 1
1574794029.3999949 367 237 0
1574794029.5199947 327 220 1
1574794029.6399946 344 265 0
1574794029.7599945 331 243 1
1574794029.8799944 338 239 1
1574794029.9999943 353 234 1
1574794030.1199942 331 247 1
1574794030.239994 348 207 1
1574794030.359994 334 309 1
1574794030.5999937 344 295 0
1574794030.7199936 344 289 0
1574794030.8399935 333 183 0
1574794030.9599934 359 242 1
1574794031.0799932 359 312 1
1574794031.1999931 345 255 1
1574794031.439993 352 244 1
1574794031.5599928 364 229 0
1574794031.6799927 352 229 1
1574794031.7999926 340 236 1
1574794031.9199924 360 224 1
1574794032.0399923 349 230 1
1574794032.1599922 357 244 1
1574794032.279992 334 241 0
1574794032.399992 340 182 1
1574794032.5199919 334 208 1
1574794032.7599916 360 244 1
1574794032.8799915 341 263 1
1574794034.0 336 267 1
1574794034.1232877 350 206 1
1574794034.2465754 344 236 1
1574794034.369863 333 220 1
1574794034.4931507 338 267 1
1574794034.6164384 340 268 1
1574794034.739726 327 254 0
1574794034.8630137 336 244 1
1574794034.9863014 349 279 1
1574794035.109589 354 241 1
1574794035.2328768 335 239 1
1574794035.4794521 344 238 1
1574794035.7260275 323 227 0
1574794035.8493152 340 261 1
1574794035.9726028 335 244 1
1574794036.0958905 342 245 1
1574794036.3424659 341 284 1
1574794036.4657536 333 264 0
1574794036.5890412 351 253 1
1574794036.712329 326 239 1
1574794036.8356166 341 203 1
1574794036.9589043 333 272 1
1574794037.082192 349 262 1
1574794037.2054796 349 208 1
1574794037.3287673 349 269 1
1574794037.452055 339 304 0
1574794037.5753427 345 222 1
1574794037.821918 349 255 1
1574794037.9452057 346 205 1
1574794038.0684934 326 229 1
1574794038.191781 350 279 1
1574794038.3150687 359 239 1
1574794038.4383564 337 308 0
1574794038.561644 328 233 1
1574794038.6849318 345 257 1
1574794038.8082194 345 292 0
1574794038.931507 349 290 1
1574794039.0547948 350 255 1
1574794039.1780825 328 242 1
1574794039.3013701 332 243 1
1574794039.7945209 339 235 1
1574794040.0410962 343 272 0
1574794040.2876716 364 242 1
1574794040.4109592 347 296 0
1574794040.534247 339 270 0
1574794040.7808223 338 309 1
1574794040.90411 346 259 1
1574794041.0273976 328 255 0
1574794041.1506853 364 235 0
1574794041.273973 340 226 1
1574794041.3972607 333 309 1
1574794041.5205483 318 239 1
1574794041.643836 330 235 1
1574794041.7671237 347 263 1
1574794041.8904114 347 262 1
1574794042.013699 337 310 1
1574794042.1369867 340 243 1
1574794042.2602744 333 291 0
1574794042.5068498 345 209 1
1574794042.6301374 341 245 1
1574794042.8767128 344 289 1
1574794044.0 333 187 1
1574794044.1232877 336 293 0
1574794044.2465754 335 294 1
1574794044.369863 345 261 1
1574794044.4931507 342 265 0
1574794044.6164384 335 208 1
1574794044.739726 357 241 1
1574794044.8630137 346 260 1
1574794045.109589 345 243 1
1574794045.3561645 362 243 1
1574794045.4794521 362 238 0
1574794045.6027398 344 218 1
1574794045.7260275 350 225 1
1574794045.9726028 339 194 1
1574794046.0958905 326 236 1
1574794046.2191782 338 209 1
1574794046.3424659 330 278 0
1574794046.4657536 361 237 0
1574794046.5890412 364 236 0
1574794046.712329 355 225 0
1574794046.9589043 360 241 1
1574794047.082192 364 239 1
1574794047.3287673 335 284 0
1574794047.452055 326 205 1
1574794047.5753427 330 277 0
1574794047.6986303 324 222 0
1574794047.821918 359 243 1
1574794047.9452057 338 244 1
1574794048.0684934 319 297 0
1574794048.191781 320 247 1
1574794048.3150687 344 280 0
1574794048.561644 341 236 1
1574794048.6849318 326 216 1
1574794048.931507 351 273 0
1574794049.0547948 339 274 1
1574794049.1780825 322 298 0
1574794049.3013701 331 264 1
1574794049.4246578 346 297 0
1574794049.5479455 348 259 1
1574794049.6712332 332 309 1
1574794049.9178085 350 268 1
1574794050.0410962 364 224 0
1574794050.164384 350 258 1
1574794050.2876716 347 244 1
1574794050.4109592 348 260 1
1574794050.534247 343 251 1
1574794050.6575346 361 244 1
1574794050.7808223 320 248 1
1574794050.90411 367 240 1
1574794051.0273976 359 210 0
1574794051.1506853 367 239 0
1574794051.273973 358 244 1
1574794051.3972607 343 254 1
1574794051.5205483 339 234 1
1574794051.643836 347 237 1
1574794051.7671237 350 233 1
1574794051.8904114 359 301 0
1574794052.013699 343 218 1
1574794052.2602744 327 243 1
1574794052.383562 348 229 1
1574794052.5068498 328 240 1
1574794052.6301374 347 276 0
1574794052.7534251 343 295 0
1574794052.8767128 357 240 1
1574794054.0 328 302 0
1574794054.1451614 363 242 1
1574794054.2903228 340 252 0
1574794054.4354842 366 238 0
1574794054.5806456 337 285 0
1574794054.725807 340 265 1
1574794055.0161297 330 273 0
1574794055.1612911 347 239 0
1574794055.3064525 335 310 1
1574794055.5967753 363 237 0
1574794055.7419367 342 246 1
1574794055.887098 362 237 1
1574794056.0322595 366 243 1
1574794056.1774209 332 218 1
1574794056.3225822 351 233 1
1574794056.612905 353 242 1
1574794056.9032278 352 233 1
1574794057.0483892 330 188 0
1574794057.1935506 330 280 0
1574794057.338712 364 225 0
1574794057.4838734 332 308 0
1574794057.6290348 340 267 1
1574794057.7741961 358 232 1
1574794057.9193575 344 296 0
1574794058.064519 328 257 0
1574794058.2096803 337 274 1
1574794058.3548417 340 276 1
1574794058.500003 329 303 0
1574794058.6451645 352 234 1
1574794058.7903259 352 221 1
1574794058.9354873 333 232 1
1574794059.0806487 344 284 0
1574794059.22581 336 225 1
1574794059.5161328 316 316 1
1574794059.6612942 354 206 1
1574794059.8064556 334 193 1
1574794059.951617 341 204 1
1574794060.0967784 346 235 1
1574794060.2419398 334 239 1
1574794060.3871012 357 207 0
1574794060.5322626 342 266 0
1574794060.677424 336 219 1
1574794060.8225853 365 242 1
1574794060.9677467 354 234 0
1574794061.1129081 352 260 0
1574794061.2580695 326 227 1
1574794061.403231 343 287 1
1574794061.5483923 324 251 0
1574794061.6935537 350 269 1
1574794061.838715 345 229 1
1574794061.9838765 341 260 0
1574794062.1290379 367 238 0
1574794062.2741992 333 308 0
1574794062.564522 359 240 1
1574794062.7096834 346 282 0
1574794062.8548448 363 240 1
1574794064.0 344 297 0
1574794064.2769232 366 239 0
1574794064.4153848 329 261 0
1574794064.5538464 325 242 0
1574794064.692308 354 209 1
1574794064.8307695 333 310 1
1574794064.9692311 345 263 1
1574794065.2461543 357 242 1
1574794065.384616 327 236 1
1574794065.5230775 346 256 1
1574794065.661539 342 233 1
1574794065.8000007 364 226 0
1574794065.9384623 365 240 1
1574794066.0769238 348 269 1
1574794066.2153854 358 218 1
1574794066.353847 342 237 1
1574794066.4923086 358 235 1
1574794066.6307702 366 237 0
1574794066.7692318 344 278 0
1574794066.9076934 337 298 1
1574794067.1846166 365 232 0
1574794067.3230782 347 267 1
1574794067.4615397 352 263 0
1574794067.6000013 343 274 0
1574794067.8769245 350 288 1
1574794068.015386 325 214 1
1574794068.1538477 343 203 1
1574794068.2923093 331 186 0
1574794068.4307709 352 219 0
1574794068.5692325 363 241 1
1574794068.8461556 325 215 1
1574794068.9846172 360 242 1
1574794069.1230788 360 243 1
1574794069.2615404 334 298 0
1574794069.400002 344 255 1
1574794069.5384636 344 256 1
1574794069.6769252 342 265 0
1574794069.8153868 339 245 1
1574794069.9538484 363 220 0
1574794070.09231 349 244 1
1574794070.2307715 335 267 1
1574794070.3692331 364 242 1
1574794070.5076947 352 216 0
1574794070.784618 327 252 0
1574794070.9230795 336 310 1
1574794071.061541 333 222 1
1574794071.2000027 340 253 0
1574794071.3384643 364 230 0
1574794071.4769258 354 242 1
1574794071.6153874 321 210 0
1574794071.753849 354 222 0
1574794071.8923106 340 211 1
1574794072.0307722 365 237 0
1574794072.1692338 339 250 0
1574794072.3076954 345 295 0
1574794072.5846186 336 286 0
1574794072.7230802 351 243 1
1574794072.8615417 341 210 1
1574794074.0 334 220 1
1574794074.1285715 339 278 0
1574794074.257143 361 244 1
1574794074.3857145 329 209 1
1574794074.514286 337 310 1
1574794074.6428576 356 209 1
1574794074.771429 326 233 0
1574794074.9000006 317 312 1
1574794075.1571436 329 259 0
1574794075.285715 343 268 0
1574794075.4142866 330 244 1
1574794075.5428581 362 220 1
1574794075.6714296 365 230 0
1574794075.8000011 330 279 0
1574794075.9285727 356 221 1
1574794076.0571442 348 236 1
1574794076.1857157 337 273 0
1574794076.3142872 348 297 0
1574794076.5714302 346 252 1
1574794076.7000017 355 203 0
1574794076.8285732 331 239 0
1574794076.9571447 339 196 1
1574794077.2142878 346 277 0
1574794077.3428593 330 236 0
1574794077.4714308 348 267 1
1574794077.6000023 349 291 1
1574794077.7285738 321 245 0
1574794077.8571453 320 210 0
1574794077.9857168 342 238 1
1574794078.1142883 330 304 0
1574794078.2428598 338 279 0
1574794078.3714314 336 273 0
1574794078.5000029 358 244 1
1574794078.6285744 348 244 1
1574794078.757146 346 251 1
1574794078.8857174 357 243 1
1574794079.014289 347 252 1
1574794079.1428604 346 258 1
1574794079.4000034 338 310 1
1574794079.528575 336 308 0
1574794079.6571465 327 251 0
1574794079.9142895 337 223 1
1574794080.042861 333 273 1
1574794080.1714325 332 279 1
1574794080.6857185 355 216 1
1574794080.81429 337 222 1
1574794080.9428616 350 289 1
1574794081.071433 349 257 1
1574794081.2000046 349 254 1
1574794081.328576 321 209 0
1574794081.4571476 344 239 1
1574794081.585719 343 267 0
1574794081.7142906 345 254 1
1574794081.8428621 352 243 1
1574794081.9714336 341 260 0
1574794082.1000051 339 252 0
1574794082.2285767 342 261 0
1574794082.3571482 331 251 1
1574794082.4857197 347 280 0
1574794082.6142912 341 253 0
1574794082.7428627 337 238 0
1574794082.8714342 336 285 0
1574794084.0 368 236 0
1574794084.1730769 341 213 1
1574794084.3461537 345 297 0
1574794084.5192306 345 284 1
1574794084.6923075 333 217 1
1574794085.0384612 361 217 0
1574794085.211538 341 254 0
1574794085.384615 367 241 1
1574794085.5576918 350 230 1
1574794085.7307687 357 241 1
1574794086.2499993 340 273 1
1574794086.4230762 339 305 0
1574794086.596153 327 250 0
1574794086.76923 358 207 0
1574794087.2884605 350 251 1
1574794087.4615374 346 267 1
1574794087.807691 362 239 0
1574794087.980768 338 307 0
1574794088.1538448 344 249 1
1574794088.3269217 350 254 1
1574794088.4999986 352 218 0
1574794088.6730754 333 266 1
1574794088.8461523 318 238 1
1574794089.0192292 349 256 1
1574794089.192306 342 188 0
1574794089.5384598 339 267 1
1574794089.7115366 366 241 1
1574794089.8846135 321 207 0
1574794090.0576904 334 309 1
1574794090.2307673 329 260 0
1574794090.403844 339 248 1
1574794090.576921 341 269 1
1574794090.7499979 332 310 1
1574794090.9230747 347 247 1
1574794091.2692285 331 280 0
1574794091.4423053 352 270 0
1574794091.6153822 323 243 1
1574794091.788459 342 259 0
1574794091.961536 349 288 1
1574794092.1346128 328 225 1
1574794092.3076897 365 242 1
1574794092.4807665 325 235 1
1574794092.6538434 325 211 1
1574794092.8269203 336 196 1
1574794094.0 343 255 1
1574794094.140625 347 235 1
1574794094.28125 366 238 0
1574794094.421875 335 276 0
1574794094.84375 361 244 1
1574794094.984375 343 238 1
1574794095.125 339 208 1
1574794095.265625 339 197 1
1574794095.40625 330 186 0
1574794095.546875 334 238 1
1574794095.6875 336 300 1
1574794095.828125 347 260 1
1574794095.96875 352 266 1
1574794096.109375 340 262 1
1574794096.25 338 278 0
1574794096.390625 367 239 0
1574794096.53125 339 258 0
1574794096.671875 327 232 1
1574794096.953125 340 257 0
1574794097.09375 338 308 0
1574794097.234375 342 267 0
1574794097.515625 364 233 0
1574794097.65625 347 280 1
1574794097.796875 364 237 0
1574794097.9375 345 258 1
1574794098.21875 348 282 0
1574794098.359375 335 278 0
1574794098.5 338 280 0
1574794098.640625 368 239 0
1574794098.921875 327 234 0
1574794099.0625 368 238 0
1574794099.203125 347 250 1
1574794099.34375 348 220 1
1574794099.484375 330 190 0
1574794099.625 357 291 0
1574794099.765625 358 233 1
1574794099.90625 362 244 1
1574794100.046875 343 273 0
1574794100.1875 340 246 1
1574794100.328125 328 256 0
1574794100.46875 361 219 1
1574794100.609375 364 242 1
1574794100.75 349 268 1
1574794100.890625 333 278 0
1574794101.03125 367 243 1
1574794101.171875 332 260 1
1574794101.3125 360 222 1
1574794101.453125 343 278 0
1574794101.59375 353 209 1
1574794101.734375 347 257 1
1574794101.875 348 288 1
1574794102.015625 339 230 1
1574794102.4375 349 233 1
1574794102.71875 365 243 1
1574794102.859375 363 242 1
1574794104.0 342 184 1
1574794104.116883 337 272 0
1574794104.233766 327 253 0
1574794104.350649 334 310 1
1574794104.4675322 334 276 0
1574794104.5844152 341 260 0
1574794104.8181813 350 249 1
1574794104.9350643 346 262 1
1574794105.0519474 346 204 1
1574794105.1688304 345 213 1
1574794105.2857134 349 291 1
1574794105.4025965 344 268 0
1574794105.5194795 345 264 1
1574794105.6363626 326 228 1
1574794105.7532456 319 245 0
1574794105.8701286 338 299 1
1574794105.9870117 318 236 1
1574794106.1038947 343 277 0
1574794106.2207778 334 245 1
1574794106.3376608 318 237 1
1574794106.4545438 336 310 1
1574794106.68831 350 244 1
1574794106.805193 352 207 1
1574794106.922076 339 253 0
1574794107.038959 351 205 1
1574794107.155842 357 225 1
1574794107.272725 339 265 0
1574794107.3896081 339 309 1
1574794107.5064912 346 233 1
1574794107.6233742 326 225 1
1574794107.7402573 353 248 1
1574794107.8571403 361 244 1
1574794107.9740233 335 274 1
1574794108.0909064 340 250 0
1574794108.3246725 340 195 1
1574794108.4415555 335 287 0
1574794108.5584385 331 284 0
1574794108.7922046 350 260 1
1574794108.9090877 359 243 1
1574794109.0259707 340 264 1
1574794109.1428537 365 244 1
1574794109.2597368 350 235 1
1574794109.3766198 331 183 0
1574794109.610386 364 228 0
1574794109.727269 344 203 1
1574794109.844152 318 240 1
1574794109.961035 330 243 1
1574794110.077918 361 243 1
1574794110.194801 339 292 0
1574794110.3116841 337 267 1
1574794110.4285672 333 303 1
1574794110.5454502 340 255 0
1574794110.6623333 342 266 0
1574794110.7792163 360 243 1
1574794111.0129824 360 220 1
1574794111.1298654 348 266 1
1574794111.2467484 320 249 1
1574794111.4805145 332 240 0
1574794111.5973976 352 247 1
1574794111.7142806 364 244 1
1574794111.8311636 334 279 0
1574794111.9480467 331 309 1
1574794112.0649297 359 237 1
1574794112.1818128 343 268 0
1574794112.2986958 350 278 1
1574794112.4155788 343 188 1
1574794112.532462 341 281 1
1574794112.766228 350 256 1
1574794112.883111 338 222 1
1574794114.0 341 270 1
1574794114.113924 329 258 0
1574794114.227848 340 199 1
1574794114.341772 322 243 1
1574794114.455696 358 299 0
1574794114.6835442 324 238 1
1574794114.7974682 338 287 0
1574794114.9113922 339 306 0
1574794115.0253162 324 247 1
1574794115.1392403 343 205 1
1574794115.2531643 357 243 1
1574794115.3670883 357 232 1
1574794115.4810123 329 262 0
1574794115.5949364 347 287 0
1574794115.7088604 365 237 0
1574794115.8227844 345 259 1
1574794115.9367085 339 255 0
1574794116.0506325 339 279 0
1574794116.1645565 331 276 0
1574794116.2784805 353 243 1
1574794116.3924046 315 314 1
1574794116.5063286 327 207 1
1574794116.7341766 360 237 0
1574794116.8481007 335 290 0
1574794116.9620247 330 263 0
1574794117.0759487 359 244 1
1574794117.1898727 358 313 1
1574794117.3037968 353 203 1
1574794117.5316448 353 211 1
1574794117.6455688 336 244 1
1574794117.7594929 338 267 1
1574794117.873417 359 239 1
1574794117.987341 346 203 1
1574794118.101265 331 310 1
1574794118.215189 344 248 1
1574794118.329113 324 300 0
1574794118.443037 363 244 1
1574794118.556961 357 242 1
1574794118.670885 342 244 1
1574794118.784809 357 231 1
1574794118.8987331 326 244 0
1574794119.0126572 344 265 1
1574794119.2405052 343 294 0
1574794119.3544292 347 292 0
1574794119.4683533 340 277 1
1574794119.5822773 340 261 1
1574794119.6962013 338 310 1
1574794120.0379734 359 240 1
1574794120.1518974 321 243 1
1574794120.2658215 342 265 0
1574794120.4936695 342 204 1
1574794120.6075935 340 251 0
1574794120.7215176 323 253 1
1574794120.8354416 328 242 1
1574794120.9493656 333 276 0
1574794121.0632896 313 315 1
1574794121.1772137 353 250 0
1574794121.4050617 337 249 0
1574794121.5189857 368 240 0
1574794121.6329098 325 243 0
1574794121.7468338 337 310 1
1574794121.8607578 345 216 1
1574794121.9746819 330 276 0
1574794122.0886059 366 242 1
1574794122.20253 357 241 1
1574794122.316454 357 229 1
1574794122.430378 349 206 1
1574794122.544302 364 231 0
1574794122.77215 336 245 0
1574794122.886074 333 188 1
1574794124.0 326 245 0
1574794124.109756 333 239 1
1574794124.219512 339 193 1
1574794124.329268 348 204 1
1574794124.439024 364 243 1
1574794124.658536 325 300 0
1574794124.878048 320 243 1
1574794124.987804 353 212 1
1574794125.09756 360 244 1
1574794125.207316 352 264 0
1574794125.317072 348 249 1
1574794125.426828 325 234 1
1574794125.536584 365 236 0
1574794125.64634 323 250 0
1574794125.756096 343 230 1
1574794125.8658519 348 288 0
1574794125.9756079 365 241 1
1574794126.0853639 339 303 0
1574794126.1951199 348 237 1
1574794126.3048759 357 233 1
1574794126.4146318 339 238 1
1574794126.5243878 339 228 1
1574794126.6341438 336 275 0
1574794126.8536558 332 255 1
1574794126.9634118 354 242 1
1574794127.0731678 329 234 1
1574794127.1829238 345 262 1
1574794127.2926798 359 215 1
1574794127.4024358 350 287 1
1574794127.5121918 324 248 1
1574794127.6219478 340 274 1
1574794127.7317038 351 248 1
1574794127.8414598 351 255 1
1574794127.9512157 344 220 1
1574794128.0609717 363 242 1
1574794128.1707277 346 246 1
1574794128.2804837 331 200 0
1574794128.3902397 346 247 1
1574794128.6097517 353 235 1
1574794128.7195077 346 242 1
1574794128.9390197 358 243 1
1574794129.0487757 341 261 0
1574794129.2682877 346 264 1
1574794129.3780437 354 202 0
1574794129.4877996 367 239 0
1574794129.5975556 355 217 1
1574794129.7073116 344 293 1
1574794129.8170676 349 248 1
1574794129.9268236 339 225 1
1574794130.0365796 360 301 0
1574794130.1463356 330 262 0
1574794130.2560916 357 245 1
1574794130.4756036 365 242 1
1574794130.5853596 335 277 0
1574794130.8048716 321 208 0
1574794130.9146276 358 244 1
1574794131.0243835 346 244 1
1574794131.1341395 343 246 1
1574794131.2438955 341 251 1
1574794131.3536515 362 218 0
1574794131.4634075 337 224 1
1574794131.5731635 318 225 1
1574794131.6829195 349 293 1
1574794131.9024315 350 242 1
1574794132.0121875 337 244 1
1574794132.1219435 340 266 1
1574794132.2316995 359 241 1
1574794132.3414555 369 239 0
1574794132.4512115 344 289 1
1574794132.5609674 363 233 1
1574794132.6707234 352 248 1
1574794132.7804794 365 238 0
1574794132.8902354 344 245 1
1574794134.0 330 259 0
1574794134.147541 344 279 0
1574794134.295082 348 258 1
1574794134.4426231 349 243 1
1574794134.5901642 346 213 1
1574794134.7377052 341 309 1
1574794135.0327873 337 287 0
1574794135.1803284 343 276 0
1574794135.3278694 356 241 1
1574794135.6229515 346 234 1
1574794135.7704926 347 264 1
1574794135.9180336 336 267 1
1574794136.0655746 345 272 1
1574794136.3606567 312 292 0
1574794136.5081978 350 253 1
1574794136.6557388 351 236 1
1574794136.8032799 361 238 0
1574794136.950821 338 264 1
1574794137.098362 330 189 0
1574794137.245903 319 247 1
1574794137.393444 319 315 1
1574794137.540985 367 241 1
1574794137.6885262 351 242 1
1574794137.8360672 345 296 0
1574794137.9836082 330 270 0
1574794138.1311493 366 238 0
1574794138.2786903 367 238 0
1574794138.4262314 336 310 1
1574794138.5737724 366 244 1
1574794138.7213135 350 252 1
1574794138.8688545 332 196 1
1574794139.0163956 330 271 0
1574794139.1639366 358 294 0
1574794139.3114777 364 242 1
1574794139.4590187 336 274 1
1574794139.6065598 341 244 1
1574794139.7541008 341 286 1
1574794139.9016418 342 209 1
1574794140.049183 326 241 1
1574794140.196724 344 282 0
1574794140.344265 319 243 1
1574794140.491806 340 254 0
1574794140.639347 334 232 1
1574794141.0819702 361 244 1
1574794141.2295113 326 242 1
1574794141.3770523 347 244 1
1574794141.5245934 318 224 1
1574794141.6721344 340 265 1
1574794141.8196754 339 275 1
1574794141.9672165 339 253 1
1574794142.2622986 341 252 0
1574794142.4098396 323 245 1
1574794142.5573807 345 260 1
1574794142.7049217 337 232 1
1574794142.8524628 355 215 1
1574794144.0 345 233 1
1574794144.1323528 357 212 1
1574794144.2647057 331 191 0
1574794144.3970585 346 260 1
1574794144.5294113 333 238 1
1574794144.6617641 340 268 1
1574794144.794117 337 308 0
1574794144.9264698 338 245 1
1574794145.0588226 333 183 1
1574794145.1911755 328 219 1
1574794145.455881 351 223 0
1574794145.588234 325 241 1
1574794145.7205868 345 280 0
1574794145.8529396 341 280 1
1574794145.9852924 337 300 1
1574794146.1176453 320 212 0
1574794146.249998 340 244 1
1574794146.382351 344 281 0
1574794146.5147038 332 308 0
1574794146.6470566 334 269 0
1574794146.7794094 347 248 1
1574794146.9117622 330 265 0
1574794147.044115 358 215 1
1574794147.176468 341 232 1
1574794147.3088207 343 245 1
1574794147.4411736 356 222 1
1574794147.5735264 338 227 1
1574794147.7058792 347 200 1
1574794147.838232 357 243 1
1574794147.9705849 346 250 1
1574794148.2352905 336 277 0
1574794148.3676434 367 239 0
1574794148.4999962 349 260 1
1574794148.632349 347 287 1
1574794148.7647018 350 269 1
1574794148.8970547 349 223 1
1574794149.1617603 327 242 1
1574794149.2941132 366 237 0
1574794149.426466 363 237 0
1574794149.5588188 343 279 0
1574794149.6911716 334 244 1
1574794149.8235245 327 228 1
1574794149.9558773 348 212 1
1574794150.0882301 339 183 1
1574794150.220583 337 239 1
1574794150.3529358 320 211 0
1574794150.4852886 348 206 1
1574794150.6176414 330 187 0
1574794150.7499943 342 266 0
1574794150.882347 329 261 0
1574794151.0147 349 270 1
1574794151.1470528 329 242 1
1574794151.2794056 333 216 1
1574794151.4117584 342 262 0
1574794151.5441113 342 263 0
1574794151.676464 341 260 0
1574794151.808817 348 290 0
1574794151.9411697 363 242 1
1574794152.0735226 333 310 1
1574794152.3382282 366 243 1
1574794152.470581 332 288 0
1574794152.602934 318 235 1
1574794152.7352867 331 216 1
1574794152.8676395 341 186 0
1574794154.0 326 235 1
1574794154.1111112 320 245 0
1574794154.2222223 318 241 1
1574794154.3333335 333 207 1
1574794154.4444447 334 302 1
1574794154.666667 332 310 1
1574794154.7777781 330 264 0
1574794154.8888893 365 237 0
1574794155.0000005 325 207 1
1574794155.1111116 328 236 1
1574794155.2222228 335 300 1
1574794155.333334 361 222 1
1574794155.4444451 338 235 1
1574794155.5555563 351 244 1
1574794155.6666675 326 218 1
1574794155.7777786 352 269 0
1574794155.8888898 343 268 0
1574794156.000001 320 209 0
1574794156.111112 352 234 1
1574794156.2222233 352 242 1
1574794156.3333344 315 316 1
1574794156.4444456 348 268 1
1574794156.666668 364 227 0
1574794156.777779 351 218 0
1574794156.8888903 340 245 1
1574794157.2222238 340 269 1
1574794157.333335 359 242 1
1574794157.444446 320 213 0
1574794157.5555573 318 229 1
1574794157.6666684 363 243 1
1574794157.7777796 345 298 0
1574794157.8888907 362 239 0
1574794158.000002 323 252 0
1574794158.111113 343 269 0
1574794158.2222242 355 224 0
1574794158.3333354 336 278 0
1574794158.4444466 360 245 1
1574794158.5555577 347 294 0
1574794158.666669 364 237 0
1574794158.77778 338 307 0
1574794158.8888912 339 310 1
1574794159.0000024 322 299 0
1574794159.2222247 346 298 0
1574794159.3333359 322 244 0
1574794159.444447 345 282 0
1574794159.5555582 341 251 0
1574794159.6666694 337 305 0
1574794159.7777805 345 219 1
1574794159.8888917 342 267 0
1574794160.0000029 340 201 1
1574794160.111114 330 266 0
1574794160.2222252 323 243 1
1574794160.3333364 345 256 1
1574794160.6666698 344 289 1
1574794160.777781 328 258 0
1574794160.8888922 343 275 0
1574794161.0000033 364 236 0
1574794161.1111145 362 238 1
1574794161.2222257 359 244 1
1574794161.3333368 360 246 0
1574794161.444448 329 243 1
1574794161.5555592 352 230 1
1574794161.8888927 363 235 0
1574794162.0000038 327 220 1
1574794162.111115 367 240 0
1574794162.2222261 352 208 1
1574794162.4444485 345 251 1
1574794162.5555596 343 192 0
1574794162.777782 348 270 1
1574794162.8888931 344 258 1
1574794164.0 350 201 1
1574794164.1304348 366 239 0
1574794164.2608695 323 228 0
1574794164.3913043 346 297 0
1574794164.521739 348 261 1
1574794164.6521738 357 242 1
1574794164.7826085 349 282 0
1574794164.9130433 339 305 0
1574794165.043478 350 289 1
1574794165.1739128 358 245 1
1574794165.4347823 336 279 0
1574794165.565217 332 289 0
1574794165.6956518 336 235 1
1574794165.9565213 342 264 0
1574794166.3478255 340 263 1
1574794166.608695 328 256 0
1574794166.7391298 331 184 0
1574794166.8695645 331 275 0
1574794166.9999993 339 292 1
1574794167.130434 326 217 1
1574794167.2608688 366 238 0
1574794167.3913035 323 254 0
1574794167.5217383 342 230 1
1574794167.652173 349 258 1
1574794167.7826078 328 255 0
1574794167.9130425 345 239 1
1574794168.0434773 340 250 1
1574794168.173912 343 207 1
1574794168.3043468 364 223 0
1574794168.4347816 334 308 0
1574794168.5652163 327 241 1
1574794168.695651 349 244 1
1574794168.9565206 335 244 1
1574794169.0869553 348 284 1
1574794169.21739 346 286 0
1574794169.3478248 341 211 1
1574794169.4782596 345 294 0
1574794169.6086943 338 296 0
1574794169.739129 333 304 1
1574794169.8695638 346 293 0
1574794169.9999986 343 274 0
1574794170.1304333 353 249 1
1574794170.260868 345 246 1
1574794170.3913028 336 310 1
1574794170.5217376 364 243 1
1574794170.6521723 360 237 0
1574794170.782607 318 242 1
1574794170.9130418 328 257 0
1574794171.0434766 351 274 0
1574794171.1739113 339 283 0
1574794171.304346 368 237 0
1574794171.4347808 349 284 0
1574794171.5652156 346 294 0
1574794171.6956503 342 268 0
1574794171.9565198 332 243 1
1574794172.0869546 350 261 1
1574794172.347824 349 238 1
1574794172.4782588 361 244 1
1574794172.6086936 348 254 1
1574794172.7391284 366 242 1
1574794172.869563 341 261 0
