3536137849.978489 315 334 1
3536137850.0967684 351 286 0
3536137850.7204237 315 341 1
3536137850.7526817 331 341 1
3536137850.838703 344 309 1
3536137850.9247246 331 357 1
3536137850.9569826 316 347 1
3536137851.10752 348 279 0
3536137851.440853 325 335 0
3536137851.774186 339 253 0
3536137852.3010674 327 350 0
3536137852.5913897 332 358 1
3536137852.75268 343 335 0
3536137852.7634325 330 377 1
3536137854.1184235 318 356 1
3536137854.937519 352 295 0
3536137855.332264 315 323 1
3536137855.5789795 323 258 1
3536137855.638191 324 391 1
3536137856.2105713 297 293 1
3536137856.555973 346 319 0
3536137856.7237396 326 384 1
3536137857.2763824 352 306 0
3536137857.542835 344 337 0
3536137857.680996 328 343 0
3536137857.7204704 311 297 0
3536137857.8684998 315 335 1
3536137857.888237 343 316 0
3536137858.046135 321 305 1
3536137858.2435074 342 353 0
3536137858.4507484 324 356 0
3536137858.519829 332 412 0
3536137858.9244423 341 269 0
3536137858.954048 345 325 0
3536137859.220501 336 326 1
3536137859.8126183 329 335 0
3536137860.0198593 306 299 1
3536137860.108677 319 374 0
3536137860.2172318 345 312 0
3536137860.256706 294 287 0
3536137860.493553 305 293 0
3536137860.5626335 312 301 0
3536137860.789612 337 283 0
3536137860.809349 315 336 1
3536137861.1942253 334 337 1
3536137862.1514816 312 288 1
3536137862.3587227 339 324 0
3536137862.5264893 340 331 0
3536137862.536358 338 382 0
3536137862.743599 332 286 0
3536137862.7534676 318 254 1
3536137862.842285 348 285 0
3536137862.871891 327 348 0
3536137862.9311028 315 338 1
3536137864.2774906 332 344 1
3536137864.675227 325 335 1
3536137864.8139725 323 378 1
3536137865.331955 350 308 0
3536137865.738941 331 363 1
3536137865.7851896 337 393 1
3536137865.951684 345 304 1
3536137866.312422 342 349 0
3536137866.7101583 322 270 1
3536137866.8489037 308 309 1
3536137867.4501333 315 283 0
3536137867.8016214 332 367 1
3536137867.9218674 328 346 0
3536137868.051363 327 346 0
3536137868.106861 318 372 0
3536137868.1901083 328 340 0
3536137868.227107 351 290 0
3536137868.5323467 326 350 0
3536137868.73584 316 334 1
3536137868.874585 318 376 1
3536137868.8930845 309 297 0
3536137869.2445726 317 347 1
3536137869.62381 352 305 0
3536137869.91055 328 347 0
3536137869.9198 341 327 1
3536137870.0122967 297 235 0
3536137870.1602917 344 328 0
3536137870.354535 336 350 1
3536137870.4285326 350 309 0
3536137870.4932804 314 327 1
3536137870.5765276 344 283 0
3536137870.5857773 331 340 1
3536137870.6320257 345 296 1
3536137870.678274 316 333 1
3536137870.743022 336 290 0
3536137871.1777573 363 386 1
3536137871.298003 324 366 1
3536137872.2414713 328 336 0
3536137872.370967 342 359 0
3536137872.509712 305 306 0
3536137872.666957 346 273 0
3536137872.6762066 313 270 0
3536137872.694706 346 285 0
3536137872.7317047 317 291 0
3536137872.9721966 352 296 0
3536137872.9814463 317 364 1
3536137874.028008 344 327 0
3536137874.09336 341 359 0
3536137874.18672 340 332 1
3536137874.37344 295 238 1
3536137874.410784 342 377 1
3536137874.42012 331 347 1
3536137874.8495755 342 321 0
3536137875.661807 315 340 1
3536137875.979231 337 250 0
3536137876.5020466 329 333 0
3536137876.6420865 337 251 0
3536137876.9128304 327 349 0
3536137877.47299 317 350 1
3536137877.762406 332 345 1
3536137877.89311 324 391 0
3536137877.902446 314 321 1
3536137878.3785815 332 346 1
3536137878.4812775 332 357 1
3536137878.5839734 309 265 1
3536137878.7333493 345 335 0
3536137878.966749 351 302 0
3536137879.106789 308 294 1
3536137879.134797 301 261 1
3536137879.433549 347 289 0
3536137879.638941 331 292 0
3536137880.1897645 326 259 1
3536137880.3764844 328 342 0
3536137880.5725403 328 348 0
3536137880.5818763 328 341 0
3536137880.6378922 345 314 1
3536137880.703244 313 318 1
3536137880.721916 324 259 1
3536137880.936644 322 257 1
3536137880.955316 345 297 1
3536137880.964652 336 315 0
3536137881.030004 329 310 0
3536137881.310084 312 317 1
3536137881.9262595 344 307 1
3536137882.3370433 315 323 0
3536137882.4117312 317 356 1
3536137882.486419 330 377 0
3536137882.934547 321 257 1
3536137884.1898346 342 330 0
3536137884.3106384 350 298 0
3536137884.3192673 337 293 0
3536137884.388298 343 326 1
3536137884.664421 329 320 1
3536137884.6903076 317 369 0
3536137884.776596 331 346 1
3536137884.9664307 324 354 0
3536137886.0364075 330 346 1
3536137886.1572113 338 348 0
3536137886.4160767 305 293 1
3536137886.6576843 315 327 1
3536137886.7180862 328 241 0
3536137887.0373535 345 298 1
3536137887.0977554 337 341 1
3536137887.115013 328 344 0
3536137887.468796 333 248 0
3536137887.848465 344 293 1
3536137887.9347534 313 320 1
3536137888.003784 320 290 1
3536137888.2626495 326 355 0
3536137888.3661957 342 327 0
3536137888.4438553 325 360 0
3536137888.5560303 318 373 0
3536137888.581917 326 330 1
3536137888.6682053 335 344 0
3536137888.728607 341 356 0
3536137888.7803802 332 412 1
3536137888.9443283 319 288 1
3536137889.2808533 350 311 0
3536137891.084282 299 235 0
3536137891.5588684 342 293 0
3536137891.576126 322 374 0
3536137891.584755 344 321 0
3536137891.6192703 337 256 1
3536137891.6796722 338 316 0
3536137891.757332 351 307 0
3536137891.869507 345 332 0
3536137892.1715164 331 358 1
3536137892.706505 328 326 1
3536137892.982628 317 349 1
3536137894.0558414 347 273 0
3536137894.2326727 332 350 1
3536137894.307128 314 325 1
3536137894.3536625 309 312 1
3536137894.418811 351 289 0
3536137894.90277 341 270 0
3536137895.824154 338 382 1
3536137896.112668 326 314 1
3536137896.224351 347 274 0
3536137896.2429647 339 393 0
3536137896.2615786 315 325 1
3536137896.31742 323 355 0
3536137896.326727 337 266 0
3536137896.3732615 303 297 1
3536137896.43841 344 322 0
3536137897.2946453 315 337 1
3536137897.741377 332 368 0
3536137897.7692976 333 310 0
3536137897.8809805 333 328 1
3536137898.1788015 334 343 0
3536137898.225336 340 282 0
3536137898.644147 336 250 0
3536137898.6906815 339 350 0
3536137898.7092953 336 249 0
3536137898.941968 331 343 1
3536137898.9885025 315 330 1
3536137899.0071163 314 328 1
3536137899.1094923 330 332 0
3536137899.1653337 318 353 1
3536137899.3700857 332 258 1
3536137899.546917 337 283 1
3536137899.5748377 315 333 1
3536137900.9150324 316 343 1
3536137901.0825567 328 339 0
3536137901.166319 332 371 0
3536137901.175626 346 285 1
3536137901.7898817 313 317 1
3536137902.4041376 320 312 1
3536137902.9439383 325 396 0
3536137904.027636 343 303 0
3536137904.064484 338 346 0
3536137904.09212 300 235 0
3536137904.1473923 324 260 1
3536137904.1658163 331 339 1
3536137904.3408446 346 300 1
3536137904.506661 321 288 1
3536137904.525085 349 279 0
3536137904.571145 342 342 0
3536137904.9119897 307 265 1
3536137904.9396257 314 341 1
3536137905.8424034 349 305 0
3536137905.9345236 350 312 0
3536137906.220096 318 357 1
3536137906.5240927 345 303 1
3536137906.5609407 350 285 0
3536137906.643849 345 326 0
3536137906.818877 336 291 0
3536137906.9386334 329 331 0
3536137907.0123296 330 365 1
3536137907.15051 313 321 1
3536137907.316326 328 349 0
3536137907.740079 332 286 1
3536137908.320436 312 270 0
3536137908.5046763 340 337 0
3536137908.7165527 329 334 0
3536137908.753401 316 299 1
3536137908.845521 341 278 0
3536137908.863945 350 405 0
3536137908.937641 318 318 0
3536137908.956065 331 338 1
3536137909.0113373 331 336 1
3536137909.0297613 335 249 0
3536137909.0481853 294 287 1
3536137909.2600617 338 277 0
3536137909.5732703 364 386 1
3536137909.821995 345 319 0
3536137910.052295 348 314 0
3536137910.512896 352 303 0
3536137911.7380943 326 377 1
3536137911.7565184 301 308 1
3536137911.8025784 314 333 1
3536137912.4013596 327 350 0
3536137912.9264445 317 372 0
3536137914.043144 316 270 0
3536137914.069031 314 270 0
3536137914.4314423 320 375 0
3536137914.500473 325 297 1
3536137914.681679 352 293 0
3536137914.880142 333 310 1
3536137914.9232864 328 339 1
3536137914.9319153 315 283 1
3536137915.052719 344 295 1
3536137915.604965 308 265 1
3536137915.71714 315 332 1
3536137916.3729324 318 369 0
3536137916.7698593 324 261 1
3536137916.8647766 324 277 1
3536137916.8734055 346 308 1
3536137916.907921 310 315 1
3536137916.9942093 344 271 0
3536137917.123642 325 346 0
3536137917.900238 349 286 0
3536137917.9778976 350 280 0
3536137917.9865265 321 374 0
3536137918.003784 336 315 1
3536137918.115959 332 353 1
3536137918.133217 331 335 1
3536137918.1418457 335 376 1
3536137918.193619 305 299 0
3536137918.3316803 315 270 0
3536137918.63369 338 325 1
3536137918.6595764 339 247 0
3536137918.849411 302 271 0
3536137918.8839264 323 282 0
3536137919.013359 339 348 0
3536137919.237709 342 318 0
3536137919.4879456 345 295 1
3536137919.513832 320 374 0
3536137919.574234 343 329 0
3536137919.7036667 307 271 0
3536137919.8848724 337 297 1
3536137919.910759 307 282 1
3536137919.919388 343 325 0
3536137919.9280167 348 313 0
3536137919.9366455 318 354 1
3536137920.066078 317 378 1
3536137920.2645416 344 296 1
3536137920.463005 320 290 0
3536137920.626953 352 299 0
3536137921.532982 293 284 0
3536137921.5588684 314 320 1
3536137921.627899 349 293 0
3536137921.757332 350 295 0
3536137921.8867645 346 301 1
3536137921.904022 332 336 0
3536137921.92128 304 289 0
3536137922.085228 345 328 0
3536137922.3958664 338 247 0
3536137922.913597 332 371 1
3536137924.05899 348 280 0
3536137924.0926986 332 348 1
3536137924.11798 302 238 1
3536137924.227533 314 332 1
3536137924.7247343 317 270 0
3536137924.8005786 346 298 1
3536137924.8427143 316 342 1
3536137924.8595686 325 317 0
3536137924.9185586 333 269 1
3536137924.994403 315 331 1
3536137925.0365386 336 327 0
3536137925.0786743 326 314 0
3536137925.129237 343 271 0
3536137925.424187 335 322 0
3536137925.896107 342 355 0
3536137926.047796 332 368 1
3536137926.073077 318 269 1
3536137926.309037 316 344 1
3536137926.662977 327 343 0
3536137926.898937 314 326 1
3536137926.9663544 329 337 0
3536137927.06748 324 365 1
3536137927.109616 317 328 1
3536137927.193887 304 405 1
3536137927.2781587 315 339 1
3536137927.83435 310 270 0
3536137928.1377273 326 346 0
3536137928.3231244 321 366 1
3536137928.36526 354 405 0
3536137928.651783 330 325 0
3536137928.7950444 332 261 0
3536137928.997296 339 393 1
3536137929.005723 345 273 0
3536137929.233256 305 307 0
3536137929.4607887 323 258 1
3536137929.54506 296 235 0
3536137929.5787687 340 282 1
3536137929.60405 338 328 1
3536137929.6293316 329 336 0
3536137930.185523 323 348 0
3536137930.716433 344 380 1
3536137931.78668 306 288 0
3536137931.8035345 352 292 0
3536137931.84567 331 342 1
3536137932.250173 345 323 0
3536137932.587259 311 279 0
3536137932.713666 348 309 0
3536137932.899063 300 238 1
3536137934.786651 327 340 0
3536137935.048868 349 313 0
3536137935.2180405 319 318 1
3536137935.336461 338 252 0
3536137935.3872128 326 260 1
3536137935.421047 344 292 1
3536137935.7255573 322 358 0
3536137936.1400294 316 336 1
3536137936.1654053 298 271 0
3536137936.1992397 349 297 0
3536137936.3768706 318 318 1
3536137936.4868326 335 352 0
3536137936.588336 332 351 1
3536137937.4595733 327 351 0
3536137937.5187836 344 315 0
3536137937.5441594 343 288 0
3536137937.645663 340 330 0
3536137937.66258 319 374 0
3536137937.899421 319 386 0
3536137938.2039313 318 374 0
3536137938.6860723 342 270 0
3536137939.193589 307 285 0
3536137939.244341 346 279 0
3536137939.3627615 315 329 1
3536137939.633437 349 303 0
3536137939.641896 341 327 0
3536137939.7095647 296 238 1
3536137939.9294887 343 321 0
3536137940.030992 317 253 1
3536137940.098661 313 293 0
3536137940.124037 308 283 1
3536137940.403171 338 305 1
3536137940.445464 325 361 0
3536137940.496216 335 248 0
3536137940.6823053 317 351 1
3536137940.826102 350 310 0
3536137940.995274 347 276 0
3536137941.3843703 342 315 0
3536137941.392829 314 329 1
3536137942.399404 300 383 0
3536137942.467073 315 334 1
3536137944.3731933 299 238 1
3536137944.381872 305 307 1
3536137944.520735 330 376 1
3536137944.9286437 321 378 1
3536137945.1542954 344 274 0
3536137945.1716533 300 393 0
3536137945.484094 323 259 1
3536137945.579562 317 342 1
3536137945.6229568 347 296 0
3536137945.6489935 325 368 1
3536137945.805214 308 312 1
3536137945.9267187 342 323 0
3536137946.013508 331 360 1
3536137946.117655 344 309 1
3536137946.195765 323 257 1
3536137946.2478385 325 366 1
3536137946.3259487 314 322 1
3536137946.690463 340 367 1
3536137947.289308 314 271 0
3536137947.584391 309 270 0
3536137947.8274007 305 297 0
3536137947.9923 300 261 1
3536137948.000979 343 319 0
3536137948.0443735 293 284 1
3536137948.287383 346 299 1
3536137948.3394566 316 345 1
3536137948.382851 325 365 1
3536137948.9643383 321 379 1
3536137949.18999 350 292 0
3536137949.3548894 341 367 1
3536137949.5284677 330 253 1
3536137949.797514 339 287 0
3536137950.109955 309 284 1
3536137950.3269277 349 276 0
3536137950.3356066 331 353 1
3536137950.396359 294 299 1
3536137950.674084 331 340 1
3536137950.7435155 328 318 1
3536137950.9604883 332 336 1
3536137951.975921 311 270 0
3536137952.670234 327 352 0
3536137952.8524914 336 344 1
3536137954.023768 340 292 0
3536137954.5308175 350 408 1
3536137954.7288837 350 405 1
3536137954.744729 317 371 0
3536137954.9190273 325 346 1
3536137955.0061765 326 351 0
3536137955.925204 345 321 0
3536137956.036121 349 315 0
3536137956.075734 316 271 0
3536137956.170806 330 288 1
3536137956.186651 329 335 0
3536137956.281723 349 277 0
3536137956.527325 334 249 0
3536137957.0343747 325 354 0
3536137957.097756 337 345 0
3536137958.4604516 348 294 0
3536137958.492142 339 392 1
3536137958.539678 323 358 0
3536137958.674363 348 275 0
3536137958.7060537 314 324 1
3536137958.7139764 330 333 0
3536137958.9358106 303 297 0
3536137959.331943 340 379 1
3536137959.4745507 306 281 0
3536137960.1400533 341 352 0
3536137960.393578 325 396 1
3536137960.512418 319 378 1
3536137960.5678763 319 265 1
3536137960.686716 334 400 0
3536137960.734252 317 368 0
3536137960.7897105 339 340 0
3536137960.797633 297 402 0
3536137960.9243956 325 317 1
3536137961.122462 339 343 0
3536137961.431445 349 298 0
3536137961.6770473 339 256 0
3536137961.68497 304 294 0
3536137961.8117323 317 348 1
3536137962.089025 317 370 0
3536137962.184097 301 271 0
3536137962.8416767 301 238 1
3536137962.857522 315 276 0
3536137962.944671 325 297 0
3536137964.012162 351 310 0
3536137964.048649 326 356 0
3536137964.243244 326 378 1
3536137964.419596 347 284 0
3536137964.462164 294 253 1
3536137965.0641932 329 338 0
3536137965.1371665 338 277 1
3536137965.398654 325 261 1
3536137965.690547 311 315 1
3536137965.8486557 323 362 0
3536137965.87298 344 315 1
3536137965.8851423 319 386 1
3536137965.976359 340 267 0
3536137966.049332 328 349 0
3536137966.104062 342 304 1
3536137966.1162243 317 367 0
3536137966.1283865 304 271 0
3536137966.2378464 340 270 0
3536137966.438523 347 275 0
3536137966.6513615 308 271 0
3536137966.6635237 341 314 0
3536137968.5121794 318 254 1
3536137968.5304227 344 291 1
3536137968.5912337 314 334 1
3536137968.7006936 328 346 0
3536137968.725018 346 278 0
3536137968.8588023 350 303 0
3536137968.889208 310 275 0
3536137969.06556 325 356 0
3536137969.302723 345 322 0
3536137969.831779 338 250 0
3536137970.05678 318 270 0
3536137970.877729 345 283 0
3536137970.88381 315 335 1
3536137970.926378 316 330 1
3536137971.048 341 329 0
3536137971.0905676 301 235 0
3536137971.114892 326 258 1
3536137971.412866 350 283 0
3536137971.455434 316 341 1
3536137971.5527315 335 352 1
3536137971.637867 351 295 0
3536137972.2398963 342 350 0
3536137972.872331 323 353 1
3536137972.92098 313 321 1
3536137974.0072 328 357 0
3536137974.035999 342 292 0
3536137974.0719976 344 335 0
3536137974.0791974 339 252 0
3536137974.122396 334 248 0
3536137974.1439953 340 337 1
3536137974.151195 318 268 1
3536137974.705577 318 394 0
3536137975.0871644 342 323 1
3536137975.339156 327 344 0
3536137975.591148 325 352 0
3536137975.82874 305 304 0
3536137976.167129 316 312 1
3536137976.1815286 344 308 1
3536137976.231927 330 334 0
3536137976.260726 349 278 0
3536137976.692712 332 318 0
3536137976.815108 344 304 0
3536137976.8583064 344 272 0
3536137976.9447036 332 341 1
3536137977.0958986 316 331 1
3536137977.1894956 326 359 0
3536137977.3406906 298 272 0
3536137977.628681 305 306 1
3536137977.729478 326 314 1
3536137978.096666 328 345 0
3536137980.198997 345 318 0
3536137980.2997937 340 355 0
3536137980.4005904 328 338 0
3536137980.5445857 331 293 1
3536137980.594984 340 285 0
3536137981.358159 326 360 0
3536137981.422957 317 406 0
3536137981.444556 345 285 0
3536137981.509354 345 333 0
3536137981.63175 323 362 1
3536137981.6533494 328 343 0
3536137981.660549 343 336 0
3536137981.811744 342 272 0
3536137981.8981414 295 235 0
3536137981.9557395 339 378 1
3536137981.9629393 342 293 1
3536137982.394925 346 317 0
3536137982.4093246 352 297 0
3536137982.8989086 346 318 0
3536137984.551648 343 272 0
3536137984.6383357 334 255 0
3536137984.788069 302 235 0
3536137984.8983984 328 258 1
3536137985.5997796 313 320 1
3536137986.2144732 335 256 0
3536137986.805525 338 316 1
3536137986.8606896 306 244 0
3536137986.9946613 328 347 0
3536137987.081349 315 328 1
3536137987.1443944 328 377 1
3536137987.2941275 318 302 1
3536137987.309889 328 337 0
3536137987.32565 305 300 0
3536137987.404457 346 297 1
3536137987.459622 330 377 1
3536137987.963986 319 375 0
3536137988.082196 350 279 0
3536137988.5550375 341 379 1
3536137988.9884753 330 306 0
3536137989.15397 324 260 1
3536137989.193373 316 340 1
3536137989.2091346 319 374 0
3536137989.2170153 337 296 0
3536137989.224896 307 270 0
3536137990.5488515 346 320 0
3536137990.7458687 345 317 0
3536137990.8483176 333 307 0
3536137991.0532155 306 281 1
3536137991.1556644 334 320 0
3536137991.7073126 324 361 0
3536137991.7151933 306 288 1
3536137991.801881 335 250 0
3536137991.872807 315 301 1
3536137991.90433 303 297 1
3536137991.920091 309 284 0
3536137992.077705 323 378 1
3536137992.1171083 331 261 0
3536137992.1643925 341 334 0
3536137992.3141255 295 381 0
3536137992.786967 346 274 0
3536137995.2769375 323 282 1
3536137995.618037 307 244 0
3536137995.714245 324 358 0
3536137995.722991 315 336 1
3536137995.9941216 320 378 1
3536137996.1078215 337 345 1
3536137996.2739983 320 375 0
3536137996.562621 359 406 0
3536137996.5713673 351 288 0
3536137996.676321 327 357 0
3536137996.7025595 344 331 0
3536137996.8162594 339 251 0
3536137997.6558895 319 356 1
3536137997.7608433 349 316 0
3536137997.9007816 344 293 1
3536137998.093197 313 270 0
3536137998.1281815 317 350 1
3536137998.2593737 304 289 1
3536137998.3205967 326 340 0
3536137998.4342966 335 382 0
3536137998.5392504 352 301 0
3536137999.3089113 349 281 0
3536138000.1397953 333 355 1
3536138000.192272 308 398 1
3536138000.2010183 343 288 1
3536138000.647072 314 323 1
3536138001.303033 302 299 0
3536138001.547925 346 279 1
3536138002.203886 330 241 0
3536138002.370063 345 338 0
3536138002.378809 334 400 1
3536138002.4750166 306 271 0
3536138002.510001 348 274 0
3536138002.842355 307 272 0
3536138002.9385624 345 305 1
3536138004.0976343 346 284 0
3536138004.221896 316 297 1
3536138004.3727856 316 368 0
3536138004.8343296 314 315 1
3536138005.1804876 334 259 1
3536138005.4822664 321 257 1
3536138005.51777 315 332 1
3536138005.5355215 338 331 1
3536138005.571025 337 333 0
3536138005.668659 340 268 0
3536138005.9970655 339 268 0
3536138006.139079 335 346 1
3536138006.4763613 308 310 1
3536138007.239684 344 333 0
3536138007.3905735 342 274 0
3536138007.532587 325 262 1
3536138007.5503387 351 308 0
3536138007.5769663 342 338 0
3536138007.8609934 346 287 0
3536138007.887621 318 373 0
3536138007.9053726 345 334 0
3536138008.3047857 318 267 1
3536138008.526682 317 406 1
3536138008.5444336 350 284 0
3536138009.804804 326 353 0
3536138009.849183 342 325 0
3536138009.973445 312 271 0
3536138010.3373547 339 290 0
3536138010.4083614 344 297 1
3536138010.8166504 337 298 1
3536138010.887657 310 271 0
3536138011.003043 351 293 0
3536138011.082926 328 350 0
3536138011.2249393 355 409 0
3536138011.819621 338 354 0
3536138012.2456617 339 404 0
3536138012.3077927 297 271 0
3536138012.396551 340 367 0
3536138012.458682 317 353 1
3536138012.5030613 340 249 0
3536138012.6006956 342 346 0
3536138012.7160816 340 357 0
3536138012.8847227 338 279 0
3536138012.929102 323 260 1
3536138014.026892 317 347 1
3536138014.170317 343 389 0
3536138014.439239 344 324 0
3536138015.586639 342 271 0
3536138015.730064 322 374 0
3536138015.76592 319 363 1
3536138016.474081 321 375 0
3536138017.3884153 316 335 1
3536138017.9710793 328 348 0
3536138018.051756 331 337 1
3536138018.069684 337 255 1
3536138018.177253 295 300 1
3536138018.2937856 316 332 1
3536138018.5447793 346 285 0
3536138018.5985637 318 374 0
3536138018.616492 341 329 1
3536138018.661312 332 343 1
3536138018.7150965 324 277 0
3536138019.055731 342 358 0
3536138019.1722636 332 350 1
3536138019.692179 311 308 1
3536138019.7101073 344 304 1
3536138019.808712 328 336 0
3536138019.8804245 325 353 0
3536138020.1403823 326 379 1
3536138020.5796213 315 323 1
3536138020.5885854 312 295 0
3536138020.794759 323 379 1
3536138021.404315 344 315 0
3536138021.718057 336 292 0
3536138021.7897696 316 343 1
3536138021.7987337 325 260 1
3536138022.0228353 337 334 0
3536138022.2110806 303 271 0
3536138022.6234274 349 314 0
3536138022.6772118 325 367 1
3536138022.69514 332 308 0
3536138022.7937446 349 282 0
3536138022.883385 316 345 1
3536138024.0366592 323 261 1
3536138024.045824 351 291 0
3536138024.1191425 344 276 0
3536138024.1649666 322 314 0
3536138024.201626 339 350 1
3536138024.375757 345 339 0
3536138024.4032516 345 403 0
3536138024.430746 327 358 0
3536138024.779009 349 312 0
3536138025.108942 305 296 0
3536138025.255579 341 368 0
3536138025.3380623 312 320 1
3536138025.7504787 351 311 0
3536138025.887951 325 276 1
3536138025.979599 334 284 0
3536138026.2545433 335 336 0
3536138026.7861023 341 275 0
3536138026.859421 305 271 0
3536138027.0702114 320 375 0
3536138027.079376 306 242 1
3536138028.005022 345 302 1
3536138028.0233517 335 270 0
3536138028.0325165 348 315 0
3536138028.060011 316 311 1
3536138028.1791534 343 340 0
3536138028.444933 317 337 1
3536138028.4540977 330 345 1
3536138028.692383 333 379 1
3536138028.7015476 346 272 0
3536138029.645523 318 367 0
3536138029.737171 334 341 0
3536138030.1129284 332 318 1
3536138030.131258 328 342 0
3536138030.470356 351 298 0
3536138030.5345097 334 320 1
3536138030.846113 345 296 1
3536138030.901102 350 282 0
3536138031.038574 332 347 1
3536138031.432661 327 347 0
3536138031.6526165 329 341 0
3536138031.817583 328 341 0
3536138031.863407 343 327 0
3536138032.4682846 342 297 0
3536138032.5232735 345 304 1
3536138034.21362 314 319 1
3536138034.789466 352 294 0
3536138035.058813 351 286 0
3536138035.5324926 343 302 0
3536138035.894718 344 280 0
3536138035.9318695 342 271 1
3536138035.9411573 329 258 1
3536138036.061899 307 306 1
3536138036.080475 350 288 0
3536138036.2197924 352 290 0
3536138036.3312464 342 294 0
3536138036.9442434 329 337 0
3536138037.5015135 316 371 0
3536138037.9008904 327 353 0
3536138037.9473295 351 284 0
3536138038.2816916 335 277 0
3536138038.58819 322 258 1
3536138038.6346292 333 261 0
3536138038.6717806 328 335 0
3536138038.987567 329 339 0
3536138039.3590803 335 276 0
3536138039.6841545 302 238 1
3536138040.1949854 316 337 1
3536138040.436469 317 352 1
3536138040.4736204 346 285 1
3536138040.5943623 340 286 0
3536138040.73368 332 242 0
3536138041.439555 342 361 0
3536138041.606736 345 324 0
3536138041.6438875 332 260 0
3536138041.71819 326 352 0
3536138042.1361427 302 299 1
3536138044.081655 325 360 0
3536138044.1451645 316 346 1
3536138044.16331 313 318 1
3536138044.208674 350 287 0
3536138044.2994018 351 301 0
3536138044.32662 326 354 0
3536138044.4445662 306 282 0
3536138044.5262213 332 412 0
3536138045.070588 333 307 1
3536138045.2157526 295 381 1
3536138045.233898 327 359 0
3536138045.397208 301 272 0
3536138045.814556 342 299 0
3536138045.8417745 345 330 0
3536138045.9234295 341 268 0
3536138046.113958 319 375 0
3536138046.18654 351 292 0
3536138046.5948153 326 361 0
3536138047.102891 323 374 0
3536138047.275274 339 332 0
3536138047.3206377 350 313 0
3536138047.7742767 302 309 1
3536138048.255134 332 335 0
3536138048.6089725 333 338 0
3536138048.790428 329 336 0
3536138048.8085737 334 284 1
3536138048.9083743 340 298 0
3536138048.9446654 348 316 0
3536138049.035393 330 313 0
3536138049.08983 316 325 1
3536138049.2259216 337 258 1
3536138049.298504 352 291 0
3536138049.7339973 349 283 0
3536138049.8882346 315 322 1
3536138050.3872375 328 340 0
3536138050.568693 343 315 0
3536138050.7229304 337 341 0
3536138050.813658 319 267 1
3536138050.9588227 306 303 0
3536138051.067696 318 356 1
3536138051.1312056 350 286 0
3536138051.7572274 344 273 0
3536138051.984047 316 339 1
3536138052.637287 327 342 0
3536138054.0888176 336 266 0
3536138054.108555 359 406 1
3536138054.177635 344 329 0
3536138054.2467155 317 337 0
3536138054.4342194 308 281 0
3536138054.5131683 317 349 1
3536138054.523037 342 382 1
3536138054.6414604 295 302 1
3536138054.651329 351 285 0
3536138054.7401466 298 235 0
3536138054.986862 335 336 1
3536138055.07568 345 331 0
3536138055.539505 331 341 1
3536138055.875038 344 338 0
3536138056.3388634 352 300 0
3536138056.634922 345 323 0
3536138056.684265 329 345 0
3536138057.049404 326 384 0
3536138057.177696 345 285 1
3536138057.4046745 340 357 1
3536138058.0263977 332 349 1
3536138058.15469 299 290 0
3536138058.4803543 350 293 0
3536138058.539566 315 330 1
3536138058.598778 316 369 0
3536138058.806019 317 373 0
3536138058.875099 333 339 0
3536138058.9935226 334 310 0
3536138059.240238 346 276 0
3536138059.250107 305 295 0
3536138059.4080048 347 351 0
3536138059.556034 332 346 1
3536138059.921173 350 278 0
3536138060.059334 352 302 0
3536138060.6711884 317 371 0
3536138061.0856705 347 277 0
3536138061.7369995 312 288 0
3536138062.9409714 314 321 1
3536138064.2365837 340 286 1
3536138064.394306 331 385 0
3536138064.8181853 345 288 0
3536138065.1829185 345 294 1
3536138065.340641 339 325 0
3536138065.941958 340 364 0
3536138066.2179723 344 336 0
3536138066.336264 341 350 0
3536138066.3756948 345 337 0
3536138066.5235596 325 319 1
3536138066.56299 335 345 0
3536138066.6911397 332 335 1
3536138067.5191827 340 299 0
3536138067.972635 346 283 0
3536138068.4950905 329 340 0
3536138068.741532 352 308 0
3536138068.938685 315 283 0
3536138069.027404 344 323 0
3536138069.224557 318 375 0
3536138069.332991 345 325 0
3536138069.4611406 325 362 0
3536138069.5498595 298 279 0
3536138070.2103224 336 362 0
3536138070.4567637 315 326 1
3536138070.821497 343 332 0
3536138070.939789 308 280 0
3536138070.989077 315 349 1
3536138071.077796 315 310 0
3536138071.0975113 315 334 1
3536138071.304522 318 357 1
3536138071.393241 330 306 1
3536138072.61559 341 343 0
3536138072.645163 331 339 1
3536138072.8916044 349 288 0
3536138074.948448 348 317 0
3536138075.029167 327 352 0
3536138075.0796165 339 291 0
3536138075.119976 316 342 1
3536138075.937256 315 297 0
3536138076.724266 336 312 0
3536138076.8453445 317 314 1
3536138076.9361534 351 283 0
3536138077.0067825 316 347 1
3536138077.0168724 336 289 0
3536138077.299389 319 375 0
3536138077.3094788 313 317 1
3536138077.3397484 351 309 0
3536138077.440647 360 409 0
3536138077.7937927 325 364 0
3536138077.844242 345 272 0
3536138077.864422 331 343 1
3536138078.5202637 327 410 0
3536138078.83305 327 350 0
3536138079.367813 308 308 1
3536138079.4989815 320 376 0
3536138079.539341 323 359 0
3536138079.5897903 328 351 0
3536138079.6503296 336 288 0
3536138079.6705093 335 310 0
3536138079.7310486 338 354 1
3536138079.7512283 338 306 1
3536138079.791588 318 352 1
3536138079.852127 352 304 0
3536138079.9631157 350 285 0
3536138080.003475 327 360 0
3536138080.0438347 316 341 1
3536138080.507969 332 360 1
3536138080.578598 315 333 1
3536138080.8409348 318 360 1
3536138081.718754 326 360 0
3536138081.799473 352 307 0
3536138082.0517197 350 291 0
3536138082.435135 327 337 0
3536138082.576393 328 323 0
3536138082.8790894 333 258 1
3536138084.0 335 270 1
3536138084.134756 316 334 1
3536138084.4042683 310 314 1
3536138084.4716463 350 312 0
3536138084.866289 318 374 0
3536138084.88554 327 275 0
3536138085.1358013 320 375 0
3536138085.260932 316 286 1
3536138085.3186846 331 334 1
3536138085.443815 309 297 1
3536138085.482317 332 266 0
3536138085.77108 347 314 0
3536138085.8288326 344 275 0
3536138085.857709 342 320 0
3536138085.9635887 312 295 1
3536138085.973214 344 341 0
3536138086.127221 330 313 1
3536138086.165723 347 282 0
3536138086.194599 329 343 0
3536138087.359277 329 342 0
3536138087.3785276 343 312 0
3536138087.5999126 349 280 0
3536138087.609538 321 305 1
3536138087.7731705 293 272 0
3536138087.802047 296 271 0
3536138087.9079266 352 289 0
3536138088.0138063 324 372 0
3536138088.4565763 347 293 0
3536138088.6202087 350 311 0
3536138088.9859753 323 290 0
3536138089.5249996 318 268 1
3536138089.534625 346 317 0
3536138089.553876 317 372 0
3536138089.6790066 320 266 1
3536138089.75601 308 243 0
3536138089.8522644 320 307 0
3536138089.910017 345 306 1
3536138089.9677696 309 314 1
3536138090.064024 334 306 0
3536138090.083275 329 344 0
3536138090.131402 337 294 0
3536138090.1699038 317 369 0
3536138090.5837975 330 334 0
3536138090.6704264 317 351 1
3536138090.776306 326 362 0
3536138091.3634577 341 314 1
3536138091.815853 306 304 0
3536138091.9121075 342 301 0
3536138091.9313583 333 298 0
3536138091.9987364 338 272 0
3536138092.2393723 328 372 0
3536138092.2874994 331 340 1
3536138092.605139 340 403 0
3536138092.614764 341 326 0
3536138092.634015 331 344 1
3536138092.653266 316 344 1
3536138092.739895 318 376 0
3536138094.130909 316 281 0
3536138094.414545 329 346 0
3536138094.4690905 343 330 0
3536138094.654545 346 315 0
3536138094.807272 328 344 0
3536138095.079999 348 277 0
3536138095.330908 308 311 1
3536138095.4509077 316 310 1
3536138095.5272713 345 295 1
3536138096.007271 327 320 1
3536138096.029089 318 363 1
3536138096.039998 346 303 1
3536138096.050907 327 379 1
3536138096.1272707 342 337 0
3536138096.149089 312 288 1
3536138096.170907 340 364 1
3536138096.738179 313 323 1
3536138097.0436335 350 307 0
3536138097.414542 331 338 1
3536138097.665451 346 288 0
3536138098.1018143 360 409 1
3536138098.2654505 325 287 0
3536138098.352723 344 340 0
3536138099.0836315 351 294 0
3536138099.4654493 330 333 0
3536138100.098176 342 365 0
3536138100.109085 344 318 0
3536138100.119994 329 335 0
3536138100.229085 344 326 0
3536138100.261812 325 313 0
3536138100.3054485 326 361 0
3536138100.479994 299 290 1
3536138100.5672665 344 310 1
3536138100.621812 338 294 0
3536138100.6872663 333 339 1
3536138100.76363 319 357 1
3536138101.178175 345 327 0
3536138101.189084 345 336 0
3536138101.3745384 324 359 0
3536138101.4945383 313 319 1
3536138101.887265 332 345 1
3536138102.519992 342 315 1
3536138102.563628 344 276 1
3536138102.5854464 337 295 0
3536138102.694537 318 348 1
3536138102.7163553 320 379 1
3536138102.8472643 347 317 0
3536138102.9781733 318 269 1
3536138104.1347947 343 328 0
3536138104.2592206 316 348 1
3536138104.3214335 339 267 0
3536138105.7938066 340 346 0
3536138105.835282 347 351 1
3536138105.876757 316 286 0
3536138105.949339 330 254 1
3536138106.11524 315 329 1
3536138106.187822 324 364 0
3536138106.2189283 331 385 1
3536138106.2707725 343 349 0
3536138106.301879 322 375 0
3536138106.3848295 336 268 0
3536138106.6129436 333 298 1
3536138106.64405 317 348 1
3536138106.7270007 341 321 0
3536138106.8099513 335 292 0
3536138106.9862213 345 322 0
3536138107.473556 342 357 0
3536138108.240849 344 322 0
3536138108.2719555 317 368 0
3536138108.5104384 315 283 1
3536138108.8007655 345 320 0
3536138108.9251914 314 305 0
3536138109.8065414 337 249 0
3536138109.951705 346 319 0
3536138110.0242867 332 348 1
3536138110.480515 339 349 0
3536138110.490884 337 326 0
3536138110.5842032 333 306 0
3536138110.7604733 334 328 0
3536138110.833055 343 270 0
3536138110.8745303 329 341 0
3536138110.9885874 316 340 1
3536138111.0508003 319 266 1
3536138111.310021 316 338 1
3536138111.361865 347 314 1
3536138111.548504 328 349 0
3536138111.589979 335 389 0
3536138111.6936674 328 350 0
3536138112.0358386 319 355 1
3536138112.3883786 340 403 1
3536138112.90682 339 332 1
3536138112.948295 346 302 1
3536138112.969033 343 347 0
3536138114.197687 297 402 1
3536138114.6138706 349 299 0
3536138114.8739853 321 375 0
3536138114.905199 329 338 0
3536138114.957222 316 370 0
3536138115.1653137 347 351 0
3536138115.508665 319 376 0
3536138115.737566 328 372 1
3536138115.7687798 316 345 1
3536138115.862421 345 299 1
3536138116.2265816 338 347 0
3536138116.2473907 338 306 0
3536138116.3514366 335 322 1
3536138116.4034595 344 305 0
3536138116.4762917 351 299 0
3536138116.538719 328 339 0
3536138116.549124 330 335 0
3536138117.9121246 345 303 1
3536138117.9641476 316 372 0
3536138118.2450714 342 340 0
3536138118.328308 324 363 0
3536138118.380331 326 384 1
3536138118.890156 327 337 1
3536138119.2022934 314 322 1
3536138119.2439117 350 296 0
3536138119.8265686 311 271 0
3536138120.190729 303 238 1
3536138120.273966 341 300 0
3536138120.3363934 338 351 0
3536138120.6589355 346 322 0
3536138120.825409 349 288 1
3536138120.9814777 325 355 0
3536138121.05431 324 360 0
3536138121.0647144 346 288 1
3536138121.127142 324 359 1
3536138121.231188 347 316 0
3536138121.3144245 335 316 1
3536138121.324829 321 376 0
3536138121.3456383 342 337 1
3536138121.356043 320 406 0
3536138121.3872566 316 281 1
3536138121.449684 332 344 1
3536138122.8959217 331 348 1
3536138122.989563 313 327 1
3536138124.043583 317 374 0
3536138124.3377676 332 242 1
3536138124.490308 331 337 1
3536138124.9915113 342 344 0
3536138125.0677814 330 306 0
3536138126.2772074 317 350 1
3536138126.3861647 350 281 0
3536138126.3970604 320 376 0
3536138126.527809 319 358 1
3536138126.614975 338 324 0
3536138126.7457237 343 326 0
3536138126.8655767 298 279 1
3536138126.8764725 331 333 1
3536138126.974534 313 320 1
3536138127.050804 324 358 1
3536138127.1161785 345 321 0
3536138127.301406 328 343 0
3536138128.227543 327 349 0
3536138128.913974 347 289 1
3536138128.9684525 342 353 0
3536138129.1209927 347 313 0
3536138129.1318884 322 380 1
3536138129.197263 330 342 1
3536138130.1669827 332 342 1
3536138130.602812 314 318 1
3536138130.918788 342 343 0
3536138131.234764 314 327 1
3536138131.278347 332 362 1
3536138131.311034 324 277 1
3536138131.5071573 345 326 0
3536138132.6294174 320 265 1
3536138134.1992645 320 307 1
3536138134.5424423 327 351 0
3536138134.708496 317 330 1
3536138135.7490997 343 313 0
3536138136.103348 328 352 0
3536138136.2251205 308 398 0
3536138136.3136826 326 336 1
3536138136.501877 326 261 1
3536138136.690071 343 350 0
3536138136.7122116 315 301 1
3536138136.822914 325 361 0
3536138137.1993027 320 380 1
3536138137.398567 301 272 1
3536138137.830307 317 338 1
3536138137.95208 318 341 1
3536138138.5055923 318 375 0
3536138138.9151917 346 285 0
3536138139.0923157 341 297 0
3536138139.103386 350 304 0
3536138139.413353 325 353 1
3536138139.557266 322 266 1
3536138139.8672333 342 347 0
3536138139.900444 324 379 1
3536138139.933655 319 332 1
3536138139.944725 319 268 1
3536138140.0000763 345 329 0
3536138140.1329193 328 359 0
3536138140.4982376 335 277 1
3536138140.5757294 330 288 0
3536138140.7971344 328 346 0
3536138141.1956635 343 301 0
3536138141.2067337 346 321 0
3536138141.405998 345 328 0
3536138141.439209 339 333 0
3536138141.450279 350 302 0
3536138141.660614 317 346 1
3536138141.7270355 341 345 0
3536138141.7602463 349 313 0
3536138141.91523 318 364 1
3536138141.9927216 341 362 0
3536138142.092354 326 353 0
3536138142.103424 332 263 0
3536138142.1698456 323 359 1
3536138142.2473373 339 349 1
3536138142.4244614 334 341 1
3536138142.590515 329 339 0
3536138142.756569 341 367 0
3536138142.900482 343 291 0
3536138144.0 338 347 1
3536138144.281248 335 286 0
3536138144.70312 331 331 0
3536138144.7432985 320 267 1
3536138144.8437443 316 343 1
3536138145.064725 338 301 0
3536138145.0948586 343 309 0
3536138145.7075777 316 341 1
3536138145.7778897 337 326 1
3536138146.0691824 327 348 0
3536138146.430787 329 337 0
3536138147.18413 340 346 1
3536138147.5055566 329 347 0
3536138147.585913 343 346 0
3536138147.6260915 319 363 1
3536138147.706448 341 357 0
3536138147.7667155 350 300 0
3536138147.9274287 350 304 1
3536138147.9575624 324 365 0
3536138148.138365 345 324 0
3536138148.580326 317 349 1
3536138148.9720645 316 349 1
3536138149.5646944 349 296 0
3536138149.594828 339 340 1
3536138149.6149173 351 287 0
3536138149.815809 315 327 1
3536138149.886121 351 281 0
3536138149.9865665 317 339 1
3536138150.217592 325 287 1
3536138150.398394 351 282 0
3536138150.8604445 333 308 0
3536138150.9508457 319 376 0
3536138151.222049 315 341 1
3536138151.7845454 341 344 0
3536138151.79459 344 319 0
3536138151.8046346 349 275 0
3536138151.8749466 348 288 0
3536138151.955303 306 282 1
3536138151.9753923 351 306 0
3536138152.2265067 316 339 1
3536138152.316908 306 404 1
3536138152.336997 348 311 0
3536138152.4876657 351 295 0
3536138152.5680223 336 289 1
3536138152.6082006 314 325 1
3536138152.7086463 342 300 0
3536138152.859315 339 270 0
3536138152.9698052 341 367 1
3536138154.2265196 314 305 1
3536138154.41819 312 274 1
3536138155.14131 344 307 0
3536138155.646623 327 275 1
3536138156.5875506 339 345 0
3536138156.683386 352 305 0
3536138156.7879333 344 311 1
3536138156.962179 352 306 0
3536138157.4849167 351 297 0
3536138157.5110536 340 249 1
3536138157.5371904 310 302 1
3536138157.6940117 347 304 0
3536138157.885682 303 300 0
3536138158.1906123 345 319 0
3536138158.277735 328 358 0
3536138158.5303917 329 289 0
3536138158.7046375 334 310 1
3536138158.8178973 333 288 0
3536138158.8875957 346 301 1
3536138159.880797 321 376 0
3536138160.037618 319 269 1
3536138160.124741 350 277 0
3536138161.466434 331 336 1
3536138161.6232553 316 300 1
3536138162.389937 335 340 0
3536138162.4683475 326 358 0
3536138162.5816073 344 325 0
3536138162.816839 333 338 1
3536138162.8604007 351 289 0
3536138162.9388113 318 367 1
3536138164.0835905 337 340 0
3536138164.120742 343 343 0
3536138164.167181 325 363 0
3536138164.2414837 345 296 1
3536138164.678012 339 297 0
3536138165.523205 350 299 0
3536138165.746113 337 360 0
3536138165.792552 350 314 0
3536138165.8668547 328 348 0
3536138166.22908 346 298 1
3536138167.027834 351 300 0
3536138167.5108013 319 357 1
3536138167.650119 352 296 0
3536138167.752285 338 361 0
3536138167.8265877 342 382 0
3536138167.984481 328 338 0
3536138168.0030565 349 310 0
3536138168.0123444 314 292 0
3536138168.040208 346 276 1
3536138168.1145105 332 362 0
3536138168.1237984 324 359 0
3536138168.1795254 319 267 1
3536138168.207389 337 301 0
3536138168.2166767 316 333 1
3536138168.2724037 324 373 0
3536138168.2909794 313 314 1
3536138168.3838577 349 308 0
3536138168.421009 354 304 0
3536138168.4488726 342 335 0
3536138168.58819 327 356 0
3536138168.6810684 329 342 0
3536138168.9689913 319 387 0
3536138169.0061426 343 314 0
3536138169.1918993 337 261 1
3536138169.2383385 328 347 0
3536138169.4519587 321 270 1
3536138170.3993177 345 332 0
3536138170.445757 303 271 1
3536138170.5107718 331 332 0
3536138170.5386353 320 376 0
3536138171.4302673 320 372 0
3536138171.662463 334 328 1
3536138171.6996145 334 344 0
3536138172.4705048 317 375 0
3536138172.5355196 331 295 0
3536138172.6098223 318 409 0
3536138172.739852 343 348 0
3536138172.8884573 301 271 1
3536138172.953472 342 354 0
3536138174.0092306 327 361 0
3536138174.138459 321 380 1
3536138174.1846123 303 238 0
3536138174.193843 329 340 0
3536138174.258457 304 290 0
3536138174.4615307 318 376 0
3536138174.784602 351 305 0
3536138174.8215246 344 280 1
3536138175.144596 346 318 0
3536138175.65228 326 362 0
3536138175.6615105 349 284 0
3536138175.716894 323 374 0
3536138175.9015064 306 291 0
3536138175.984582 351 303 0
3536138176.030735 336 380 0
3536138176.3076534 353 302 0
3536138176.70457 326 363 0
3536138176.723031 325 261 1
3536138176.824568 327 360 0
3536138176.9537964 344 294 1
3536138177.083025 349 291 0
3536138177.203023 324 260 1
3536138177.6737843 333 352 1
3536138177.7107067 348 276 0
3536138177.895319 312 318 1
3536138178.0245476 329 346 0
3536138178.0799313 327 353 0
3536138178.1168537 339 273 0
3536138178.153776 324 288 0
3536138178.20916 351 296 0
3536138178.2922354 319 318 0
3536138178.3106966 342 364 0
3536138178.375311 333 271 0
3536138178.4122334 346 309 0
3536138179.132221 309 297 0
3536138179.1968355 320 377 0
3536138179.353756 347 318 0
3536138179.5291376 343 334 0
3536138179.639905 352 303 0
3536138180.0829744 323 373 0
3536138180.1568193 325 379 1
3536138180.2029724 348 312 0
3536138180.239895 339 348 0
3536138180.2491255 336 258 0
3536138180.304509 343 351 0
3536138180.47066 294 253 0
3536138180.61835 337 267 0
3536138180.76604 329 348 0
3536138181.190648 306 289 0
3536138181.1998787 315 292 1
3536138181.5137196 333 288 1
3536138181.689101 318 269 1
3536138181.7075624 317 345 1
3536138181.8737135 345 305 1
3536138182.7136993 342 351 0
