1805211415.126969 347 174 0
1805211415.128091 304 142 0
1805211415.128652 320 92 1
1805211415.9493935 339 143 1
1805211415.9505155 355 145 0
1805211415.9510765 339 144 1
1805211415.9516375 317 152 1
1805211415.9527595 342 191 0
1805211415.9533205 337 189 1
1805211415.9538815 326 223 1
1805211415.9544425 346 223 0
1805211415.9550035 339 207 1
1805211415.9555645 317 86 1
1805211417.1426382 339 208 1
1805211417.1431992 339 204 1
1805211417.1437602 305 134 0
1805211417.1443212 343 191 0
1805211417.1448822 336 191 1
1805211417.1454432 337 190 1
1805211417.1471262 347 167 0
1805211418.0660424 332 94 0
1805211418.0666034 321 94 0
1805211418.0671644 304 140 0
1805211418.0677254 340 204 1
1805211420.0313442 341 199 1
1805211420.0319839 339 205 1
1805211420.0332632 353 130 1
1805211420.033903 339 141 1
1805211420.0351822 344 144 0
1805211420.035822 364 144 0
1805211420.0364616 349 147 0
1805211420.0371013 355 153 1
1805211420.037741 336 183 1
1805211421.3081396 334 199 1
1805211421.3087792 342 193 0
1805211421.309419 335 193 1
1805211421.311338 335 153 1
1805211421.3126173 335 190 1
1805211421.313257 335 191 1
1805211421.3138967 344 191 0
1805211422.5190482 341 198 1
1805211422.519688 339 201 1
1805211422.5222466 348 174 0
1805211422.523526 316 133 0
1805211422.5241656 346 135 0
1805211422.5248053 304 135 0
1805211422.525445 348 156 0
1805211422.5267243 311 146 1
1805211422.527364 320 97 1
1805211422.5280037 330 97 0
1805211422.5286434 328 85 0
1805211422.529283 331 85 0
1805211422.5299227 327 85 0
1805211423.612896 328 82 0
1805211423.6135356 327 82 0
1805211423.6141753 354 147 1
1805211423.614815 355 146 1
1805211423.6154547 303 150 0
1805211423.616734 355 137 1
1805211423.6173737 340 195 0
1805211425.0105903 348 155 0
1805211425.01123 342 145 1
1805211425.0118697 336 187 1
1805211425.0125093 337 208 1
1805211425.013149 339 206 1
1805211425.0137887 333 101 0
1805211425.0144284 332 101 0
1805211425.015068 348 108 1
1805211425.0157077 340 121 1
1805211425.0163474 327 83 0
1805211425.9246888 310 152 1
1805211425.9253285 328 158 1
1805211426.4357908 325 152 1
1805211426.4364305 347 185 0
1805211426.4370701 329 87 0
1805211426.9033947 351 119 1
1805211426.9040344 307 155 1
1805211427.1835732 348 168 0
1805211427.184213 345 168 0
1805211427.1854923 344 149 1
1805211427.186132 341 197 1
1805211427.1867716 330 94 0
1805211427.4452012 347 141 0
1805211427.4458408 342 141 1
1805211427.5993633 340 208 1
1805211427.600003 336 209 1
1805211427.6006427 337 187 1
1805211427.6012824 337 191 1
1805211427.6703675 337 188 1
1805211427.6710072 329 86 0
1805211427.6716468 325 86 0
1805211427.7093878 342 217 0
1805211427.7292178 345 127 0
1805211427.7311368 347 222 0
1805211427.7567239 336 192 1
1805211427.7637603 331 93 0
1805211427.7778332 316 89 1
1805211427.7816713 353 129 1
1805211427.7855093 326 83 0
1805211427.8424406 311 161 1
1805211427.9678173 343 132 1
1805211428.0708053 306 164 1
1805211428.2959716 297 227 1
1805211428.2966113 345 189 0
1805211428.297251 346 189 0
1805211428.748863 345 149 1
1805211428.7501423 349 112 1
1805211430.1518118 336 194 1
1805211430.1526868 348 173 0
1805211430.1531243 337 173 0
1805211430.1535618 336 189 1
1805211430.1539993 344 189 0
1805211430.586685 336 193 1
1805211430.5871224 333 195 1
1805211430.58756 338 209 1
1805211430.5888724 341 153 0
1805211431.0648704 337 210 1
1805211431.5006185 329 90 0
1805211431.501056 330 89 0
1805211431.5014935 330 87 0
1805211431.501931 331 87 0
1805211431.9805539 343 149 1
1805211431.9809914 347 144 0
1805211431.9814289 345 143 1
1805211431.9823039 314 139 0
1805211431.9827414 338 207 1
1805211431.9836164 343 192 0
1805211431.9840539 345 217 0
1805211432.4845517 340 201 1
1805211432.9334247 340 207 1
1805211432.9338622 334 193 1
1805211432.9342997 335 192 1
1805211432.9347372 338 208 1
1805211432.9351747 311 168 1
1805211432.9356122 328 155 1
1805211433.4321725 347 156 0
1805211433.4330475 323 152 1
1805211433.433485 347 145 0
1805211433.43436 342 128 0
1805211433.4347975 306 128 0
1805211433.435235 336 182 1
1805211433.4356725 338 188 1
1805211433.43611 335 188 0
1805211433.4365475 346 188 0
1805211433.436985 334 188 0
1805211433.4374225 349 219 0
1805211433.43786 339 196 0
1805211433.4382975 340 196 0
1805211433.438735 331 88 0
1805211433.4391725 317 84 1
1805211433.43961 321 84 0
1805211433.4400475 327 86 0
1805211433.440485 351 120 1
1805211433.9134204 337 200 1
1805211433.913858 359 200 0
1805211434.332981 342 103 1
1805211434.3334186 340 139 1
1805211434.333856 344 153 1
1805211434.3342936 332 151 1
1805211434.334731 352 160 1
1805211434.3351686 337 194 1
1805211434.721042 341 202 1
1805211434.7214794 355 148 1
1805211434.721917 349 148 0
1805211435.1021028 343 135 1
1805211435.4682887 333 198 1
1805211435.7579124 348 181 0
1805211435.75835 335 181 1
1805211435.7587874 348 144 0
1805211435.759225 312 159 1
1805211435.953474 347 158 0
1805211435.9539115 294 230 1
1805211436.194973 304 148 0
1805211436.1954105 304 137 0
1805211436.1962855 338 161 1
1805211436.4574718 312 164 1
1805211436.4583468 347 171 0
1805211436.7120957 309 142 1
1805211436.7125332 340 137 1
1805211436.7129707 336 186 1
1805211436.7134082 338 191 1
1805211437.0008445 345 147 1
1805211437.001282 349 145 0
1805211437.0017195 344 129 0
1805211437.002157 338 182 1
1805211437.0025945 342 212 0
1805211437.003032 318 90 1
1805211437.0034695 332 90 0
1805211437.3285306 339 208 1
1805211437.328968 331 101 0
1805211437.5975919 339 209 1
1805211437.5980294 345 129 0
1805211437.5984669 352 124 1
1805211437.8692782 367 236 0
1805211437.8697157 347 172 0
1805211437.8701532 329 94 1
1805211438.0679023 337 209 1
1805211438.6593997 344 122 0
1805211438.6598372 343 122 0
1805211438.6602747 335 158 1
1805211438.8532114 311 151 1
1805211438.966961 311 162 1
1805211438.9673984 338 210 1
1805211440.0309992 330 98 0
1805211440.0315158 340 206 1
1805211440.0800812 344 188 0
1805211440.113147 336 199 1
1805211440.1648123 317 88 1
1805211440.2578099 353 125 1
1805211440.3001754 337 186 1
1805211440.4520714 335 129 1
1805211440.452588 353 128 1
1805211440.8421445 336 190 1
1805211440.8426611 348 183 0
1805211440.8431778 347 183 0
1805211440.8436944 338 201 1
1805211440.8788269 345 146 1
1805211440.8793435 336 191 1
1805211441.176419 346 186 0
1805211441.1769357 340 203 1
1805211441.3531144 317 94 1
1805211441.7282045 337 190 1
1805211441.7297544 324 168 0
1805211441.7788365 348 185 0
1805211441.7793531 346 185 0
1805211441.7798698 345 182 1
1805211441.7803864 327 93 1
1805211441.8263686 340 205 1
1805211441.8930168 347 176 0
1805211441.8935335 348 176 0
1805211441.8940501 337 185 1
1805211441.8945668 356 138 1
1805211441.8950834 314 138 0
1805211441.9684482 343 129 1
1805211441.9689648 309 168 1
1805211441.9694815 337 182 1
1805211441.9699981 341 195 0
1805211441.9710314 342 194 0
1805211442.15031 356 154 1
1805211442.1508267 347 154 0
1805211442.1513433 348 154 0
1805211442.15186 304 154 0
1805211442.1528933 348 142 0
1805211442.1544433 349 179 0
1805211442.1554766 334 163 1
1805211442.1559932 298 229 1
1805211442.1565099 338 192 1
1805211442.1570265 336 195 1
1805211442.749111 324 224 1
1805211442.7496276 338 209 1
1805211442.750661 347 169 0
1805211442.7511775 340 140 1
1805211442.7516942 346 140 0
1805211442.7527275 353 126 1
1805211443.5674894 318 85 1
1805211443.568006 317 90 1
1805211443.5685227 336 203 1
1805211443.5690393 341 201 1
1805211443.569556 337 195 1
1805211443.5700727 365 141 0
1805211443.5705893 314 141 0
1805211444.567213 331 153 0
1805211444.5677297 335 152 1
1805211444.5682464 355 158 1
1805211444.5697963 300 228 1
1805211444.570313 340 198 1
1805211445.5214713 343 153 1
1805211445.5225046 312 147 1
1805211445.5230212 305 147 0
1805211445.5235379 348 147 0
1805211445.5240545 348 143 0
1805211445.5250878 341 206 1
1805211445.5256045 330 88 0
1805211446.518095 341 155 1
1805211446.5191283 346 137 0
1805211446.519645 347 137 0
1805211446.5206783 338 189 1
1805211446.521195 336 192 1
1805211446.5217116 340 194 0
1805211446.5222282 341 204 1
1805211446.522745 339 207 1
1805211446.5232615 328 84 0
1805211446.5237782 330 84 0
1805211446.5242949 330 86 0
1805211446.5248115 344 125 0
1805211447.4336042 354 156 1
1805211448.2788486 329 95 1
1805211448.2793653 330 91 0
1805211448.279882 331 91 0
1805211448.2803986 321 82 0
1805211448.281432 337 189 1
1805211448.2819486 337 184 1
1805211450.2660065 289 228 1
1805211450.266646 339 228 0
1805211450.2672853 343 228 0
1805211450.2679248 335 191 1
1805211450.2685642 338 190 1
1805211450.269843 312 161 1
1805211450.2704825 351 122 1
1805211451.510354 338 175 1
1805211451.5109935 348 175 0
1805211451.5122724 352 159 1
1805211451.5129118 354 148 1
1805211451.5135512 316 148 0
1805211452.50596 336 202 1
1805211452.5065994 336 189 1
1805211452.5072389 334 189 0
1805211452.5078783 347 163 0
1805211452.5085177 340 144 1
1805211452.5091572 327 84 0
1805211452.8972964 321 93 0
1805211452.8979359 328 93 1
1805211452.8985753 346 187 0
1805211453.230444 306 130 0
1805211453.4350643 289 231 1
1805211453.4357038 336 184 1
1805211453.4363432 330 92 0
1805211453.6236987 348 140 0
1805211453.6243382 321 151 1
1805211453.6249776 353 160 1
1805211453.756702 348 141 0
1805211453.7573414 315 134 0
1805211453.7586203 341 198 1
1805211453.7592597 341 205 1
1805211453.8641276 336 208 1
1805211453.864767 341 203 1
1805211453.8654065 342 201 1
1805211453.866046 343 193 0
1805211453.8666854 345 227 0
1805211453.8673248 317 91 1
1805211453.8679643 323 91 0
1805211453.8686037 329 91 0
1805211453.9510913 345 188 0
1805211454.0335789 345 225 0
1805211454.0342183 346 226 0
1805211454.0348577 336 198 1
1805211454.0885706 339 210 1
1805211454.1429229 337 191 1
1805211454.1442018 311 167 1
1805211454.1979146 319 222 1
1805211454.2420359 336 204 1
1805211454.2426753 354 133 1
1805211454.2848783 339 198 1
1805211454.2855177 342 147 1
1805211454.2861571 342 118 1
1805211454.2867966 350 114 1
1805211454.3552165 348 170 0
1805211454.4236364 348 182 0
1805211454.5144367 347 223 0
1805211454.5150762 320 223 1
1805211454.7081866 340 207 1
1805211454.708826 343 142 1
1805211454.7094655 339 182 1
1805211455.1206245 331 90 0
1805211455.121264 330 90 0
1805211455.1219034 328 92 1
1805211455.1225429 317 85 1
1805211455.1231823 329 85 0
1805211455.1238217 302 228 1
1805211455.1244612 341 200 1
1805211455.1251006 339 209 1
1805211455.8246465 347 157 0
1805211455.8259254 347 138 0
1805211455.8265648 309 167 1
1805211455.8272042 341 101 1
1805211455.8278437 353 124 1
1805211456.5299473 344 103 1
1805211456.5305867 328 83 0
1805211456.5312262 347 139 0
1805211457.2122283 301 229 1
1805211457.2128677 316 87 1
1805211457.8945093 344 104 1
1805211458.5211592 339 208 1
1805211460.141743 350 113 1
1805211460.14223 340 208 1
1805211460.1427171 292 231 1
1805211460.5996068 337 193 1
1805211460.6000938 304 146 0
1805211460.978562 349 146 0
1805211460.9790492 348 146 0
1805211460.9795363 347 153 0
1805211460.9800234 343 190 0
1805211460.9805105 344 190 0
1805211460.9809976 337 199 1
1805211460.9814847 297 229 1
1805211461.5908332 338 199 1
1805211461.5913203 337 198 1
1805211461.5922945 346 173 0
1805211461.5927815 311 163 1
1805211461.5932686 349 150 0
1805211461.5937557 355 134 1
1805211461.5942428 342 138 1
1805211462.20213 348 148 0
1805211462.2026172 348 145 0
1805211462.2031043 341 145 1
1805211462.2040784 338 208 1
1805211462.2045655 341 204 1
1805211462.2050526 319 89 1
1805211462.64392 339 178 1
1805211463.184589 336 182 1
1805211463.185076 307 166 1
1805211463.185563 288 232 1
1805211463.1860502 341 199 1
1805211463.7252579 338 184 1
1805211463.725745 344 187 0
1805211463.726232 355 138 1
1805211463.7267191 346 143 1
1805211463.7276933 311 147 1
1805211463.7296417 310 154 0
1805211463.7301288 343 225 0
1805211463.7306159 341 201 1
1805211464.2410853 311 153 1
1805211464.577664 327 97 1
1805211464.578151 318 97 0
1805211464.578638 356 153 1
1805211464.5791252 354 143 1
1805211464.8046474 337 190 1
1805211465.0199409 322 86 0
1805211465.020428 317 86 1
1805211465.0214021 337 203 1
1805211465.1120007 343 192 0
1805211465.1261263 342 200 1
1805211465.200651 346 107 1
1805211465.5537906 317 87 1
1805211465.5542777 330 87 0
1805211465.5547647 338 209 1
1805211465.5552518 314 140 0
1805211465.555739 347 140 0
1805211465.556226 354 151 1
1805211465.556713 333 152 1
1805211466.0798469 324 85 0
1805211466.3146238 318 90 1
1805211466.315111 327 91 1
1805211466.315598 336 191 1
1805211466.6419477 342 198 1
1805211466.6424348 341 207 1
1805211466.642922 338 210 1
1805211466.643409 348 172 0
1805211466.8358092 347 109 1
1805211466.8362963 348 110 1
1805211467.2459383 311 149 1
1805211467.2464254 327 151 1
1805211467.2469125 344 128 0
1805211467.2473996 342 102 1
1805211467.52845 336 183 1
1805211467.528937 347 166 0
1805211467.5294242 341 197 1
1805211467.7398467 327 81 0
1805211467.7403338 326 81 0
1805211467.740821 316 93 1
1805211467.741308 322 93 0
1805211467.741795 340 206 1
1805211467.7422822 337 207 1
1805211467.7427692 346 131 0
1805211467.7432563 355 141 1
1805211467.9751108 338 186 1
1805211467.9755979 336 190 1
1805211468.206478 318 89 1
1805211468.2069652 317 92 1
1805211468.2074523 345 216 0
1805211468.2079394 342 203 1
1805211468.418362 336 193 1
1805211468.419336 313 130 1
1805211468.637552 337 192 1
1805211468.9790015 347 220 0
1805211470.0167394 341 194 0
1805211470.0492334 335 188 0
1805211470.050218 351 123 1
1805211470.0935435 305 138 0
1805211470.145731 341 202 1
1805211470.1462233 352 119 1
1805211470.2185965 348 180 0
1805211470.2190888 293 230 1
1805211470.2195811 342 202 1
1805211470.3899288 336 185 1
1805211470.3904212 347 185 0
1805211470.3909135 343 103 1
1805211470.8615851 340 141 1
1805211470.8620775 344 151 1
1805211470.8630621 342 196 1
1805211470.8645391 352 121 1
1805211470.8650315 344 121 0
1805211471.5026045 308 167 1
1805211471.5030968 341 166 0
1805211471.5035892 315 150 0
1805211471.5040815 344 150 1
1805211471.5045738 356 137 1
1805211471.5050662 305 137 0
1805211471.5055585 339 209 1
1805211471.5065432 316 94 1
1805211472.4139154 324 82 0
1805211472.4144077 341 171 1
1805211472.4149 337 191 1
1805211472.4153924 335 189 0
1805211472.4158847 334 189 0
1805211472.416377 343 189 0
1805211472.4168694 345 189 0
1805211472.4173617 343 150 1
1805211472.4188387 347 225 0
1805211472.419331 337 194 1
1805211473.284855 351 116 1
1805211473.2853472 352 125 1
1805211473.2858396 330 89 0
1805211473.286332 317 89 1
1805211473.2868242 331 89 0
1805211473.287809 348 153 0
1805211473.2883012 308 157 1
1805211473.2887936 340 163 0
1805211473.289286 309 163 1
1805211473.2897782 333 190 0
1805211473.2902706 337 202 1
1805211473.290763 337 201 1
1805211474.2665696 347 136 0
1805211474.267062 354 134 1
1805211474.2675543 316 132 0
1805211474.2680466 353 132 1
1805211474.268539 317 132 0
1805211474.2690313 289 232 1
1805211474.2695236 347 221 0
1805211474.270016 341 102 1
1805211475.1926506 310 225 1
1805211475.193143 290 230 1
1805211475.1936352 335 193 1
1805211475.1941276 336 194 1
1805211475.19462 341 203 1
1805211475.1951122 340 207 1
1805211475.1956046 340 205 1
1805211475.1965892 338 187 0
1805211475.1970816 334 187 0
1805211475.1980662 347 164 0
1805211475.1985586 340 164 0
1805211475.2000356 305 155 0
1805211475.200528 350 116 1
1805211475.2010202 327 92 1
1805211476.1172545 309 160 1
1805211476.1177468 355 136 1
1805211476.1182392 323 98 1
1805211476.1187315 324 94 1
1805211476.1192238 322 94 0
1805211476.8153846 335 203 1
1805211476.815877 337 210 1
1805211476.8163693 340 209 1
1805211476.8178463 355 147 1
1805211476.8183386 327 153 1
1805211476.818831 307 165 1
1805211476.8198156 352 120 1
1805211476.820308 328 85 0
1805211476.8208003 327 85 0
1805211476.8212926 325 85 0
1805211476.821785 330 85 0
1805211477.7557433 314 142 0
1805211477.7562356 345 145 1
1805211477.756728 341 208 1
1805211477.7572203 316 83 1
1805211477.7577126 329 83 0
1805211478.5538173 314 126 1
1805211478.5543096 345 126 0
1805211478.554802 345 105 1
1805211478.5552943 346 106 1
1805211478.5557866 326 91 1
1805211478.556279 324 91 0
1805211478.5567713 339 207 1
1805211478.5572636 336 192 1
1805211478.5582483 313 136 0
1805211478.5587406 311 152 1
1805211480.0316072 342 197 1
1805211480.0321925 341 206 1
1805211480.0327778 340 208 1
1805211480.0339484 338 181 1
1805211480.0345337 337 185 1
1805211480.035119 352 126 1
1805211480.3734326 343 194 0
1805211480.374018 342 194 0
1805211480.3746033 322 225 1
1805211480.3751886 347 186 0
1805211480.375774 328 98 1
1805211480.578879 354 157 1
1805211480.5794644 354 132 1
1805211480.5800498 343 172 1
1805211480.580635 339 200 1
1805211480.7386708 294 229 1
1805211480.7392561 340 200 1
1805211480.7398415 342 193 0
1805211480.7404268 342 199 1
1805211480.741012 355 133 1
1805211480.7415974 334 190 0
1805211480.742768 310 168 0
1805211480.8674407 318 93 1
1805211480.868026 330 93 0
1805211480.8686113 338 185 1
1805211480.8691967 310 155 1
1805211480.869782 337 209 1
1805211480.9493852 344 127 0
1805211481.004405 312 160 1
1805211481.0049903 304 160 0
1805211481.0055757 304 151 0
1805211481.006161 349 151 0
1805211481.0067463 347 151 0
1805211481.0073316 337 193 1
1805211481.0471332 339 206 1
1805211481.0477185 348 109 1
1805211481.0483038 312 123 1
1805211481.1659527 337 208 1
1805211481.280675 337 187 1
1805211481.3965678 355 146 1
1805211481.3971531 351 121 1
1805211481.4422226 336 200 1
1805211481.7834628 314 144 0
1805211481.784048 349 144 0
1805211481.7846334 338 209 1
1805211482.00881 338 210 1
1805211482.2563994 337 183 1
1805211482.495209 355 145 1
1805211482.4957943 314 145 0
1805211482.4963796 341 140 1
1805211482.8873718 348 138 0
1805211483.328116 347 177 0
1805211483.3287013 343 151 1
1805211483.3292866 305 135 0
1805211483.329872 344 135 1
1805211483.8543165 342 117 1
1805211484.5063603 350 149 0
1805211484.5069456 337 186 1
1805211484.507531 334 188 0
1805211484.5081162 337 192 1
1805211484.5087016 344 192 0
1805211484.5092869 344 217 0
1805211485.1882553 337 152 1
1805211485.9386325 339 208 1
1805211485.9403884 344 179 1
1805211485.941559 337 190 1
1805211485.9421444 312 139 1
1805211485.9427297 305 139 0
1805211485.943315 312 146 1
1805211485.9439003 351 120 1
1805211486.6907656 330 88 0
1805211486.691351 329 88 0
1805211487.281351 338 211 1
1805211487.2819364 341 204 1
1805211487.2825217 341 199 1
1805211487.283107 353 128 1
1805211487.2836924 305 129 0
1805211487.2842777 314 129 1
1805211487.2854483 347 170 0
1805211487.894764 336 191 1
1805211487.8959346 350 117 1
1805211487.89652 317 93 1
1805211487.8971052 325 82 0
1805211488.2629287 330 96 0
1805211488.263514 352 123 1
1805211488.2640994 297 228 1
1805211488.5754883 352 124 1
1805211488.5760736 348 111 1
1805211488.576659 342 205 1
1805211488.5772443 308 158 1
1805211488.5778296 312 149 1
1805211490.0078168 341 195 0
1805211490.008418 329 84 0
1805211490.0090194 331 87 0
1805211490.0096207 350 121 1
1805211490.7961102 316 130 0
1805211490.7967114 345 130 0
1805211490.7973127 340 199 1
1805211490.7991166 351 119 1
1805211491.2663202 310 227 1
1805211491.2669215 319 225 1
1805211491.2675228 341 196 0
1805211491.268124 328 152 1
1805211491.8008685 318 84 1
1805211492.2169623 341 205 1
1805211492.2175636 341 157 1
1805211492.218165 328 97 1
1805211492.2187662 316 92 1
1805211492.7022047 336 193 1
1805211492.702806 342 204 1
1805211492.7034073 356 146 1
1805211492.7046099 345 142 1
1805211492.7052112 305 142 0
1805211493.1231089 312 166 1
1805211493.1237102 337 131 1
1805211493.1243114 339 209 1
1805211493.1249127 340 206 1
1805211493.125514 337 204 1
1805211493.5139484 340 165 0
1805211493.5145497 341 201 1
1805211493.515151 341 200 1
1805211493.5157523 342 192 0
1805211493.5163536 330 91 0
1805211493.9613094 345 220 0
1805211493.9619107 338 208 1
1805211493.962512 339 210 1
1805211493.9631133 336 195 1
1805211493.9637146 338 206 1
1805211493.9649172 335 189 0
1805211493.9655185 333 189 0
1805211493.9661198 347 141 0
1805211493.966721 322 95 0
1805211494.353953 340 208 1
1805211494.3545542 319 99 0
1805211494.7435899 337 189 1
1805211494.7441912 334 189 0
1805211494.7447925 347 184 0
1805211494.7453938 310 167 1
1805211494.745995 338 198 1
1805211495.141645 323 224 1
1805211495.1422462 341 198 1
1805211495.1428475 327 190 0
1805211495.1434488 336 190 1
1805211495.1440501 331 94 0
1805211495.1446514 326 90 1
1805211495.1452527 349 113 1
1805211495.4885902 322 151 1
1805211495.4891915 346 151 0
1805211495.8229084 318 91 1
1805211495.8235097 331 91 0
1805211495.824111 310 163 1
1805211496.0501966 340 209 1
1805211496.050798 356 147 1
1805211496.2299829 338 203 1
1805211496.2305841 350 115 1
1805211496.4127755 338 204 1
1805211496.4133768 308 156 1
1805211496.5967708 337 185 1
1805211496.597372 344 112 1
1805211496.8216538 354 131 1
1805211496.8811817 340 196 0
1805211496.8889985 346 133 0
1805211496.9924207 317 84 1
1805211497.0820131 336 181 1
1805211497.1842327 332 103 0
1805211497.1866379 337 191 1
1805211497.1902456 345 190 0
1805211497.199265 311 150 1
1805211497.2227154 348 142 0
1805211497.2317348 326 92 1
1805211497.2840471 305 144 0
1805211497.4085145 355 148 1
1805211497.8558755 331 88 0
1805211497.8564768 342 101 1
1805211498.743382 326 157 1
1805211498.7445846 338 189 1
1805211500.7079153 355 139 1
1805211500.7084508 356 145 1
1805211500.7089863 308 154 1
1805211500.7095218 347 159 0
1805211500.7116637 291 231 1
1805211500.7121992 342 206 1
1805211500.7127347 330 89 0
1805211500.7132702 332 89 0
1805211500.7138057 321 94 0
1805211500.7143412 324 81 0
1805211501.5727286 330 86 0
1805211501.5732641 329 86 0
1805211501.5737996 328 86 0
1805211501.574335 347 160 0
1805211501.5748706 345 187 0
1805211501.575406 354 138 1
1805211501.5759416 336 194 1
1805211501.576477 335 204 1
1805211501.577548 348 223 0
1805211502.4295096 337 196 1
1805211502.4305806 343 216 0
1805211502.4316516 348 152 0
1805211502.4327226 325 153 0
1805211502.433258 305 153 0
1805211502.434329 355 144 1
1805211502.4348645 335 188 0
1805211502.4354 330 87 0
1805211502.4359355 325 93 1
1805211502.436471 332 93 0
1805211502.4370065 331 93 0
1805211502.437542 330 97 0
1805211503.3596525 317 83 1
1805211503.360188 327 83 0
1805211503.3607235 330 90 0
1805211503.361259 346 218 0
1805211503.3617945 336 192 1
1805211503.36233 341 207 1
1805211503.3628654 346 134 0
1805211504.2474918 349 111 1
1805211504.2480273 315 140 0
1805211504.2485628 305 140 0
1805211504.2490983 309 149 1
1805211504.2496338 316 149 0
1805211505.0432272 348 175 0
1805211505.0442982 343 191 0
1805211505.0448337 346 187 0
1805211505.0459046 347 224 0
1805211505.0464401 341 206 1
1805211505.0469756 327 90 1
1805211506.1822104 347 179 0
1805211506.182746 338 179 1
1805211507.2285542 337 184 1
1805211507.2296252 337 151 1
1805211507.2306962 351 117 1
1805211508.070877 338 210 1
1805211508.071948 341 229 0
1805211508.0724835 340 229 0
1805211508.0735545 353 148 1
1805211508.07409 331 92 0
1805211508.0746255 330 92 0
1805211508.075161 330 91 0
1805211508.0756965 327 91 1
1805211508.076232 331 86 0
1805211508.3777118 318 92 1
1805211508.3782473 332 92 0
1805211508.3787827 345 143 1
1805211508.3793182 293 231 1
1805211508.5592422 317 92 1
1805211508.5597777 344 124 0
1805211508.5603132 346 162 0
1805211508.5608487 311 167 1
1805211508.5613842 355 135 1
1805211508.5619197 346 135 0
1805211508.5624552 298 231 1
1805211508.5629907 342 195 0
1805211508.6990047 319 92 1
1805211508.6995401 347 181 0
1805211508.801283 339 152 1
1805211508.8018184 347 152 0
1805211508.8023539 347 134 0
1805211508.8028893 336 205 1
1805211508.9239097 339 199 1
1805211508.9244452 328 84 0
1805211508.9474711 340 101 1
1805211508.975852 345 180 1
1805211508.9913812 337 194 1
1805211508.996736 344 190 0
1805211508.998878 310 151 1
1805211508.999949 319 223 1
1805211510.0481553 330 95 0
1805211510.1017158 338 183 1
1805211510.1773884 343 214 0
1805211510.1798453 340 207 1
1805211510.203923 310 169 1
1805211510.304656 348 178 0
1805211510.345932 339 210 1
1805211510.3469148 304 156 0
1805211510.3970356 305 130 0
1805211510.397527 340 201 1
1805211510.4756565 341 203 1
1805211510.476148 345 144 1
1805211510.628476 336 180 1
1805211510.6289673 337 190 1
1805211510.6294587 323 173 0
1805211510.9257612 316 89 1
1805211510.9262526 331 89 0
1805211510.926744 335 192 1
1805211511.3753746 340 209 1
1805211511.3763573 339 211 1
1805211511.3768487 341 211 0
1805211511.37734 347 219 0
1805211511.9286692 317 91 1
1805211511.9291606 332 91 0
1805211511.929652 351 118 1
1805211511.9306347 340 210 1
1805211511.931126 339 208 1
1805211512.4465845 332 88 0
1805211512.4470758 351 115 1
1805211512.4475672 355 142 1
1805211512.4480586 347 142 0
1805211512.44855 336 188 0
1805211512.4490414 336 182 1
1805211512.4495327 337 209 1
1805211512.856396 311 169 1
1805211512.8568873 348 169 0
1805211512.8573787 340 165 1
1805211513.31338 348 144 0
1805211513.3143628 310 153 0
1805211513.3148541 336 191 1
1805211513.3153455 344 191 0
1805211513.3163283 338 209 1
1805211513.3168197 340 208 1
1805211513.317311 327 82 0
1805211513.717295 337 195 1
1805211513.7182777 343 193 0
1805211513.7197518 354 159 1
1805211513.7207346 346 136 0
1805211513.721226 346 167 0
1805211514.2558482 347 178 0
1805211514.2563396 337 193 1
1805211514.256831 344 193 0
1805211514.2573223 321 98 1
1805211514.2578137 330 98 0
1805211514.8499274 338 200 1
1805211514.8504188 312 162 1
1805211514.8509102 315 138 0
1805211514.8514016 331 90 0
1805211515.3973255 330 155 1
1805211515.397817 347 155 0
1805211515.3983083 333 190 0
1805211515.3987997 319 94 1
1805211515.399291 329 85 0
1805211515.8454647 352 127 1
1805211515.845956 319 95 1
1805211515.8464475 331 95 0
1805211515.8469388 347 182 0
1805211515.8474302 348 182 0
1805211515.8479216 312 164 1
1805211515.848413 341 152 1
1805211516.283285 342 127 1
1805211516.2837763 347 109 1
1805211516.2852504 306 132 0
1805211516.2857418 305 132 0
1805211516.2862332 324 132 0
1805211516.7373207 335 189 0
1805211516.737812 344 189 0
1805211516.7383034 332 152 1
1805211516.7387948 336 193 1
1805211517.301917 336 105 0
1805211517.3024085 341 105 0
1805211517.3028998 338 201 1
1805211517.3033912 338 193 1
1805211517.3038826 341 208 1
1805211517.3048654 339 183 1
1805211517.3058481 304 157 0
1805211517.728927 342 201 1
1805211517.7299097 322 84 0
1805211517.730401 323 84 0
1805211518.072402 338 103 0
1805211518.0728934 334 103 0
1805211518.0733848 354 145 1
1805211518.480248 354 146 1
1805211518.4807394 306 129 0
1805211518.4812307 346 129 0
1805211518.481722 313 134 1
1805211518.4822135 339 201 1
1805211518.4827049 347 107 1
1805211518.8733525 341 204 1
1805211520.6673183 341 209 1
1805211520.6678708 338 210 1
1805211520.826414 323 153 1
1805211520.8269665 339 209 1
1805211520.827519 342 202 1
1805211521.050695 329 91 0
1805211521.0512474 341 205 1
1805211521.2479074 295 231 1
1805211521.2484598 347 139 0
1805211521.2915483 356 139 1
1805211521.3705437 310 165 1
1805211521.6666386 337 189 1
1805211521.667191 334 189 0
1805211521.6677434 348 174 0
1805211521.919645 345 185 0
1805211521.9201975 346 185 0
1805211522.173204 337 191 1
1805211522.1737564 347 190 0
1805211522.1743088 336 190 1
1805211522.1748612 334 190 0
1805211522.1754136 346 188 0
1805211522.175966 347 188 0
1805211522.1765184 333 164 1
1805211522.1776233 347 161 0
1805211522.1781757 343 192 0
1805211522.178728 341 192 0
1805211522.3914082 339 203 1
1805211522.6377857 348 167 0
1805211522.638338 313 135 1
1805211523.0841377 335 181 1
1805211523.08469 339 196 0
1805211523.085795 336 192 1
1805211523.0863473 328 83 0
1805211523.273064 328 87 0
1805211523.2736163 368 163 0
1805211523.8276894 332 153 1
1805211523.9867852 337 192 1
1805211524.23482 340 209 1
1805211524.309396 347 108 1
1805211524.3099484 328 99 1
1805211524.3105009 341 206 1
1805211524.3110533 342 195 0
1805211524.3116057 341 199 1
1805211524.3364644 338 191 1
1805211524.3370168 340 204 1
1805211524.375686 338 190 1
1805211524.3928108 341 200 1
1805211524.437004 312 165 1
1805211524.6618373 311 145 1
1805211524.6623898 348 145 0
1805211525.1606688 337 186 1
1805211525.1612213 341 142 1
1805211525.9810064 352 122 1
1805211525.9821112 347 183 0
1805211525.983216 336 204 1
1805211527.0151289 341 207 1
1805211527.0156813 341 201 1
1805211527.016786 336 189 0
1805211527.017891 312 167 1
1805211527.0184433 344 131 1
1805211527.0189958 306 131 0
1805211527.0201006 353 151 1
1805211527.9547882 331 88 0
1805211527.9553406 330 88 0
1805211527.9564455 342 214 0
1805211527.9569979 348 177 0
1805211530.0224648 343 177 1
1805211530.0230408 347 162 0
1805211530.0236168 355 152 1
1805211530.0253448 348 157 0
1805211530.0259209 343 156 1
1805211530.026497 347 156 0
1805211530.027073 305 148 0
1805211530.028225 345 125 0
1805211530.9913292 354 149 1
1805211530.9924812 316 150 0
1805211530.9930573 327 152 1
1805211530.9936333 337 185 1
1805211530.9947853 341 194 0
1805211530.9953613 343 194 0
1805211530.9959373 342 203 1
1805211530.9965134 332 100 0
1805211530.9970894 317 90 1
1805211532.0368042 319 152 1
1805211532.0373802 337 183 1
1805211532.0379562 339 210 1
1805211532.0385323 345 218 0
1805211532.0391083 340 195 0
1805211532.0396843 342 205 1
1805211532.0402603 339 207 1
1805211532.0408363 296 230 1
1805211532.0414124 328 96 1
1805211532.0419884 318 96 0
1805211532.0425644 322 83 0
1805211532.0431404 321 83 0
1805211532.9428825 340 200 1
1805211532.9434586 342 207 1
1805211532.9440346 337 210 1
1805211532.9446106 338 211 1
1805211532.9457626 304 154 0
1805211532.9463387 305 154 0
1805211532.9469147 348 154 0
1805211532.9474907 340 153 1
1805211532.9480667 349 153 0
1805211532.9492188 315 141 0
1805211532.9497948 347 187 0
1805211532.9503708 309 164 1
1805211532.9509468 322 98 1
1805211534.0736084 343 187 1
1805211534.0741844 347 165 0
1805211534.0747604 337 200 1
1805211534.0753365 342 204 1
1805211534.0759125 345 221 0
1805211534.0764885 332 87 0
1805211534.9387894 347 138 0
1805211534.9393654 345 128 0
1805211534.9399414 355 147 1
1805211534.9405174 310 148 1
1805211534.9416695 347 185 0
1805211534.9422455 348 176 0
1805211534.9433975 342 200 1
1805211534.9439735 338 207 1
1805211534.9457016 316 88 1
1805211534.9462776 321 106 0
1805211535.944519 337 184 1
1805211535.945095 348 184 0
1805211535.945671 349 184 0
1805211535.946247 335 190 0
1805211535.9479752 345 141 1
1805211535.9491272 314 143 0
1805211535.9502792 336 194 1
1805211535.9514313 337 193 1
1805211535.9520073 340 202 1
1805211535.9525833 340 210 1
1805211535.9543114 322 93 0
1805211535.9548874 325 81 0
1805211537.105198 314 130 1
1805211537.105774 346 130 0
1805211537.10635 304 136 0
1805211537.106926 305 136 0
1805211537.107502 341 151 1
1805211537.108654 350 150 0
1805211537.10923 348 150 0
1805211537.109806 349 145 0
1805211537.110382 336 186 1
1805211537.110958 340 206 1
1805211537.111534 341 202 1
1805211537.1121101 335 194 1
1805211537.1144142 329 94 1
1805211537.1149902 332 94 0
1805211537.9386978 340 196 0
1805211537.9392738 341 196 0
1805211537.9404259 339 202 1
1805211537.941002 340 209 1
1805211537.942154 337 191 1
1805211537.94273 348 181 0
1805211537.943306 356 155 1
1805211537.944458 323 152 1
1805211537.945034 346 152 0
1805211537.94561 311 151 1
1805211538.305046 337 187 1
1805211538.305622 347 137 0
1805211538.3061981 349 147 0
1805211538.4167938 355 146 1
1805211538.4173698 355 155 1
1805211538.4179459 342 198 1
1805211538.418522 334 198 0
1805211538.419098 342 197 1
1805211538.419674 341 208 1
1805211538.4916763 340 208 1
1805211538.4928284 343 157 1
1805211538.5348778 311 148 1
1805211538.5354538 349 148 0
1805211538.5360298 330 89 0
1805211538.5366058 341 119 1
1805211538.5821114 331 105 0
1805211538.5913277 344 120 0
1805211538.6160965 314 132 1
1805211538.6166725 355 137 1
1805211538.6708183 334 189 0
1805211538.6713943 346 225 0
1805211538.6725464 336 193 1
1805211538.689251 338 210 1
1805211538.723812 312 144 1
1805211538.7652855 348 183 0
1805211538.867241 347 186 0
1805211538.867817 326 152 1
1805211538.9709244 337 173 1
1805211538.9715004 327 84 0
1805211538.9720764 315 123 0
1805211540.112409 338 202 1
1805211540.1128063 340 211 1
1805211540.1132035 333 151 1
1805211540.3725786 306 165 1
1805211540.3729758 349 114 1
1805211540.7463489 355 157 1
1805211540.746746 353 156 1
1805211540.7471433 342 216 0
1805211540.7475405 301 230 1
1805211540.7479377 318 90 1
1805211540.748335 327 92 1
1805211541.3302407 339 229 0
1805211541.330638 316 223 1
1805211541.3310351 335 180 1
1805211541.3314323 340 183 1
1805211541.3318295 335 189 0
1805211541.3322268 345 129 0
1805211541.332624 355 159 1
1805211541.3330212 350 115 1
1805211541.9582224 339 209 1
1805211541.9590168 309 168 0
1805211541.959414 336 191 1
1805211542.512721 337 203 1
1805211542.5131183 342 199 1
1805211542.5135155 334 172 1
1805211542.5139127 343 133 1
1805211542.51431 305 133 0
1805211543.011611 355 145 1
1805211543.5462494 305 146 0
1805211543.5466466 349 146 0
1805211543.5470438 348 151 0
1805211543.5482354 353 127 1
1805211544.1305385 339 146 1
1805211544.1309357 353 140 1
1805211544.1313329 337 162 1
1805211544.13173 342 194 0
1805211544.1321273 337 204 1
1805211544.1325245 331 87 0
1805211544.1329217 330 87 0
1805211544.133319 323 96 1
1805211544.6473026 344 177 1
1805211544.6476998 314 133 1
1805211544.648097 317 133 0
1805211544.6484942 340 207 1
1805211544.6492887 337 202 0
1805211544.6496859 327 86 0
1805211545.0997195 337 194 1
1805211545.1001167 339 210 1
1805211545.1009111 334 190 0
1805211545.1013083 333 190 0
1805211545.1017056 344 190 0
1805211545.1025 341 184 1
1805211545.1032944 309 155 1
1805211545.1036916 344 126 0
1805211545.1040888 323 92 0
1805211545.104486 329 84 0
1805211545.4814339 338 194 1
1805211545.481831 356 140 1
1805211545.4826255 351 160 0
1805211545.4830227 309 165 1
1805211545.48342 345 189 0
1805211545.483817 336 189 0
1805211545.4846115 329 96 1
1805211545.8953218 337 205 1
1805211545.895719 335 198 0
1805211545.8961163 342 208 1
1805211546.4184413 352 123 1
1805211546.4188385 349 149 0
1805211546.4192357 328 161 1
1805211546.419633 321 226 1
1805211546.8621197 348 109 1
1805211546.8625169 312 150 1
1805211546.862914 337 180 1
1805211547.179884 340 209 1
1805211547.1802812 356 141 1
1805211547.1806784 304 141 0
1805211547.582253 336 192 1
1805211547.5826502 341 209 1
1805211547.5830474 344 138 1
1805211547.5834446 350 114 1
1805211547.8837318 337 186 1
1805211547.884129 346 186 0
1805211547.8845263 345 140 1
1805211548.2718015 333 103 0
1805211548.2721987 328 91 1
1805211548.272596 330 91 0
1805211548.6960168 348 111 1
1805211548.6972084 342 196 0
1805211548.6976056 344 147 1
1805211548.6980028 348 147 0
1805211548.6984 304 147 0
1805211548.6991944 335 187 0
1805211550.178379 330 90 0
1805211550.1789246 335 197 0
1805211550.5007706 341 208 1
1805211550.621872 336 203 1
1805211550.6224174 342 202 1
1805211550.7724304 342 123 1
1805211551.0670013 338 208 1
1805211551.0675468 335 190 0
1805211551.0680923 345 190 0
1805211551.438488 341 207 1
1805211551.4390335 343 128 1
1805211551.8312492 345 147 1
1805211552.108364 337 190 1
1805211552.1089096 336 183 1
1805211552.109455 320 96 1
1805211552.424755 318 95 0
1805211552.4253006 326 82 0
1805211552.425846 311 165 1
1805211552.4263916 336 181 1
1805211552.426937 297 231 1
1805211552.699688 342 158 1
1805211552.700779 335 205 1
1805211552.7013245 327 91 1
1805211552.9615288 303 144 0
1805211552.9620743 304 144 0
1805211552.9626198 338 209 1
1805211552.9631653 340 210 1
1805211552.9637108 341 198 1
1805211552.9642563 352 124 1
1805211553.2408257 329 152 1
1805211553.2419167 305 152 0
1805211553.2424622 337 184 1
1805211553.5179405 336 129 1
1805211553.5190315 355 132 1
1805211553.5201225 322 85 0
1805211553.7006836 315 222 1
1805211553.701229 337 192 1
1805211553.7585068 294 231 1
1805211553.796692 318 88 1
1805211553.7972374 348 143 0
1805211553.797783 313 164 1
1805211553.7983284 338 203 1
1805211553.842514 349 182 0
1805211553.9123383 350 119 1
1805211553.9701614 339 208 1
1805211554.0934448 342 211 0
1805211554.0939903 339 211 1
1805211554.0945358 334 211 0
1805211554.5309372 337 182 1
1805211554.5320282 342 152 0
1805211554.5325737 346 148 1
1805211554.5331192 339 200 1
1805211554.5336647 330 92 0
1805211554.5342102 317 88 1
1805211554.5347557 349 112 1
1805211555.238453 343 204 1
1805211555.2389984 342 203 1
1805211555.239544 336 193 1
1805211555.2400894 343 193 0
1805211555.240635 337 191 1
1805211555.2411804 334 191 0
1805211555.241726 345 191 0
1805211555.2422714 322 152 1
1805211555.2433624 348 153 0
1805211556.1456223 337 183 1
1805211556.1467133 348 140 0
1805211556.1472588 345 146 1
1805211556.1478043 352 125 1
1805211556.9747849 318 91 1
1805211556.9753304 345 127 0
1805211556.9758759 303 154 0
1805211556.9764214 347 154 0
1805211556.9769669 333 153 1
1805211556.9780579 342 206 1
1805211558.0150566 348 179 0
1805211558.015602 348 182 0
1805211558.0161476 338 191 1
1805211558.016693 349 175 0
1805211558.0172386 310 162 1
1805211560.0210266 342 205 1
1805211560.0223408 348 224 0
1805211560.0229979 338 185 1
1805211560.023655 337 187 1
1805211560.024969 341 149 1
1805211560.0256262 305 149 0
1805211560.0262833 315 149 0
1805211560.0269403 346 132 0
1805211560.0282545 346 105 1
1805211561.352931 345 105 1
1805211561.353588 324 94 1
1805211561.3542452 311 168 1
1805211561.3555593 297 230 1
1805211562.424631 343 140 1
1805211562.4252882 356 148 1
1805211562.4259453 344 191 0
1805211562.4279165 338 211 1
1805211562.4285736 335 211 0
1805211562.4292307 317 91 1
1805211562.4298878 331 91 0
1805211563.7013407 319 226 1
1805211563.7019978 344 226 0
1805211563.703312 344 192 0
1805211563.703969 345 192 0
1805211563.704626 341 206 1
1805211563.7052832 342 204 1
1805211563.7059402 336 209 1
1805211563.7065973 311 152 1
1805211563.7072544 317 89 1
1805211564.7690983 342 192 0
1805211564.7697554 335 193 1
1805211564.7704124 341 204 1
1805211564.7710695 340 208 1
1805211564.7717266 308 224 1
1805211564.7723837 335 179 1
1805211564.7730408 335 181 1
1805211564.7736979 312 163 1
1805211564.774355 324 131 0
1805211564.775012 345 131 0
1805211564.775669 334 153 1
1805211565.5937357 340 209 1
1805211565.5943928 339 210 1
1805211565.5950499 337 195 1
1805211565.595707 342 195 0
1805211565.596364 338 204 1
1805211565.597021 343 205 1
1805211565.5976782 294 227 1
1805211565.5983353 295 230 1
1805211565.5989923 335 189 0
1805211565.5996494 346 189 0
1805211565.6009636 349 171 0
1805211565.6016207 336 168 1
1805211565.6022778 306 133 0
1805211565.604249 347 157 0
1805211565.604906 344 104 1
1805211565.6055632 337 104 0
1805211565.6062202 334 104 0
1805211566.0412083 345 104 1
1805211566.0425224 338 188 1
1805211566.0431795 335 188 0
1805211566.0438366 345 188 0
1805211566.0444937 338 187 1
1805211566.0458078 313 165 1
1805211566.047122 310 149 0
1805211566.047779 314 141 0
1805211566.0484362 348 139 0
1805211566.0490932 342 193 0
1805211566.0497503 337 193 1
1805211566.0504074 343 202 1
1805211566.0517216 338 201 1
1805211566.247532 305 229 1
1805211566.248189 343 229 0
1805211566.385519 344 118 0
1805211566.386176 312 147 1
1805211566.5005083 337 171 1
1805211566.5011654 335 144 1
1805211566.5018225 349 144 0
1805211566.6233826 355 144 1
1805211566.6240396 342 151 1
1805211566.6246967 341 208 1
1805211566.7055178 334 199 0
1805211566.7061749 333 191 0
1805211566.77254 334 152 1
1805211566.827735 353 131 1
1805211566.9230118 356 154 1
1805211566.9604654 338 210 1
1805211566.9611225 308 168 1
1805211567.005804 341 209 1
1805211567.0064611 342 198 1
1805211567.0084324 330 88 0
1805211567.0090895 321 88 0
1805211567.1549616 307 164 0
1805211567.1562757 324 176 0
1805211567.158247 315 142 0
1805211567.158904 340 210 1
1805211567.1595612 337 192 1
1805211567.2660084 318 99 0
1805211567.2666655 329 99 1
1805211567.2673225 340 105 0
1805211567.4013672 348 173 0
1805211567.6201754 299 230 1
1805211567.9250612 341 207 1
1805211567.9257183 346 142 1
1805211567.9263754 310 164 1
1805211568.300912 304 145 0
1805211568.301569 311 153 1
1805211568.302226 341 205 1
1805211568.3028831 317 90 1
1805211568.3035402 331 98 0
1805211568.8357763 350 112 1
1805211570.3006315 338 184 1
1805211570.3010802 353 155 1
1805211570.301529 326 105 1
1805211570.3019776 349 113 1
1805211570.6927986 299 229 1
1805211570.693696 343 206 1
1805211570.6941447 342 207 1
1805211570.6945934 347 180 0
1805211570.6950421 338 190 1
1805211570.6954908 343 191 0
1805211570.6963882 338 126 1
1805211571.0320187 348 108 1
1805211571.0324674 340 211 1
1805211571.032916 343 201 1
1805211571.0333648 338 186 1
1805211571.0338135 348 186 0
1805211571.4717484 345 223 0
1805211571.9958344 339 209 1
1805211571.996283 346 222 0
1805211572.6092124 343 194 0
1805211572.609661 336 194 1
1805211572.6101098 342 196 0
1805211572.6105585 341 196 0
1805211572.6110072 314 226 1
1805211572.6119046 350 146 0
1805211572.6123533 355 136 1
1805211572.612802 315 136 0
1805211572.6132507 346 161 0
1805211572.6136994 318 85 1
1805211573.1848993 348 144 0
1805211573.185348 344 228 0
1805211573.1857967 343 203 1
1805211573.1862454 342 200 1
1805211573.1866941 328 92 1
1805211573.1871428 330 93 0
1805211573.1875916 331 93 0
1805211573.1880403 332 93 0
1805211573.188489 340 103 0
1805211573.726036 348 142 0
1805211573.7264848 325 155 1
1805211573.7269335 349 173 0
1805211573.7273822 354 160 1
1805211573.727831 335 190 0
1805211574.2581987 334 160 1
1805211574.2586474 322 153 1
1805211574.2590961 338 202 1
1805211574.6885056 355 145 1
1805211574.6889544 347 140 0
1805211574.689403 337 190 1
1805211574.6898518 340 205 1
1805211574.6903005 344 215 0
1805211574.9626637 339 211 1
1805211574.9631124 335 180 1
1805211574.963561 348 180 0
1805211574.9640098 345 144 1
1805211574.9644585 331 89 0
1805211574.9649072 328 84 0
1805211575.260603 305 137 0
1805211575.2610517 314 137 0
1805211575.2615004 349 177 0
1805211575.261949 341 195 0
1805211575.5204024 342 201 1
1805211576.1562157 313 162 1
1805211576.413323 340 197 0
1805211576.4137716 334 197 0
1805211576.4142203 330 85 0
1805211576.6969037 355 138 1
1805211576.6973524 355 147 1
1805211576.697801 338 189 1
1805211576.6982498 350 116 1
1805211576.6986985 351 119 1
1805211576.9751 316 149 0
1805211576.9755487 353 149 1
1805211576.9759974 304 149 0
1805211577.2501554 354 148 1
1805211577.2506042 356 147 1
1805211577.2510529 315 135 0
1805211577.2515016 347 135 0
1805211577.2519503 342 206 1
1805211577.252399 330 99 0
1805211577.5579662 349 143 0
1805211577.558415 305 139 0
1805211577.5588636 354 139 1
1805211577.5593123 339 184 1
1805211577.7953305 324 152 1
1805211578.0578222 342 202 1
1805211578.058271 345 150 1
1805211578.0587196 334 190 0
1805211578.0591683 338 191 1
1805211578.267367 305 156 0
1805211578.2678156 341 210 1
1805211578.2682643 347 108 1
1805211578.268713 331 94 0
1805211578.5011415 346 188 0
1805211578.5015903 355 146 1
1805211578.7133784 336 191 1
1805211578.7138271 310 168 1
1805211578.7142758 347 168 0
1805211578.7151732 344 155 1
1805211578.7160707 347 158 0
1805211578.7165194 348 226 0
1805211578.716968 328 88 0
1805211578.9722805 346 144 1
1805211580.2333057 329 93 1
1805211580.5263796 342 199 1
1805211580.5269039 335 199 0
1805211580.5279524 355 158 1
1805211580.729277 354 147 0
1805211580.7298012 328 153 1
1805211580.7303255 353 128 1
1805211580.7318983 347 109 1
1805211580.8980958 344 194 0
1805211580.8986201 337 194 1
1805211580.8991444 337 196 1
1805211581.1015174 306 134 0
1805211581.1020417 311 160 1
1805211581.102566 319 98 0
1805211581.1030903 318 98 0
1805211581.184354 306 229 1
1805211581.1969368 328 82 0
1805211581.1974611 305 145 0
1805211581.2032282 329 84 0
1805211581.2053254 327 83 0
1805211581.2105682 340 209 1
1805211581.2142382 348 181 0
1805211581.2357337 331 90 0
1805211581.295502 337 182 1
1805211581.3872514 345 149 1
1805211581.3883 355 143 0
1805211581.3888242 346 187 0
1805211581.3893485 339 210 1
1805211581.8051045 326 86 0
1805211581.8056288 331 86 0
1805211581.806153 336 192 1
1805211581.8066773 340 210 1
1805211581.8072016 355 140 1
1805211581.807726 345 143 1
1805211582.5296628 347 136 0
1805211582.5301871 317 131 0
1805211582.5312357 336 189 0
1805211582.53176 335 189 0
1805211582.5322843 337 191 1
1805211582.5328085 326 191 0
1805211582.5333328 337 185 1
1805211582.5343814 334 167 0
1805211582.5349057 300 230 1
1805211582.53543 342 205 1
1805211582.5359542 326 87 0
1805211583.621219 348 110 1
1805211583.6217432 322 94 0
1805211583.6222675 342 204 1
1805211583.6227918 340 207 1
1805211583.623316 341 209 1
1805211583.6243646 334 181 1
1805211583.624889 354 133 1
1805211584.5628302 337 181 1
1805211584.5638788 355 148 1
1805211584.564403 311 149 1
1805211584.5649273 345 139 1
1805211584.5654516 338 211 1
1805211584.565976 342 208 1
1805211584.5665002 318 90 1
1805211584.5670245 317 86 1
1805211585.4939559 317 87 1
1805211585.4944801 327 102 1
1805211585.4950044 334 102 0
1805211585.4955287 351 120 1
1805211585.4965773 349 172 0
1805211585.4971015 324 153 1
1805211585.4976258 341 199 1
1805211585.49815 342 209 1
1805211585.4986744 341 208 1
1805211586.2772338 356 155 1
1805211586.2777581 344 144 1
1805211586.2788067 349 147 0
1805211586.279331 343 137 1
1805211586.2798553 337 210 1
1805211586.2803795 344 119 0
1805211586.2809038 350 113 1
1805211587.1968253 336 181 1
1805211587.1973495 336 180 1
1805211587.1978738 337 186 1
1805211587.198398 344 139 1
1805211587.1989224 343 146 1
1805211587.2010195 339 212 1
1805211587.2015438 323 222 1
1805211587.202068 348 222 0
1805211587.2025924 341 193 0
1805211587.2031167 343 193 0
1805211587.9198108 331 96 0
1805211587.9208593 340 184 0
1805211587.921908 328 144 1
1805211587.9224322 338 195 1
1805211587.9229565 343 195 0
1805211587.9234807 336 193 1
1805211588.996687 348 156 0
1805211590.0 329 97 1
1805211590.0006447 327 91 1
1805211590.0012894 330 91 0
1805211590.001934 327 92 1
1805211591.1140137 334 189 0
1805211591.1146584 346 189 0
1805211591.115303 337 188 1
1805211591.1159477 356 136 1
1805211591.1165924 342 150 1
1805211591.117237 341 201 1
1805211591.1178818 339 203 1
1805211591.1185265 340 196 0
1805211591.1191711 334 199 0
1805211591.1198158 336 199 0
1805211592.0275307 339 189 1
1805211592.0281754 338 187 1
1805211592.02882 348 166 0
1805211592.0294647 309 166 1
1805211592.030754 331 163 0
1805211592.0313988 347 163 0
1805211592.0320435 342 131 1
1805211592.0326881 316 131 0
1805211592.0333328 342 203 1
1805211592.0339775 342 207 1
1805211592.0365562 349 224 0
1805211592.40596 318 84 1
1805211592.4066048 330 84 0
1805211592.4072495 318 86 1
1805211592.4078941 350 111 1
1805211592.4085388 312 166 1
1805211592.4104729 354 144 1
1805211592.5664864 335 178 1
1805211592.567131 345 145 1
1805211592.5677757 347 138 0
1805211592.5684204 352 118 1
1805211592.699936 331 100 0
1805211592.7012253 304 150 0
1805211592.70187 343 205 1
1805211592.7940598 341 211 1
1805211592.7953491 329 153 1
1805211592.7966385 336 187 1
1805211592.7972832 317 92 1
1805211592.7979279 319 92 0
1805211592.7985725 331 92 0
1805211592.7992172 328 101 1
1805211592.887539 335 190 0
1805211592.8881836 346 190 0
1805211592.8888283 337 209 1
1805211592.9462051 348 168 0
1805211592.9468498 347 218 0
1805211593.001648 331 87 0
1805211593.0022926 318 87 1
1805211593.0029373 329 87 0
1805211593.02808 354 150 1
1805211593.0551567 347 143 0
1805211593.0699844 337 193 1
1805211593.0712738 318 90 1
1805211593.0757866 337 190 1
1805211593.082878 317 221 1
1805211593.107376 349 221 0
1805211593.1080208 335 200 0
1805211593.1093102 345 219 0
1805211593.1202698 327 82 0
1805211593.1312294 338 203 1
1805211593.142189 342 206 1
1805211593.4181137 343 192 0
1805211593.4200478 312 148 1
1805211593.5483398 338 190 1
1805211593.5489845 339 211 1
1805211593.7249832 346 133 0
1805211593.7269173 305 142 0
1805211593.727562 349 142 0
1805211593.7282066 344 145 1
1805211594.3999672 338 212 1
1805211594.4006119 338 192 1
1805211594.4012566 342 199 1
1805211594.4019012 348 146 0
1805211594.402546 346 134 0
1805211594.4038353 324 89 1
1805211594.40448 330 89 0
1805211595.1497345 336 200 0
1805211595.1503792 338 204 1
1805211595.1510239 321 225 1
1805211595.152958 347 185 0
1805211595.9549446 342 201 1
1805211595.9555893 338 210 1
1805211595.956234 317 84 1
1805211596.8001251 343 198 1
1805211596.8007698 335 198 0
1805211596.8014145 340 211 1
1805211596.8027039 336 182 1
1805211596.8033485 316 125 0
1805211596.8039932 344 125 0
1805211597.507988 296 231 1
1805211597.5086327 347 141 0
1805211598.030182 346 220 0
1805211598.0308266 338 153 1
1805211598.032116 328 151 1
1805211598.0327606 349 151 0
1805211598.5136948 335 196 0
1805211598.5143394 340 208 1
1805211598.5149841 310 157 1
1805211598.8695602 354 129 1
1805211598.870205 316 129 0
1805211598.8708496 348 187 0
1805211598.8714943 347 187 0
1805211598.872139 348 165 0
1805211598.8727837 340 210 1
1805211598.874073 294 232 1
1805211598.8747177 317 90 1
1805211598.8753624 329 90 0
1805211598.876007 317 91 1
1805211598.8766518 316 126 0
1805211600.3112378 318 97 0
1805211600.3117726 323 97 1
1805211600.3123074 331 97 0
1805211600.3128421 334 191 0
1805211600.7759554 352 128 1
1805211600.7764902 346 128 0
1805211600.777025 310 152 1
1805211600.7786293 313 224 1
1805211600.779164 337 192 1
1805211600.7796988 334 192 0
1805211600.7802336 341 210 1
1805211601.391479 349 176 0
1805211601.3925486 350 145 0
1805211601.393618 324 95 1
1805211601.3941529 332 95 0
1805211601.3946877 328 83 0
1805211601.3952224 329 83 0
1805211601.9840074 352 121 1
1805211601.9845421 341 209 1
1805211601.985077 338 193 1
1805211601.9856117 344 193 0
1805211602.443912 348 141 0
1805211602.4444468 338 191 1
1805211602.9236033 314 224 1
1805211602.924138 340 209 1
1805211602.9246728 347 189 0
1805211602.9252076 345 189 0
1805211602.9257424 349 181 0
1805211603.3760211 341 197 0
1805211603.376556 343 204 1
1805211603.3770907 322 93 0
1805211603.3776255 316 91 1
1805211603.8246956 335 179 1
1805211603.8257651 331 152 1
1805211603.8263 349 152 0
1805211603.8273695 339 210 1
1805211604.233262 356 137 1
1805211604.2337968 347 137 0
1805211604.2343316 310 166 1
1805211604.2348664 343 197 1
1805211604.2354012 343 207 1
1805211604.235936 314 127 1
1805211604.6610804 316 225 1
1805211604.6616151 350 225 0
1805211604.66215 350 147 0
1805211605.0824814 311 151 1
1805211605.3701892 311 169 1
1805211605.68624 343 206 1
1805211605.6867747 348 140 0
1805211605.6878443 347 173 0
1805211605.688379 331 88 0
1805211605.924214 346 140 1
1805211605.9247487 348 185 0
1805211605.9258182 341 207 1
1805211606.1937394 341 208 1
1805211606.430109 339 188 1
1805211606.4306438 334 190 0
1805211606.4311786 336 190 0
1805211606.432248 318 89 1
1805211606.5675457 342 200 1
1805211606.8076587 335 177 1
1805211607.1445656 347 186 0
1805211607.1451004 338 186 1
1805211607.3445706 347 184 0
1805211607.3451054 346 184 0
1805211607.527463 346 146 1
1805211607.6632953 342 202 1
1805211607.8627656 342 209 1
1805211607.8633003 337 211 1
1805211607.863835 300 229 1
1805211608.026406 316 148 0
1805211608.0274756 348 155 0
1805211608.0280104 305 155 0
1805211608.0285451 311 162 1
1805211608.1707947 341 206 1
1805211608.1718643 305 160 0
1805211608.4146512 335 190 0
1805211608.415186 345 190 0
1805211608.4157207 336 179 1
1805211608.4162555 328 92 1
1805211608.4167902 322 92 0
1805211608.5456705 355 145 1
1805211608.6617162 335 191 0
1805211608.791666 332 94 0
1805211608.813057 310 169 1
1805211608.8301697 342 205 1
1805211608.8307045 340 203 1
1805211608.8520954 342 208 1
1805211608.8643951 353 123 1
1805211608.8863208 328 91 1
1805211608.9483545 346 224 0
1805211608.9836495 343 227 0
1805211610.2809427 356 138 1
1805211610.2814417 342 140 1
1805211610.2819407 332 163 1
1805211610.2829387 338 180 1
1805211610.2839367 338 209 1
1805211610.2849348 349 110 1
1805211610.739533 339 101 1
1805211610.740032 352 123 1
1805211610.740531 322 87 0
1805211610.74103 320 87 0
1805211610.741529 330 87 0
1805211610.742028 344 192 0
1805211610.743026 304 134 0
1805211610.743525 317 134 0
1805211610.744024 352 148 1
1805211611.3528163 349 146 0
1805211611.3533154 333 191 0
1805211611.3538144 345 191 0
1805211611.3543134 336 198 0
1805211611.3548124 334 198 0
1805211611.3553114 342 207 1
1805211611.3558104 338 205 1
1805211611.3563094 339 202 1
1805211612.1512325 307 165 1
1805211612.1517315 336 184 1
1805211612.1522305 348 184 0
1805211612.1532285 317 89 1
1805211612.96412 312 161 1
1805211612.965118 336 180 1
1805211612.965617 341 133 1
1805211612.966116 315 227 1
1805211612.966615 346 227 0
1805211612.967114 339 205 1
1805211612.967613 339 196 0
1805211612.968112 342 196 0
1805211612.968611 341 196 0
1805211612.96911 328 102 1
1805211613.8778074 350 222 0
1805211613.8788054 343 199 1
1805211613.8793044 336 178 1
1805211613.8798034 336 181 1
1805211613.8803024 324 93 1
1805211614.69818 340 197 0
1805211614.698679 335 197 0
1805211614.699178 339 197 0
1805211614.700176 310 156 1
1805211614.700675 352 160 1
1805211614.701174 346 191 0
1805211614.701673 337 191 1
1805211614.702172 338 185 1
1805211614.702671 344 121 0
1805211615.594402 315 139 0
1805211615.5954 341 209 1
1805211615.595899 329 89 0
1805211616.4022994 355 136 1
1805211616.4027984 316 136 0
1805211616.4037964 346 148 1
1805211616.4042954 349 186 0
1805211616.4047945 340 201 1
1805211616.4052935 342 198 1
1805211616.4057925 343 195 0
1805211616.4062915 339 211 1
1805211617.371377 316 128 0
1805211617.371876 336 189 0
1805211617.372375 338 184 1
1805211617.373373 340 211 1
1805211618.260613 311 154 1
1805211618.261112 305 141 0
1805211618.261611 344 136 1
1805211618.263607 343 190 0
1805211618.264106 336 190 0
1805211618.264605 344 193 0
1805211618.265104 343 200 1
1805211618.265603 343 103 1
1805211618.266102 319 90 1
1805211618.266601 330 90 0
1805211618.7706013 332 92 0
1805211618.7711003 324 92 0
1805211618.7715993 351 116 1
1805211618.7720983 356 156 1
1805211618.7725973 309 154 1
1805211618.7730963 310 163 1
1805211618.7740943 341 210 1
1805211618.9846766 340 210 1
1805211618.9851756 341 211 1
1805211618.9856746 349 220 0
1805211618.9861736 337 192 1
1805211618.9866726 346 192 0
1805211618.9871716 326 153 1
1805211618.9876707 356 152 1
1805211618.9881697 312 151 1
1805211618.9886687 355 135 1
1805211618.9896667 352 122 1
1805211618.9901657 329 99 1
1805211620.2007751 339 209 1
1805211620.2013588 336 200 0
1805211620.2019424 354 135 1
1805211620.2031097 340 145 0
1805211620.2036934 335 177 1
1805211620.3659477 355 131 1
1805211620.3665314 309 162 1
1805211620.4815102 318 92 1
1805211620.4820938 313 124 1
1805211620.4826775 353 126 1
1805211620.483261 351 118 1
1805211620.4838448 346 106 1
1805211620.6402626 347 188 0
1805211620.667694 349 180 0
1805211620.6682777 333 102 0
1805211620.7213898 312 145 1
1805211620.7219734 331 91 0
1805211620.782673 314 131 1
1805211620.7832565 316 90 1
1805211620.8013496 315 137 0
1805211620.8019333 340 101 1
1805211620.8159409 344 134 1
1805211620.855629 302 230 1
1805211620.9134102 343 194 0
1805211620.918663 335 189 0
1805211620.9233322 348 171 0
1805211620.9315033 340 209 1
1805211621.040062 341 200 1
1805211621.1719666 347 148 1
1805211621.1725502 338 192 1
1805211621.2933655 339 180 1
1805211621.2939491 308 165 1
1805211621.2945328 327 90 1
1805211621.3278008 346 143 1
1805211621.3283844 311 227 1
1805211621.5344124 344 146 1
1805211621.534996 352 136 1
1805211621.7025032 342 209 1
1805211621.976818 337 183 1
1805211621.9774017 349 183 0
1805211621.9791527 337 193 1
1805211621.9797363 338 211 1
1805211621.98032 331 89 0
1805211622.382454 337 195 1
1805211622.3830376 313 138 1
1805211622.8534584 342 208 1
1805211623.4225159 339 201 1
1805211623.4230995 335 201 0
1805211623.4236832 342 206 1
1805211623.4242668 339 230 0
1805211623.4248505 334 191 0
1805211623.425434 345 138 1
1805211624.0330124 343 205 1
1805211624.5880623 355 146 1
1805211624.588646 354 152 1
1805211624.5892296 348 152 0
1805211624.5898132 354 132 1
1805211624.590397 356 139 1
1805211624.5909805 337 182 1
1805211624.5915642 348 182 0
1805211624.5921478 342 102 1
1805211625.1512833 356 140 1
1805211625.151867 305 140 0
1805211625.1524506 333 152 1
1805211625.1530342 305 151 0
1805211625.1542015 342 195 0
1805211625.8849297 336 199 0
1805211625.8855133 340 200 1
1805211625.886097 347 228 0
1805211625.8866806 331 95 0
1805211626.533947 340 199 1
1805211626.5345306 321 153 1
1805211626.5351143 345 147 1
1805211627.1963882 312 162 1
1805211627.196972 335 178 1
1805211627.1975555 355 137 1
1805211627.1998901 341 202 1
1805211627.2004738 339 192 1
1805211627.2010574 338 194 1
1805211627.201641 348 218 0
1805211627.2022247 324 100 1
1805211627.7928772 350 144 0
1805211627.7934608 353 144 1
1805211627.7940445 341 145 1
1805211627.7946281 349 145 0
1805211627.7952118 341 148 1
1805211627.7957954 349 150 0
1805211627.796379 349 222 0
1805211627.7969627 348 219 0
1805211627.7975464 315 224 1
1805211627.79813 332 86 0
1805211627.7987137 328 86 0
1805211628.4331398 338 191 1
1805211628.4337234 332 164 1
1805211628.434307 342 199 1
1805211628.4354744 343 212 0
1805211628.9829369 313 128 1
1805211628.9835205 355 134 1
1805211628.9841042 323 134 0
1805211628.9846878 305 134 0
1805211628.9852715 310 158 1
1805211628.985855 341 210 1
1805211628.9864388 318 226 1
1805211630.4862094 348 179 0
1805211630.4867952 337 179 0
1805211630.487381 355 147 1
1805211630.4879668 342 201 1
1805211630.4885526 341 203 1
1805211630.852331 314 142 0
1805211630.8529167 342 200 1
1805211630.8535025 341 208 1
1805211631.2325115 328 85 0
1805211631.2330973 349 111 1
1805211631.233683 349 174 0
1805211631.4972906 348 183 0
1805211631.8083475 348 154 0
1805211631.8727849 342 194 0
1805211631.8733706 341 209 1
1805211631.8739564 340 152 1
1805211631.8745422 354 145 1
1805211632.405272 348 227 0
1805211632.733317 341 137 1
1805211633.0672197 320 88 0
1805211633.0678055 329 88 0
1805211633.068977 343 208 1
1805211633.3864777 345 144 1
1805211633.3870635 354 128 1
1805211633.3894067 339 212 1
1805211633.3899925 319 97 0
1805211633.7139368 313 163 1
1805211633.7145226 313 166 1
1805211633.7151084 309 168 1
1805211634.0882595 356 149 0
1805211634.0888453 337 184 1
1805211634.089431 348 178 0
1805211634.0900168 341 101 1
1805211634.3465948 330 162 1
1805211634.3471806 356 146 1
1805211634.7068584 339 211 1
1805211634.7074442 335 191 0
1805211634.70803 318 91 1
1805211634.7086158 330 91 0
1805211634.7092016 319 89 1
1805211634.7097874 316 104 0
1805211635.03256 327 87 0
1805211635.033146 329 84 0
1805211635.0337317 329 82 0
1805211635.0343175 325 82 0
1805211635.0349033 344 117 0
1805211635.035489 344 123 0
1805211635.0366607 343 202 1
1805211635.3857942 337 189 0
1805211635.38638 335 190 0
1805211635.3869658 344 190 0
1805211635.3881373 348 142 0
1805211635.6271415 340 211 1
1805211635.7267265 342 202 1
1805211635.7273123 337 194 1
1805211635.9118376 340 212 1
1805211636.1004634 338 210 1
1805211636.1010492 304 133 0
1805211636.4109344 305 159 0
1805211636.4115202 348 143 0
1805211636.4413958 343 207 1
1805211636.443739 343 206 1
1805211636.454869 345 130 0
1805211636.546253 342 210 1
1805211636.6294358 309 152 1
1805211636.6440806 342 197 0
1805211636.6452522 338 193 1
1805211636.6669266 338 183 1
1805211636.6950448 326 155 1
1805211636.7079322 346 164 0
1805211636.7243345 342 207 1
1805211636.7249203 337 191 1
1805211636.7823281 325 84 0
1805211636.8221622 330 88 0
1805211636.9047592 344 194 0
1805211636.905345 314 227 1
1805211636.9059308 309 151 1
1805211637.1607513 355 144 1
1805211637.1613371 344 205 1
1805211637.161923 330 86 0
1805211638.8636558 343 204 1
1805211638.8642416 336 201 0
1805211638.8648274 342 208 1
1805211638.8654132 341 211 1
1805211638.865999 348 186 0
1805211638.8671706 335 177 1
1805211638.8677564 310 155 1
1805211638.8683422 348 109 1
1805211640.8050258 340 208 1
1805211640.8055964 339 210 1
1805211640.806167 343 203 1
1805211640.8067374 335 200 0
1805211640.807308 338 195 1
1805211640.8078785 347 136 0
1805211640.8090196 349 141 0
1805211640.80959 346 141 0
1805211640.8101606 344 140 1
1805211640.8113017 312 165 1
1805211640.8118722 317 89 1
1805211641.8764918 336 179 1
1805211641.8770623 335 176 1
1805211641.8782034 336 180 0
1805211641.878774 313 161 1
1805211641.879915 346 160 0
1805211641.8804855 354 146 1
1805211641.8821971 338 211 1
1805211641.8827677 333 211 0
1805211642.8452613 347 139 0
1805211642.8458319 304 139 0
1805211642.8464024 336 169 1
1805211642.8486845 339 187 1
1805211642.849255 347 187 0
1805211642.8498256 342 211 1
1805211642.8503962 342 209 1
1805211642.8509667 343 201 1
1805211642.8515372 335 198 0
1805211642.8521078 321 105 0
1805211643.8591032 353 122 1
1805211643.8596737 331 94 0
1805211643.8602443 333 192 0
1805211643.8608148 334 192 0
1805211643.8613853 341 197 0
1805211643.861956 334 161 1
1805211643.8625264 310 167 1
1805211644.6367433 347 156 0
1805211644.6373138 337 206 1
1805211644.6378844 341 210 1
1805211644.638455 330 98 0
1805211644.6390254 327 91 1
1805211644.639596 331 93 0
1805211645.6739771 347 153 0
1805211645.6745477 327 154 1
1805211645.6751182 349 154 0
1805211645.6756887 311 158 1
1805211645.6762593 304 158 0
1805211645.6768298 316 135 0
1805211645.677971 346 132 0
1805211645.679112 339 186 1
1805211645.6796825 338 185 1
1805211645.680253 339 204 1
1805211645.6808236 336 192 1
1805211645.681394 329 95 1
1805211646.5680065 331 90 0
1805211646.568577 332 90 0
1805211646.5691476 317 91 1
1805211646.5697181 352 120 1
1805211646.5702887 344 142 1
1805211646.5708592 353 149 1
1805211646.5714297 335 181 1
1805211646.5720003 337 205 1
1805211646.5725708 340 209 1
1805211646.5731413 340 210 1
1805211647.5019734 329 85 0
1805211647.502544 323 85 0
1805211647.5031145 345 124 0
1805211647.503685 346 142 1
1805211647.504826 316 130 0
1805211647.5053966 306 130 0
1805211647.5059671 309 157 1
1805211647.5065377 336 190 0
1805211647.5076787 336 200 0
1805211647.5088198 334 200 0
1805211647.5093904 341 201 1
1805211647.509961 337 193 1
1805211647.5105314 345 193 0
1805211648.054252 355 142 1
1805211648.0559635 305 144 0
1805211648.056534 356 144 0
1805211648.0571046 349 144 0
1805211648.0576751 348 144 0
1805211648.0593867 340 182 1
1805211648.0599573 333 182 0
1805211648.0605278 349 182 0
1805211648.0610983 309 167 1
1805211648.3127046 339 181 1
1805211648.313275 311 166 1
1805211648.3138456 342 166 0
1805211648.3144162 340 211 1
1805211648.4587617 347 180 1
1805211648.4593322 326 180 0
1805211648.5529 337 180 1
1805211648.630493 311 155 1
1805211648.6310635 318 90 1
1805211648.6864054 332 102 0
1805211648.688117 346 145 1
1805211648.7788322 354 151 1
1805211648.7799733 331 92 0
1805211648.8261867 334 162 1
1805211648.8267572 333 163 1
1805211648.8273277 335 199 0
1805211648.8769643 327 81 0
1805211648.9345884 345 128 0
1805211648.935159 354 141 1
1805211648.9357295 356 157 1
1805211648.9887893 334 193 0
1805211648.9973474 356 153 1
1805211650.0115633 319 88 1
1805211650.0120258 341 207 1
1805211650.0124884 343 209 1
1805211650.029602 329 86 0
1805211650.0300646 311 146 1
1805211650.1160955 305 143 0
1805211650.116558 335 153 1
1805211650.1170206 362 153 0
1805211650.1184082 344 103 1
1805211650.2150774 340 202 1
1805211650.21554 322 84 0
1805211650.2160025 328 84 0
1805211650.3482866 342 143 1
1805211650.3487492 337 192 1
1805211650.3492117 335 192 0
1805211650.6003666 350 115 1
1805211650.6012917 348 157 0
1805211650.6017542 305 157 0
1805211650.9431028 338 191 1
1805211650.9435654 335 191 0
1805211650.944028 344 191 0
1805211650.9444904 343 154 1
1805211650.9454155 338 214 1
1805211651.4616013 314 140 0
1805211651.4620638 357 140 1
1805211651.4625263 310 154 1
1805211651.4629889 338 192 1
1805211651.4634514 343 205 1
1805211651.463914 331 86 0
1805211651.4643764 347 108 1
1805211652.055955 336 181 1
1805211652.0564175 338 186 1
1805211652.5943422 339 185 1
1805211652.5952673 312 168 1
1805211653.060112 326 93 1
1805211653.0605745 323 93 0
1805211653.0614996 330 87 0
1805211653.0619621 331 87 0
1805211653.0624247 332 87 0
1805211653.0628872 341 209 1
1805211653.0633497 296 232 1
1805211653.5231066 305 147 0
1805211653.523569 343 195 0
1805211653.5240316 342 195 0
1805211653.5244942 344 195 0
1805211653.9370728 349 223 0
1805211653.9375353 342 209 1
1805211653.9379978 338 194 1
1805211653.9384604 343 206 1
1805211653.938923 304 230 1
1805211653.9393854 339 182 1
1805211653.939848 339 191 1
1805211653.9403105 338 187 1
1805211653.940773 346 131 0
1805211653.9412355 304 138 0
1805211653.941698 305 138 0
1805211653.9421606 345 146 1
1805211653.9430857 339 103 0
1805211654.531889 311 161 1
1805211654.5323515 325 152 1
1805211654.9948835 320 155 1
1805211654.995346 321 152 1
1805211654.9958086 344 158 1
1805211654.9962711 349 227 0
1805211655.3593588 342 196 0
1805211655.7279968 336 193 1
1805211655.7284594 341 208 1
1805211655.728922 310 147 1
1805211656.1303997 356 145 1
1805211656.1308622 348 145 0
1805211656.546216 342 210 1
1805211656.5466785 340 212 1
1805211656.547141 348 220 0
1805211656.5476036 344 204 1
1805211656.5480661 338 188 1
1805211656.5489912 352 119 1
1805211656.5494537 332 88 0
1805211657.1040297 339 202 1
1805211657.1044922 335 202 0
1805211657.1049547 345 192 0
1805211657.1058798 337 191 1
1805211657.1063423 334 191 0
1805211657.1068048 345 191 0
1805211657.1072674 338 184 1
1805211657.10773 333 104 0
1805211657.1081924 339 104 0
1805211657.5508356 306 159 0
1805211657.5512981 346 189 0
1805211657.5517607 330 89 0
1805211657.5522232 332 89 0
1805211657.5526857 351 117 1
1805211657.5531483 306 127 0
1805211657.8995848 316 132 0
1805211657.9000473 304 152 0
1805211657.9005098 347 152 0
1805211658.2807112 344 104 1
1805211658.2816362 342 208 1
1805211658.4476852 339 184 1
1805211658.4481478 339 183 1
1805211658.4486103 335 201 0
1805211658.4490728 341 210 1
1805211658.4495354 328 83 0
1805211658.7284422 341 211 1
1805211658.857026 336 198 0
1805211658.8574886 302 231 1
1805211658.8579512 349 148 0
1805211658.9476824 331 88 0
1805211660.1629066 342 206 1
1805211660.2209282 305 135 0
1805211660.3174448 316 106 1
1805211660.3180027 346 190 0
1805211660.3185606 356 135 1
1805211660.5852365 309 113 1
1805211660.7520485 338 205 1
1805211660.7526064 323 174 0
1805211661.1135674 337 187 1
1805211661.1141253 308 155 1
1805211661.1146832 304 155 0
1805211661.115241 311 157 1
1805211661.115799 343 208 1
1805211661.1163568 340 197 0
1805211661.1169147 336 197 0
1805211661.1174726 342 204 1
1805211661.1180305 323 225 1
1805211661.1185884 349 225 0
1805211661.126399 324 94 1
1805211661.126957 322 94 0
1805211661.1275148 332 94 0
1805211661.1280727 328 92 1
1805211661.1286306 330 92 0
1805211661.1291885 341 102 1
1805211661.5515184 324 98 1
1805211661.5520763 338 193 1
1805211661.5526342 337 194 1
1805211661.5531921 349 178 0
1805211661.55375 334 178 1
1805211661.554308 356 150 0
1805211661.5548658 309 150 1
1805211662.0541859 317 88 1
1805211662.0547438 353 127 1
1805211662.0553017 313 122 1
1805211662.0558596 344 122 0
1805211662.0564175 329 97 1
1805211662.0569754 346 105 1
1805211662.058649 343 169 0
1805211662.0597649 344 137 1
1805211662.0603228 314 135 1
1805211662.0608807 339 211 1
1805211662.5847483 312 141 1
1805211662.5853062 348 141 0
1805211662.5869799 337 181 1
1805211662.5875378 340 211 1
1805211662.5880957 336 202 0
1805211662.5886536 335 196 0
1805211662.5892115 313 225 1
1805211663.0293941 328 81 0
1805211663.029952 319 224 1
1805211663.0310678 344 141 1
1805211663.0316257 353 145 1
1805211663.0321836 310 169 1
1805211663.3925867 329 98 1
1805211663.3931446 336 201 0
1805211663.3937025 339 203 1
1805211663.3942604 344 206 1
1805211663.395934 352 151 0
1805211663.396492 335 176 1
1805211663.39705 347 161 0
1805211663.3976078 305 161 0
1805211663.563304 317 90 1
1805211663.5638618 338 190 1
1805211663.5644197 335 190 0
1805211663.5655355 343 204 1
1805211663.5660934 339 212 1
1805211663.645873 348 108 1
1805211663.740158 345 229 0
1805211663.740716 305 154 0
1805211663.7412739 328 154 1
1805211663.7418318 347 189 0
1805211663.8394642 327 103 1
1805211663.840022 342 154 1
1805211663.84058 312 147 1
1805211663.841138 350 147 0
1805211663.8416958 342 207 1
1805211663.8422537 342 209 1
1805211664.1797829 345 126 0
1805211664.1803408 352 123 1
1805211664.1808987 350 146 0
1805211664.1814566 327 153 1
1805211664.1820145 355 141 1
1805211664.1825724 347 226 0
1805211664.8632097 312 126 1
1805211664.8637676 351 118 1
1805211664.8643255 309 153 1
1805211664.8648834 348 153 0
1805211664.8654413 305 153 0
1805211664.8659992 343 207 1
1805211665.70508 343 113 1
1805211665.705638 317 92 1
1805211665.7061958 317 87 1
1805211665.7067537 353 130 1
1805211665.7073116 317 130 0
1805211665.7084274 335 182 1
1805211666.6328669 335 175 1
1805211666.6334248 323 175 0
1805211666.6345406 355 151 0
1805211666.6350985 354 131 1
1805211666.6356564 347 227 0
1805211666.6362143 321 221 1
1805211667.5891066 345 181 1
1805211667.5896645 350 181 0
1805211667.5902224 336 180 1
1805211667.5907803 336 178 1
1805211667.5913382 336 185 1
1805211667.592454 348 172 0
1805211667.5930119 355 145 1
1805211667.5935698 312 137 1
1805211667.5946856 335 192 0
1805211667.5952435 343 206 1
1805211668.6100626 353 124 1
1805211668.6106205 318 222 1
1805211668.6111784 340 210 1
1805211668.6117363 343 201 1
1805211668.6122942 336 190 0
1805211668.61341 315 129 1
1805211670.8977675 342 197 0
1805211670.8984134 339 197 0
1805211670.8990593 334 197 0
1805211670.8997052 343 196 0
1805211670.900351 343 203 1
1805211670.900997 341 211 1
1805211670.9016428 310 223 1
1805211670.9022887 336 189 0
1805211671.9912355 355 135 1
1805211671.9918814 315 140 0
1805211671.9925272 356 140 1
1805211671.9931731 339 153 1
1805211671.9944649 341 144 1
1805211671.9957566 330 164 1
1805211671.9964025 305 230 1
1805211671.9970484 336 199 0
1805211671.9976943 334 192 0
1805211671.9983401 337 192 1
1805211672.0002778 353 125 1
1805211672.0009236 345 125 0
1805211672.0015695 329 83 0
1805211672.0022154 330 83 0
1805211673.2100034 337 193 1
1805211673.2106493 337 195 1
1805211673.2112951 343 199 1
1805211673.211941 343 198 1
1805211673.2125869 311 159 1
1805211673.2132328 305 150 0
1805211673.2138786 349 182 0
1805211673.2145245 350 182 0
1805211674.2330709 336 191 0
1805211674.2337167 339 190 1
1805211674.2350085 336 203 0
1805211674.2356544 335 203 0
1805211674.2363002 337 200 0
1805211675.1237338 344 203 1
1805211675.1243796 338 211 1
1805211675.1250255 339 213 1
1805211675.1263173 312 160 1
1805211675.1269631 311 169 1
1805211675.127609 338 185 1
1805211675.128255 349 185 0
1805211675.1289008 348 185 0
1805211675.1295466 348 188 0
1805211675.1301925 346 188 0
1805211675.1308384 311 152 1
1805211675.1314843 343 135 1
1805211675.132776 346 142 1
1805211675.133422 352 117 1
1805211675.6456015 310 160 1
1805211675.6468933 349 181 0
1805211675.6475391 346 141 1
1805211675.648185 347 217 0
1805211675.648831 342 210 1
1805211675.6494768 334 196 0
1805211675.6501226 341 196 0
1805211675.6507685 338 195 1
1805211675.6520603 346 104 1
1805211675.6527061 340 104 0
1805211675.8606782 320 92 1
1805211675.861324 328 91 1
1805211675.86197 310 228 1
1805211675.8626158 342 228 0
1805211675.8632617 343 202 1
1805211675.8639076 347 182 1
1805211676.2449744 343 205 1
1805211676.2456203 343 209 1
1805211676.246912 347 133 0
1805211676.2475579 346 133 0
1805211676.4955742 340 213 1
1805211676.49622 343 210 1
1805211676.4975119 344 207 1
1805211676.4981577 350 207 0
1805211676.4988036 343 200 1
1805211676.5000954 335 179 1
1805211676.5007412 338 183 1
1805211676.6305623 318 87 1
1805211676.631854 335 180 0
1805211676.6325 311 148 1
1805211676.6331458 350 148 0
1805211676.6337917 315 148 0
1805211676.6344376 343 136 1
1805211676.7771761 346 147 1
1805211676.777822 310 150 1
1805211676.778468 337 190 0
1805211676.7791138 297 232 1
1805211676.7797596 338 203 1
1805211676.7804055 342 205 1
1805211676.7810514 342 211 1
1805211676.7816973 336 208 1
1805211676.923144 329 94 1
1805211676.9244359 341 209 1
1805211676.9257276 342 144 1
1805211677.0781543 319 94 1
1805211677.0788002 341 210 1
1805211677.079446 345 179 1
1805211677.3390882 322 93 0
1805211677.339734 332 93 0
1805211677.34038 318 86 1
1805211677.704654 345 104 1
1805211677.7052999 335 191 0
1805211677.7059457 334 179 1
1805211677.7065916 339 205 1
1805211678.0921795 318 89 1
1805211678.0928254 351 125 1
1805211678.5746489 324 95 1
1805211678.5752947 343 102 1
1805211678.5759406 344 202 1
1805211678.5765865 308 229 1
1805211678.5772324 343 134 1
1805211678.5778782 346 148 1
1805211680.153212 314 126 1
1805211680.15366 342 208 1
1805211680.154108 344 205 1
1805211680.154556 355 144 1
1805211680.155004 349 147 0
1805211680.1559 339 187 1
1805211680.5774572 318 91 1
1805211680.5779052 331 91 0
1805211680.5783532 332 91 0
1805211680.5788012 323 91 0
1805211680.5792491 322 91 0
1805211680.5796971 321 90 1
1805211680.5801451 336 177 1
1805211680.581041 342 200 1
1805211680.581489 342 201 1
1805211680.581937 334 194 0
1805211681.0577009 339 208 1
1805211681.0581489 309 164 1
1805211681.0585968 333 93 0
1805211681.0590448 320 93 1
1805211681.0594928 318 88 1
1805211681.5437684 348 139 0
1805211681.5446644 314 143 0
1805211681.5455604 349 183 0
1805211681.5460083 337 185 1
1805211681.5469043 349 170 0
1805211681.5473523 338 162 1
1805211681.5478003 312 164 1
1805211681.5482483 340 211 1
1805211681.5486963 338 193 1
1805211682.0791147 345 123 0
1805211682.0795627 327 92 1
1805211682.0804586 342 196 0
1805211682.0809066 347 159 0
1805211682.0813546 345 145 1
1805211682.6243167 319 99 0
1805211682.6247647 320 99 0
1805211682.6252127 331 99 0
1805211682.6256607 349 113 1
1805211682.6265566 338 192 1
1805211682.6270046 335 192 0
1805211683.1829584 343 194 0
1805211683.1834064 345 194 0
1805211683.1838543 343 138 1
1805211683.7483199 337 191 1
1805211683.7487679 345 191 0
1805211683.7492158 338 178 1
1805211683.7501118 356 141 1
1805211683.7505598 343 207 1
1805211683.7510078 343 206 1
1805211683.7514558 339 211 1
1805211683.7519038 339 210 1
1805211684.214676 341 211 1
1805211684.2155719 344 152 1
1805211684.2160199 348 158 0
1805211684.8911386 305 149 0
1805211684.8915865 331 89 0
1805211685.3270314 342 209 1
1805211685.5299702 346 139 1
1805211685.5304182 307 165 1
1805211685.8941848 342 210 1
1805211685.8946328 344 193 0
1805211685.8950808 316 150 0
1805211686.1898572 344 208 1
1805211686.4958334 341 150 1
1805211686.4962814 355 136 1
1805211686.4967294 343 208 1
1805211686.4971774 342 203 1
1805211686.7404351 343 204 1
1805211686.740883 329 84 0
1805211686.741331 324 84 0
1805211686.741779 352 121 1
1805211687.0647788 335 175 1
1805211687.0652268 342 145 1
1805211687.0656748 341 212 1
1805211687.0661228 338 194 1
1805211687.293253 346 143 1
1805211687.293701 348 143 0
1805211687.294597 340 196 0
1805211687.295045 343 196 0
1805211687.2963889 330 85 0
1805211687.5848935 337 201 0
1805211687.5853415 344 201 1
1805211687.5857894 337 182 1
1805211687.5880294 318 92 1
1805211687.7927601 344 195 0
1805211687.7932081 337 194 1
1805211688.0010748 349 140 0
1805211688.0015228 354 130 1
1805211688.4656389 340 212 1
1805211688.6658897 349 179 0
1805211688.6667857 341 197 0
1805211688.6672337 336 202 0
1805211688.8656926 335 202 0
1805211688.8661406 344 151 1
1805211690.1432614 328 82 0
1805211690.1437843 327 82 0
1805211690.1443071 323 84 0
1805211690.3544936 298 230 1
1805211690.695916 339 193 1
1805211690.9505448 352 132 1
1805211690.9704132 338 184 1
1805211690.970936 349 184 0
1805211690.9881902 345 192 0
1805211690.9939415 312 167 1
1805211690.996033 337 193 1
1805211691.0049214 335 174 1
1805211691.009627 338 188 1
1805211691.0143328 355 148 1
1805211691.0159013 322 222 1
1805211691.0232213 338 182 1
1805211691.0394297 356 158 1
1805211691.0477953 311 156 1
1805211691.097989 336 200 0
1805211691.098512 335 200 0
1805211691.0990348 343 201 1
1805211691.0995576 297 233 1
1805211691.1429543 311 168 1
1805211691.1434772 349 168 0
1805211691.7499855 346 228 0
1805211691.7505083 354 158 1
1805211691.7510312 356 147 1
1805211691.751554 353 133 1
1805211691.7520769 336 176 1
1805211691.7525997 333 162 1
1805211692.4987094 346 187 0
1805211692.4992323 336 191 0
1805211692.4997551 348 137 0
1805211692.500278 343 155 1
1805211692.5008008 349 155 0
1805211692.5013237 335 193 0
1805211692.5018466 343 193 0
1805211692.5023694 295 229 1
1805211693.4565742 348 189 0
1805211693.457097 347 188 0
1805211693.45762 339 191 1
1805211693.4581428 337 181 1
1805211693.4586656 342 181 0
1805211693.4591885 336 179 1
1805211693.4597113 308 167 1
1805211693.4602342 348 167 0
1805211693.460757 336 175 1
1805211693.4612799 357 154 1
1805211693.4618027 355 149 1
1805211693.4623256 344 200 1
1805211693.4628484 342 197 0
1805211694.4259417 327 91 1
1805211694.4264646 351 119 1
1805211694.4269874 331 96 0
1805211694.4275103 343 148 1
1805211694.428033 305 148 0
1805211694.428556 311 147 1
1805211694.4290788 356 138 1
1805211694.4296017 340 187 1
1805211694.4301245 340 201 1
1805211694.4306474 336 201 0
1805211694.4311702 344 192 0
1805211694.431693 339 192 1
1805211694.432216 342 211 1
1805211694.4327388 343 209 1
1805211695.4376602 350 115 1
1805211695.438183 351 114 1
1805211695.438706 317 127 0
1805211695.4392288 345 127 0
1805211695.4397516 331 93 0
1805211695.4402745 331 95 0
1805211695.4407973 322 95 0
1805211695.4413202 332 95 0
1805211695.441843 343 230 0
1805211695.442366 335 195 0
1805211695.4428887 341 195 0
1805211695.4434116 343 195 0
1805211695.4439344 341 208 1
1805211695.4444573 312 150 1
1805211695.4449801 334 176 1
1805211695.445503 338 189 1
1805211696.243375 343 205 1
1805211696.243898 340 204 1
1805211696.2444208 338 196 1
1805211696.2449436 341 211 1
1805211696.2459893 324 170 0
1805211696.2465122 348 170 0
1805211696.247035 352 125 1
1805211696.2475579 317 125 0
1805211697.1395433 319 85 1
1805211697.1400661 343 106 0
1805211697.140589 344 106 0
1805211697.1411119 339 185 1
1805211697.1416347 338 186 1
1805211697.1421576 348 186 0
1805211697.1432033 335 190 0
1805211697.143726 336 190 0
1805211697.1447718 304 140 0
1805211697.1452947 321 140 0
1805211697.1458175 347 140 0
1805211697.1463404 348 140 0
1805211697.1468632 349 143 0
1805211697.147386 338 148 1
1805211697.147909 343 202 1
1805211697.1484318 359 202 0
1805211697.1489546 361 202 0
1805211698.030483 345 140 1
1805211698.0310059 337 186 1
1805211698.0315287 337 192 1
1805211698.0320516 319 91 1
1805211698.0330973 331 87 0
1805211698.03362 341 122 1
1805211698.034143 332 103 0
1805211700.0138817 347 135 0
1805211700.01446 346 135 0
1805211700.0150385 338 187 1
1805211700.015617 338 183 1
1805211700.0161953 341 210 1
1805211700.0167737 341 101 1
1805211701.060792 342 210 1
1805211701.0613704 340 203 1
1805211701.0619488 349 151 0
1805211701.0631056 314 144 0
1805211701.063684 346 130 0
1805211701.0642624 347 137 0
1805211701.0659976 334 190 0
1805211702.0394506 343 210 1
1805211702.0406075 351 156 0
1805211702.0411859 348 156 0
1805211702.0423427 355 146 0
1805211702.042921 349 146 0
1805211702.0434995 344 148 1
1805211702.0440779 304 148 0
1805211702.0446563 348 136 0
1805211702.0452347 337 179 1
1805211703.0325694 338 191 1
1805211703.0331478 335 176 1
1805211703.0337262 349 176 0
1805211703.034883 311 150 1
1805211703.0354614 339 212 1
1805211703.0360398 350 220 0
1805211703.0366182 338 193 1
1805211703.0371966 342 196 0
1805211703.037775 342 202 1
1805211703.0383534 344 204 1
1805211703.0389318 343 207 1
1805211703.0424023 317 89 1
1805211703.8226686 348 184 0
1805211703.823247 341 212 1
1805211703.8238254 342 211 1
1805211703.8244038 344 216 0
1805211703.8249822 343 203 1
1805211703.8255606 296 233 1
1805211703.826139 345 228 0
1805211703.8301878 318 90 1
1805211703.8307662 330 90 0
1805211704.0696468 318 91 1
1805211704.0702252 330 91 0
1805211704.0708036 326 81 0
1805211704.074274 353 150 1
1805211704.0748525 343 151 1
1805211704.0754309 340 211 1
1805211704.0760093 342 209 1
1805211704.2697744 349 152 0
1805211704.3432317 354 136 1
1805211704.34381 305 136 0
1805211704.3443885 347 136 0
1805211704.4056993 329 93 1
1805211704.4062777 304 143 0
1805211704.4502363 349 112 1
1805211704.4508147 327 83 0
1805211704.4513931 328 83 0
1805211704.4537067 354 150 1
1805211704.5410457 335 192 0
1805211704.5664954 344 209 1
1805211704.5867395 349 153 0
1805211704.587318 304 153 0
1805211704.6497855 342 207 1
1805211704.680441 336 102 0
1805211704.689117 344 150 1
1805211704.78224 332 92 0
1805211704.7828183 352 122 1
1805211704.8221498 320 88 1
1805211704.8747845 345 193 0
1805211704.8753629 349 187 0
1805211704.8759413 348 187 0
1805211705.1495261 339 188 1
1805211705.1501045 345 129 0
1805211705.4213758 343 199 1
1805211705.4219542 335 199 0
1805211705.4236894 327 104 1
1805211705.9286356 343 206 1
1805211705.929214 313 139 1
1805211706.6562672 328 92 1
1805211706.6568456 336 178 1
1805211706.6580024 356 149 1
1805211706.6591592 341 198 0
1805211706.6597376 342 199 1
1805211706.660316 344 205 1
1805211706.6608944 341 200 1
1805211707.5296564 350 113 1
1805211707.5302348 337 190 0
1805211707.5308132 345 190 0
1805211707.5313916 353 129 1
1805211707.53197 344 130 1
1805211707.5325484 344 199 1
1805211707.5331268 341 209 1
1805211708.3006682 314 125 1
1805211708.3012466 312 107 0
1805211708.301825 347 107 1
1805211708.3024035 330 97 0
1805211708.3029819 346 219 0
1805211708.3035603 334 175 1
1805211710.0160198 338 149 1
1805211710.0164528 303 149 0
1805211710.0168858 317 148 0
1805211710.0177517 347 167 0
1805211710.0181847 313 160 1
1805211710.0186176 295 233 1
1805211710.0190506 343 204 1
1805211710.6178455 331 85 0
1805211710.6182785 340 212 1
1805211710.6187115 336 202 0
1805211710.6191444 337 202 0
1805211710.6195774 341 194 0
1805211710.6200104 338 194 1
1805211710.6204433 344 194 0
1805211710.6208763 335 194 0
1805211710.6217422 346 179 1
1805211710.6221752 353 128 1
1805211710.6230412 347 155 0
1805211711.3002033 317 88 1
1805211711.3006363 346 180 1
1805211711.3010693 338 181 1
1805211711.3015022 339 186 1
1805211711.3019352 309 149 1
1805211711.3028011 300 231 1
1805211711.303234 316 226 1
1805211711.931038 341 211 1
1805211711.9314709 343 208 1
1805211711.9319038 340 209 1
1805211711.9323368 334 193 0
1805211711.9327698 336 203 0
1805211711.9332027 355 138 1
1805211711.9336357 315 138 0
1805211711.9340687 356 139 1
1805211711.9345016 345 143 1
1805211712.4783096 315 121 0
1805211712.4791756 343 209 1
1805211712.4796085 339 203 1
1805211712.4800415 344 207 1
1805211712.4804745 334 195 0
1805211712.4809074 344 195 0
1805211712.4813404 296 228 1
1805211712.4817734 312 146 1
1805211712.4822063 315 146 0
1805211712.4830723 356 148 1
1805211712.4835052 356 142 1
1805211712.4839382 305 142 0
1805211712.4843712 348 142 0
1805211712.4848042 346 191 0
1805211712.4852371 335 191 0
1805211712.48567 336 191 0
1805211712.486103 330 160 1
1805211713.0325089 346 217 0
1805211713.0329418 354 143 1
1805211713.0333748 311 153 1
1805211713.0338078 342 106 0
1805211713.0342407 337 102 0
1805211713.0346737 328 84 0
1805211713.0351067 330 84 0
1805211713.0355396 330 87 0
1805211713.0359726 323 83 0
1805211713.0364056 329 83 0
1805211713.5815125 347 108 1
1805211713.5823784 339 206 1
1805211713.5828114 344 208 1
1805211713.5832443 310 168 1
1805211713.5841103 349 144 0
1805211713.5845432 348 144 0
1805211713.5849762 312 143 1
1805211714.1270523 338 192 1
1805211714.1274853 334 192 0
1805211714.1279182 338 206 1
1805211714.1287842 355 150 1
1805211714.12965 334 164 1
1805211714.6717262 324 97 1
1805211714.6721592 333 101 0
1805211714.6725922 344 120 0
1805211714.6730251 333 94 0
1805211714.673458 331 94 0
1805211714.673891 337 194 1
1805211715.0999317 348 110 1
1805211715.1003647 331 88 0
1805211715.1007977 344 174 1
1805211715.1012306 332 158 1
1805211715.1016636 305 158 0
1805211715.1020966 342 212 1
1805211715.5121174 342 208 1
1805211715.5129833 348 169 0
1805211715.5134163 354 124 1
1805211715.6775112 326 83 0
1805211716.0108967 331 98 0
1805211716.0113297 338 182 1
1805211716.4395351 344 190 1
1805211716.439968 346 190 0
1805211716.440401 342 126 1
1805211716.5607662 335 203 0
1805211716.5611992 348 109 1
1805211716.779848 343 200 1
1805211716.780281 337 200 0
1805211716.8577824 349 175 0
1805211717.203291 333 92 0
1805211717.203724 331 92 0
1805211717.2041569 323 92 0
1805211717.434929 356 154 1
1805211717.4357948 336 181 1
1805211717.4362278 348 164 0
1805211717.4366608 341 202 1
1805211717.4370937 341 212 1
1805211717.6553097 348 111 1
1805211717.6561756 342 211 1
1805211717.6566086 306 131 0
1805211717.8297958 337 201 0
1805211717.8302288 344 206 1
1805211718.0943394 342 210 1
1805211718.0947723 312 224 1
1805211718.0952053 356 146 1
1805211718.0956383 345 142 1
1805211718.0960712 347 134 0
1805211718.3662434 340 197 0
1805211718.3666763 343 197 0
1805211718.3671093 342 197 0
1805211718.3675423 354 149 1
1805211718.5723362 342 209 1
1805211718.5727692 341 213 1
1805211718.5732021 318 85 1
1805211718.573635 317 86 1
1805211718.7857895 343 201 1
1805211718.7862225 338 212 1
1805211720.00954 315 141 0
1805211720.01007 347 141 0
1805211720.0106 306 132 0
1805211720.2724223 317 91 1
1805211720.2729523 325 91 0
1805211720.2734823 310 164 1
1805211720.2740123 309 156 1
1805211720.4255936 343 210 1
1805211720.4261236 348 155 0
1805211720.5522647 355 156 1
1805211720.5660448 356 136 1
1805211720.5665748 331 160 1
1805211720.5702848 333 183 0
1805211720.5724049 337 193 1
1805211720.580885 335 193 0
1805211720.585655 352 124 1
1805211720.586715 312 148 1
1805211720.587775 316 127 0
1805211720.595195 339 204 1
1805211720.6068552 313 127 1
1805211720.6460755 355 154 1
1805211720.6778758 336 104 0
1805211720.6784058 332 104 0
1805211720.7504864 326 84 0
1805211720.9073677 341 210 1
1805211720.9078977 338 195 1
1805211720.9100177 345 138 1
1805211720.9105477 347 138 0
1805211721.3827817 349 171 0
1805211721.3833117 336 177 1
1805211721.3838418 337 178 1
1805211721.3843718 355 139 1
1805211721.3849018 310 153 1
1805211721.3854318 340 210 1
1805211721.3859618 344 197 1
1805211722.3198297 329 92 1
1805211722.3203597 322 94 0
1805211722.3208897 332 94 0
1805211722.3214197 328 90 1
1805211722.3219497 331 90 0
1805211722.3224797 310 155 1
1805211722.3230097 337 180 1
1805211722.3235397 331 164 1
1805211722.3240697 340 205 1
1805211722.3245997 343 209 1
1805211723.3416784 317 90 1
1805211723.3427384 345 177 1
1805211723.3432684 343 196 0
1805211723.3437984 340 206 1
1805211724.4377277 324 88 1
1805211724.4382577 332 88 0
1805211724.4387877 330 95 1
1805211724.4393177 329 81 0
1805211724.4398477 338 102 0
1805211724.4403777 311 154 1
1805211724.4409077 348 154 0
1805211724.4414377 315 131 1
1805211725.3869658 331 97 0
1805211725.3874958 318 90 1
1805211725.3880258 331 89 0
1805211725.3885558 338 188 1
1805211725.3890858 338 184 1
1805211725.3906758 329 159 1
1805211725.3912058 344 198 1
1805211726.346274 342 124 1
1805211726.347334 335 202 0
1805211726.347864 341 204 1
1805211726.348394 336 204 0
1805211726.348924 338 193 1
1805211726.349454 341 211 1
1805211726.349984 344 209 1
1805211726.350514 316 147 0
1805211726.351044 353 147 1
1805211726.351574 350 147 0
1805211726.352104 350 150 0
1805211726.352634 335 177 1
1805211727.2419815 329 85 0
1805211727.2425115 343 202 1
1805211727.2430415 345 195 0
1805211727.2435715 355 135 1
1805211727.2441015 355 134 1
1805211727.2446315 350 146 0
1805211727.2451615 339 189 1
1805211727.2456915 347 189 0
1805211727.2467515 334 174 1
1805211728.112779 350 114 1
1805211728.113309 328 91 1
1805211728.113839 343 211 1
1805211728.114369 338 215 1
1805211728.114899 347 215 0
1805211728.115429 345 215 0
1805211728.115959 335 192 0
1805211728.117019 336 190 0
1805211728.117549 347 190 0
1805211728.118079 350 176 0
1805211728.118609 348 162 0
1805211728.119139 350 145 0
1805211728.8579652 342 211 1
1805211728.8584952 306 160 0
1805211728.8595552 347 160 0
1805211728.8600852 332 87 0
1805211730.7785678 327 155 1
1805211730.779214 344 159 1
1805211730.77986 356 149 1
1805211730.7805061 316 149 0
1805211730.7811522 337 176 1
1805211730.7817984 348 225 0
1805211730.7824445 318 86 1
1805211730.7837367 319 98 0
1805211731.3587785 340 211 1
1805211731.3594246 340 212 1
1805211731.3600707 337 192 1
1805211731.3607168 345 192 0
1805211731.361363 355 145 1
1805211731.362009 349 145 0
1805211731.3626552 305 145 0
1805211731.3633013 346 148 1
1805211731.3639474 350 148 0
1805211731.3645935 356 150 1
1805211731.3652396 334 191 0
1805211731.3658857 337 191 0
1805211731.7128491 330 88 0
1805211731.7141414 355 158 1
1805211731.7147875 313 165 1
1805211731.9196057 325 83 0
1805211732.0811343 349 184 0
1805211732.0817804 349 142 0
1805211732.1780515 353 159 1
1805211732.1786976 337 195 1
1805211732.1793437 343 195 0
1805211732.1799898 316 124 0
1805211732.2362018 344 205 1
1805211732.2368479 335 205 0
1805211732.271738 327 85 0
1805211732.2730303 315 122 0
1805211732.2736764 345 122 0
1805211732.2743225 328 98 1
1805211732.2749686 339 187 1
1805211732.2756147 336 191 0
1805211732.30469 309 168 1
1805211732.3085666 335 197 0
1805211732.3092127 337 203 0
1805211732.3260117 346 142 1
1805211732.333119 338 189 1
1805211732.3628402 344 196 0
1805211732.3815775 335 204 0
1805211732.400961 340 213 1
1805211732.4080682 332 90 0
1805211732.4416661 344 207 1
1805211732.4532962 304 146 0
1805211732.4552345 337 202 0
1805211732.5127387 346 127 0
1805211732.5166154 357 147 1
1805211732.5347066 336 203 0
1805211732.5851035 353 126 1
1805211732.5857496 342 212 1
1805211732.8273964 329 100 1
1805211732.8280425 343 210 1
1805211732.8286886 347 187 0
1805211733.1233168 351 118 1
1805211733.1239629 336 198 0
1805211734.074397 332 89 0
1805211734.0750432 331 84 0
1805211734.8271203 343 208 1
1805211734.8284125 348 161 0
1805211734.8290586 338 191 1
1805211734.8297048 347 191 0
1805211734.8303509 350 149 0
1805211735.5863047 340 190 1
1805211735.5869508 357 156 1
1805211735.587597 344 202 1
1805211735.588243 336 201 0
1805211735.5888891 337 201 0
1805211735.5895352 342 210 1
1805211735.5901814 341 212 1
1805211735.5921197 332 95 0
1805211736.344843 345 192 0
1805211736.345489 336 192 0
1805211736.3467813 343 144 1
1805211736.3474274 356 153 1
1805211736.3480735 348 153 0
1805211736.3487196 337 183 1
1805211737.0659065 335 127 1
1805211737.0665526 343 211 1
1805211737.0671988 344 208 1
1805211737.0678449 346 223 0
1805211737.068491 351 223 0
1805211737.069137 350 223 0
1805211737.0697832 347 143 1
1805211737.0704293 335 174 1
1805211737.9633594 313 121 1
1805211737.9640055 340 202 1
1805211737.9646516 336 202 0
1805211737.9652977 341 203 1
1805211737.9659438 343 207 1
1805211738.7710023 331 91 0
1805211738.7716484 305 152 0
1805211738.7722945 353 143 1
1805211738.7729406 351 161 1
1805211738.7735868 312 166 1
1805211738.7742329 341 197 0
1805211738.774879 340 198 0
1805211738.775525 344 203 1
1805211738.7761712 344 213 0
1805211740.4693608 331 88 0
1805211740.4699156 343 125 1
1805211740.4704704 342 102 1
1805211740.4710252 339 192 1
1805211741.034702 344 170 1
1805211741.0352569 343 171 1
1805211741.0358117 326 157 1
1805211741.0369213 355 133 0
1805211741.037476 335 196 0
1805211741.0380309 342 211 1
1805211741.5667553 312 163 0
1805211741.56731 355 137 1
1805211741.567865 339 211 1
1805211741.5684197 346 229 0
1805211742.1481857 355 152 1
1805211742.1487405 356 140 1
1805211742.1492953 343 209 1
1805211742.1498501 335 198 0
1805211742.7002118 328 103 1
1805211742.7013214 345 144 1
1805211742.7018762 305 139 0
1805211742.702431 348 139 0
1805211742.7040954 346 132 0
1805211742.705205 350 160 0
1805211742.7057598 348 160 0
1805211743.2050798 345 206 1
1805211743.2056346 344 205 1
1805211743.2061894 341 201 1
1805211743.2067442 343 194 0
1805211743.207299 338 194 1
1805211743.2078538 334 194 0
1805211743.2084086 345 194 0
1805211743.2089634 338 187 1
1805211743.210073 335 173 1
1805211743.8164694 344 206 1
1805211743.8170242 344 200 1
1805211743.817579 342 209 1
1805211743.8181338 349 182 0
1805211743.8186886 329 84 0
1805211744.3551803 343 112 1
1805211744.355735 353 137 1
1805211744.3562899 335 178 1
1805211744.3568447 338 193 1
1805211744.3573995 344 193 0
1805211744.3579543 346 193 0
1805211745.1901543 330 86 0
1805211745.190709 315 105 0
1805211745.191264 339 191 1
1805211745.1918187 335 191 0
1805211745.5529935 344 204 1
1805211745.5535483 341 211 1
1805211745.5541031 344 210 1
1805211745.554658 347 106 1
1805211745.8159688 355 153 1
1805211745.8165236 335 195 0
1805211745.8170784 344 195 0
1805211745.97908 342 202 1
1805211745.9796348 343 203 1
1805211745.9801896 315 143 0
1805211745.9807444 349 143 0
1805211745.981854 336 177 1
1805211746.0384436 318 94 1
1805211746.0778344 335 175 1
1805211746.0783892 340 185 1
1805211746.078944 348 185 0
1805211746.1238828 356 137 1
1805211746.1244376 314 134 1
1805211746.223192 344 201 1
1805211746.2237468 340 101 1
1805211746.6265316 349 173 0
1805211746.6764636 344 209 1
1805211746.7103064 309 169 1
1805211746.7108612 327 169 0
1805211746.711416 345 148 1
1805211746.7119708 328 159 1
1805211747.1458244 345 189 0
1805211747.1463792 346 189 0
1805211747.146934 341 198 0
1805211747.1474888 343 210 1
1805211747.4099092 342 200 1
1805211747.410464 336 200 0
1805211747.4110188 345 207 1
1805211747.4115736 345 145 1
1805211747.4121284 349 109 1
1805211747.6762133 316 87 1
1805211747.6773229 337 156 1
1805211747.6778777 305 156 0
1805211747.6784325 356 155 1
1805211747.679542 343 201 1
1805211747.9108937 348 141 0
