3570231169.125 301 146 1
3570231169.25 298 171 1
3570231169.375 280 131 0
3570231169.875 299 172 1
3570231170.0 278 84 1
3570231170.25 289 121 0
3570231171.25 270 138 0
3570231172.125 274 137 1
3570231172.375 294 129 1
3570231172.5 298 170 1
3570231172.875 298 133 1
3570231173.125 298 172 1
3570231173.25 286 137 0
3570231173.625 297 176 1
3570231173.75 278 100 0
3570231174.375 274 141 1
3570231174.875 293 116 1
3570231176.613635 273 135 1
3570231176.9204526 302 147 1
3570231177.022725 270 133 0
3570231177.431815 295 176 1
3570231178.6590853 299 137 1
3570231179.0681753 284 93 1
3570231179.2727203 278 93 0
3570231180.397718 291 122 0
3570231180.4999905 298 103 0
3570231181.215898 298 141 1
3570231181.5227156 275 88 1
3570231182.238623 295 112 1
3570231183.056803 269 137 0
3570231183.2613482 299 171 1
3570231183.568166 279 82 0
3570231184.795436 282 98 0
3570231186.2347827 292 130 1
3570231186.3130436 287 96 0
3570231186.3913045 297 173 1
3570231187.0173917 297 163 1
3570231187.486957 282 92 0
3570231187.643479 300 146 1
3570231187.72174 297 118 1
3570231188.0347834 281 146 0
3570231188.191305 273 143 1
3570231188.7391315 298 173 1
3570231189.130436 293 130 1
3570231189.6000013 296 97 0
3570231189.678262 301 145 1
3570231189.991306 287 131 1
3570231190.695654 272 127 1
3570231190.8521757 297 175 1
3570231191.0869584 300 144 1
3570231191.1652193 287 156 1
3570231191.321741 300 176 1
3570231191.400002 291 130 1
3570231191.6347847 307 180 1
3570231191.7130456 298 113 1
3570231191.7913065 297 135 1
3570231192.182611 272 140 1
3570231192.260872 269 140 0
3570231192.339133 295 131 1
3570231193.121742 295 108 0
3570231193.669568 297 169 0
3570231193.9826117 277 81 0
3570231194.530438 299 169 1
3570231194.608699 288 118 0
3570231196.0 283 94 0
3570231196.6176476 297 174 1
3570231196.705883 299 173 1
3570231196.7941184 296 174 1
3570231197.676472 285 88 1
3570231197.9411783 287 123 0
3570231198.0294137 258 180 0
3570231198.2058845 277 96 1
3570231198.29412 288 122 0
3570231198.4705906 298 172 1
3570231199.1764736 295 156 1
3570231199.264709 291 135 0
3570231199.4411798 286 93 0
3570231199.529415 295 175 1
3570231199.6176505 298 174 1
3570231199.970592 280 94 0
3570231200.235298 298 171 1
3570231200.7647104 299 134 1
3570231201.647064 274 136 1
3570231201.7352996 299 132 1
3570231202.4411826 271 120 1
3570231202.794124 293 155 1
3570231203.235301 290 116 1
3570231203.5882425 296 175 1
3570231204.20589 297 145 1
3570231204.647067 295 122 0
3570231206.5094337 297 140 1
3570231206.8490562 299 161 1
3570231207.4433956 294 120 1
3570231207.613207 289 124 0
3570231208.292452 296 121 0
3570231208.462263 291 148 1
3570231209.141508 293 140 1
3570231209.7358475 294 155 1
3570231209.9905643 298 173 1
3570231210.4150925 300 112 1
3570231210.8396206 293 109 1
3570231212.8773556 289 159 0
3570231213.471695 296 170 0
3570231214.2358456 292 122 1
3570231214.4905624 299 112 1
3570231217.206185 299 172 1
3570231217.7628856 295 174 1
3570231218.1340194 298 147 1
3570231218.7835035 299 175 1
3570231219.061854 302 150 1
3570231220.082472 274 139 1
3570231220.1752553 299 170 1
3570231220.2680387 298 174 1
3570231220.4536057 302 110 0
3570231221.1958733 280 126 0
3570231221.2886567 274 140 1
3570231221.938141 283 100 1
3570231222.4948416 271 134 0
3570231223.0515423 297 175 1
3570231223.1443257 296 109 0
3570231223.608243 274 138 1
3570231223.979377 269 135 0
3570231224.1649437 283 81 0
3570231224.443294 274 135 1
3570231224.5360775 279 132 0
3570231224.814428 295 129 1
3570231226.0 280 132 0
3570231226.104651 287 159 0
3570231227.3604627 292 167 0
3570231228.6162744 298 169 0
3570231229.662784 298 116 0
3570231230.395341 297 174 1
3570231231.1278977 299 131 1
3570231232.4883604 300 106 0
3570231232.8023133 281 80 0
3570231233.220917 292 149 1
3570231234.476729 300 135 1
3570231234.686031 298 175 1
3570231234.895333 298 138 1
3570231236.293478 285 97 0
3570231236.48913 304 179 1
3570231237.076086 296 120 0
3570231237.369564 278 92 0
3570231238.44565 294 166 0
3570231238.739128 299 171 1
3570231238.93478 298 173 1
3570231239.42391 274 141 1
3570231239.717388 297 128 1
3570231239.815214 288 178 0
3570231241.38043 288 121 0
3570231241.771734 282 139 0
3570231241.8695602 298 131 1
3570231241.9673862 289 120 0
3570231242.4565163 298 132 1
3570231243.4347763 298 172 1
3570231244.3152103 298 130 1
3570231244.4130363 289 148 1
3570231244.9021664 281 132 0
3570231246.2250004 298 163 1
3570231246.675001 272 139 1
3570231246.7875013 295 175 1
3570231248.0250034 296 174 1
3570231248.362504 293 120 1
3570231249.600006 284 141 0
3570231249.9375067 296 123 0
3570231250.162507 296 175 1
3570231250.2750072 296 176 1
3570231250.725008 272 122 1
3570231251.0625086 298 143 1
3570231251.287509 290 147 1
3570231251.7375097 289 164 0
3570231252.6375113 298 174 1
3570231252.7500114 276 90 1
3570231252.8625116 295 96 0
3570231252.975012 290 107 1
3570231253.4250126 280 80 0
3570231253.650013 280 97 0
3570231253.8750134 294 175 1
3570231254.212514 294 119 1
3570231254.325014 302 111 0
3570231256.0 297 175 1
3570231256.090909 287 142 0
3570231256.272727 284 97 0
3570231256.363636 269 182 0
3570231256.545454 299 174 1
3570231256.636363 281 139 0
3570231256.90909 277 82 0
3570231257.545453 297 170 0
3570231258.272725 274 137 1
3570231258.818179 273 134 1
3570231258.909088 295 117 1
3570231258.999997 280 89 0
3570231259.727269 298 173 1
3570231260.272723 271 113 1
3570231260.818177 298 176 1
3570231260.909086 300 107 0
3570231261.3636312 291 149 1
3570231261.4545403 297 174 1
3570231262.9090843 283 84 1
3570231262.9999933 296 126 1
3570231263.0909023 292 125 0
3570231263.3636293 299 172 1
3570231263.9090834 283 82 0
3570231263.9999924 284 100 1
3570231264.1818104 290 148 1
3570231264.2727194 298 129 1
3570231264.4545374 296 164 1
3570231264.5454464 296 129 1
3570231266.661764 293 167 0
3570231267.588234 278 133 0
3570231267.8529396 291 150 1
3570231268.5147038 298 171 1
3570231268.7794094 298 175 1
3570231269.176468 272 130 1
3570231269.5735264 300 140 1
3570231269.705879 293 165 0
3570231269.970585 299 136 1
3570231270.2352905 283 86 1
3570231270.3676434 276 132 0
3570231270.764702 299 173 1
3570231271.1617603 297 173 1
3570231271.294113 284 147 0
3570231272.08823 279 93 0
3570231272.352936 297 127 1
3570231272.7499943 300 138 1
3570231272.882347 295 157 1
3570231273.0147 299 176 1
3570231273.5441113 299 152 1
3570231273.808817 272 118 1
3570231274.7352867 298 174 1
3570231274.8676395 271 119 1
3570231276.369863 284 86 1
3570231276.4931507 295 176 1
3570231276.6164384 278 132 0
3570231277.232877 299 171 1
3570231277.3561645 297 176 1
3570231277.479452 297 131 1
3570231278.8356166 296 175 1
3570231278.9589043 283 85 1
3570231279.452055 295 166 0
3570231279.5753427 271 142 0
3570231279.6986303 299 111 1
3570231280.0684934 273 135 1
3570231280.6849318 290 149 1
3570231280.8082194 298 128 1
3570231281.9178085 282 141 0
3570231282.534247 299 147 1
3570231282.6575346 297 157 1
3570231282.7808223 300 154 1
3570231283.8904114 300 156 1
3570231284.013699 281 84 1
3570231284.2602744 300 143 1
3570231284.383562 275 86 1
3570231284.6301374 297 175 1
3570231284.876713 293 153 1
3570231286.0 281 98 0
3570231286.4821424 298 173 1
3570231286.6428566 298 140 1
3570231287.124999 294 108 0
3570231287.285713 301 142 1
3570231287.4464273 278 81 0
3570231288.4107122 299 135 1
3570231288.5714264 271 118 1
3570231289.374997 293 121 1
3570231289.5357113 289 103 1
3570231289.6964254 285 89 1
3570231290.0178537 274 136 1
3570231290.9821386 290 136 0
3570231291.624995 293 129 1
3570231291.7857094 296 176 1
3570231292.7499943 294 133 1
3570231293.553565 295 107 0
3570231294.839278 276 92 0
3570231296.0 299 141 1
3570231296.132353 298 172 1
3570231296.794117 298 175 1
3570231297.3235283 299 113 1
3570231297.588234 300 109 0
3570231297.9852924 299 174 1
3570231298.5147038 295 154 1
3570231298.6470566 298 146 1
3570231300.2352905 298 174 1
3570231300.3676434 273 136 1
3570231300.499996 282 84 1
3570231301.294113 282 89 1
3570231301.558819 299 172 1
3570231302.352936 299 171 1
3570231302.882347 299 173 1
3570231303.5441113 285 141 0
3570231303.676464 297 152 1
3570231303.808817 301 153 1
3570231304.8676395 297 174 1
3570231306.964285 272 124 1
3570231307.285713 299 168 1
3570231307.6071415 288 119 0
3570231307.7678556 294 130 1
3570231307.92857 298 112 1
3570231308.4107122 296 132 1
3570231308.5714264 286 125 1
3570231309.5357113 283 149 0
3570231309.6964254 298 145 1
3570231310.0178537 297 177 1
3570231310.9821386 293 171 0
3570231311.142853 300 114 1
3570231311.624995 299 177 1
3570231312.428566 285 83 0
3570231313.392851 300 141 1
3570231314.0357075 257 181 0
3570231314.1964216 274 140 1
3570231314.51785 282 132 0
3570231316.1578946 274 141 1
3570231316.315789 298 175 1
3570231317.4210515 297 176 1
3570231317.578946 279 88 0
3570231318.842103 274 138 1
3570231318.9999976 274 139 1
3570231319.631576 281 141 0
3570231320.2631545 297 175 1
3570231321.210522 295 175 1
3570231321.5263114 282 146 0
3570231322.15789 298 158 1
3570231322.947363 293 130 1
3570231323.1052575 299 175 1
3570231323.263152 299 170 1
3570231323.5789413 287 119 0
3570231323.736836 281 138 0
3570231324.21052 295 176 1
3570231324.6842036 296 156 1
3570231324.842098 302 109 0
3570231326.0 298 165 1
3570231326.132353 291 168 0
3570231326.92647 292 131 1
3570231327.0588226 300 112 1
3570231327.1911755 300 113 1
3570231328.5147038 292 166 0
3570231328.7794094 298 134 1
3570231328.911762 295 113 1
3570231329.176468 295 120 0
3570231329.3088207 296 175 1
3570231331.294113 296 154 1
3570231331.6911716 286 92 0
3570231332.6176414 299 172 1
3570231333.2794056 295 143 1
3570231333.9411697 274 97 0
3570231334.0735226 289 161 0
3570231334.2058754 293 170 0
3570231334.338228 259 181 0
3570231334.602934 284 85 1
3570231336.4137936 289 122 0
3570231336.6206903 292 168 0
3570231336.7241387 271 126 1
3570231336.827587 282 145 0
3570231336.9310355 296 176 1
3570231337.034484 295 167 0
3570231337.1379323 294 171 0
3570231337.2413807 298 174 1
3570231337.6551743 280 82 0
3570231338.068968 299 133 1
3570231338.379313 301 154 1
3570231338.4827614 295 163 1
3570231338.58621 275 96 0
3570231338.896555 291 166 0
3570231339.1034517 299 158 1
3570231339.2069 298 176 1
3570231339.3103485 299 174 1
3570231340.1379356 285 142 0
3570231340.241384 298 166 1
3570231340.3448324 300 152 1
3570231340.551729 299 173 1
3570231340.758626 294 170 0
3570231340.8620744 298 175 1
3570231341.3793163 287 120 0
3570231341.6896615 279 92 0
3570231341.8965583 286 153 0
3570231342.2069035 285 150 0
3570231342.4138002 293 106 1
3570231343.137939 282 95 0
3570231343.655181 299 139 1
3570231344.172423 290 121 0
3570231344.482768 298 173 1
3570231346.321429 301 109 0
3570231346.8571434 291 165 0
3570231346.9642863 285 131 1
3570231348.0357156 276 86 0
3570231348.4642873 293 172 0
3570231348.785716 297 175 1
3570231349.000002 288 118 0
3570231349.2142878 300 177 1
3570231349.6428595 299 171 1
3570231349.7500024 286 165 0
3570231350.071431 291 163 0
3570231350.39286 296 179 0
3570231350.500003 269 138 0
3570231350.8214316 298 170 0
3570231351.0357175 289 117 0
3570231351.2500033 299 172 1
3570231351.678575 268 131 0
3570231352.1071467 300 151 1
3570231352.3214326 300 174 1
3570231353.500005 284 136 0
3570231353.7142906 291 151 1
3570231354.0357194 274 142 1
3570231354.464291 301 111 0
3570231354.678577 273 134 1
3570231354.78572 298 177 1
3570231356.86747 293 168 0
3570231357.4096384 285 120 1
3570231357.518072 296 177 1
3570231357.626506 291 167 0
3570231357.7349396 299 151 1
3570231358.277108 301 145 1
3570231358.385542 299 162 1
3570231358.6024094 298 175 1
3570231359.3614454 289 123 0
3570231360.4457827 293 122 1
3570231360.771084 298 176 1
3570231361.421686 284 142 0
3570231361.6385536 297 132 1
3570231361.7469873 296 171 0
3570231361.855421 284 83 0
3570231362.180722 301 108 0
3570231362.5060234 306 180 1
3570231362.8313246 299 174 1
3570231363.048192 297 176 1
3570231363.1566257 274 136 1
3570231364.1325293 298 159 1
3570231366.5999985 294 117 1
3570231366.824998 280 138 0
3570231367.4249964 273 97 0
3570231367.574996 299 173 1
3570231367.7999954 300 171 1
3570231368.4749937 285 84 0
3570231368.5499935 295 129 1
3570231368.699993 278 97 1
3570231369.149992 298 174 1
3570231369.8249903 292 169 0
3570231369.97499 277 133 0
3570231371.849985 298 164 1
3570231372.0749846 301 177 1
3570231372.599983 270 140 0
3570231372.8999825 286 97 0
3570231373.2749815 297 158 1
3570231373.79998 294 153 1
3570231374.0999794 286 179 0
3570231374.249979 296 130 1
3570231374.624978 299 175 1
3570231374.699978 297 154 1
3570231376.9428577 288 123 0
3570231377.285715 298 175 1
3570231377.6285725 298 167 1
3570231377.800001 291 131 1
3570231378.314287 284 101 1
3570231378.4000015 299 172 1
3570231378.742859 294 120 1
3570231379.000002 300 142 1
3570231379.3428593 296 122 0
3570231379.514288 283 98 0
3570231379.6000023 283 139 0
3570231379.9428596 282 85 1
3570231380.285717 296 176 1
3570231380.4571457 294 118 1
3570231380.9714317 301 146 1
3570231381.314289 301 150 1
3570231382.000004 299 174 1
3570231382.257147 290 165 0
3570231382.857147 279 138 0
3570231383.6285763 275 87 1
3570231383.8857193 288 142 0
3570231384.1428623 300 175 1
3570231384.2285767 275 137 1
3570231384.314291 297 175 1
3570231384.571434 301 155 1
3570231386.0857143 294 167 0
3570231386.771429 297 130 1
3570231388.485716 294 129 1
3570231388.742859 294 176 1
3570231389.771431 273 138 1
3570231390.028574 276 93 0
3570231390.1142883 273 133 1
3570231390.6285744 299 142 1
3570231391.4000034 298 168 1
3570231391.485718 292 122 1
3570231392.257147 296 166 0
3570231392.342861 300 173 1
3570231393.285719 296 118 1
3570231393.6285763 291 164 0
3570231393.7142906 298 175 1
3570231393.800005 296 145 1
3570231394.4000053 300 172 1
3570231396.1800003 299 173 1
3570231396.3600006 299 176 1
3570231397.170002 280 102 1
3570231397.260002 292 165 0
3570231397.3500023 274 137 1
3570231397.9800034 299 171 1
3570231398.0700035 299 150 1
3570231398.5200043 297 176 1
3570231398.6100044 297 99 0
3570231398.880005 278 99 0
3570231399.060005 269 136 0
3570231399.1500053 274 135 1
3570231399.3300056 297 177 1
3570231399.600006 293 118 1
3570231399.9600067 299 137 1
3570231400.230007 285 82 0
3570231400.680008 299 174 1
3570231400.9500084 295 111 1
3570231401.1300087 299 175 1
3570231401.310009 280 81 0
3570231401.4900093 298 176 1
3570231402.03001 290 131 1
3570231402.390011 295 121 0
3570231402.6600113 295 118 1
3570231402.7500114 299 172 1
3570231403.020012 276 183 0
3570231403.110012 299 112 1
3570231403.200012 280 124 0
3570231403.650013 294 131 1
3570231404.5500145 276 123 0
3570231404.820015 294 119 1
3570231407.087914 296 129 1
3570231407.483519 290 130 1
3570231407.5824203 282 83 1
3570231408.0769267 305 180 1
3570231409.8571496 294 152 1
3570231410.5494585 296 177 1
3570231410.64836 281 81 0
3570231410.747261 294 171 0
3570231411.6373725 281 142 0
3570231412.0329776 293 121 1
3570231412.23078 292 167 0
3570231413.1208916 275 138 1
3570231413.219793 301 144 1
3570231413.5164967 298 131 1
3570231414.2088056 296 175 1
3570231414.6044106 286 124 1
3570231416.0 270 134 0
3570231416.329268 279 136 0
3570231416.439024 282 142 0
3570231416.987804 289 147 1
3570231417.536584 273 137 1
3570231418.414632 296 120 0
3570231418.524388 299 173 1
3570231418.7439 289 118 0
3570231418.853656 270 116 1
3570231419.182924 271 141 0
3570231419.512192 280 139 0
3570231419.8414598 284 150 0
3570231419.9512157 298 176 1
3570231420.0609717 283 146 0
3570231420.4999957 297 129 1
3570231420.6097517 298 174 1
3570231421.2682877 298 175 1
3570231421.7073116 299 170 0
3570231421.8170676 296 112 1
3570231422.2560916 294 172 0
3570231422.3658476 302 112 0
3570231422.5853596 295 176 1
3570231422.8048716 292 130 1
3570231423.3536515 296 117 1
3570231423.5731635 298 111 1
3570231423.7926755 275 85 1
3570231424.1219435 299 174 1
3570231424.2316995 299 175 1
3570231424.5609674 288 120 0
3570231424.7804794 288 119 0
3570231426.0 278 80 0
3570231426.285714 278 94 0
3570231426.8571424 297 172 0
3570231427.1428566 281 137 0
3570231427.4285707 296 128 1
3570231428.7142844 281 131 0
3570231429.42857 270 137 0
3570231429.714284 274 141 1
3570231429.857141 302 146 1
3570231429.999998 283 81 0
3570231430.142855 290 161 0
3570231430.8571405 296 176 1
3570231431.428569 279 84 1
3570231431.999997 300 174 1
3570231432.2857113 301 143 1
3570231432.8571396 284 128 1
3570231434.5714245 297 176 1
3570231436.105882 300 112 1
3570231436.2117643 286 142 0
3570231436.635293 289 121 0
3570231436.8470573 299 175 1
3570231437.270586 280 133 0
3570231437.5882325 296 121 0
3570231437.6941147 298 176 1
3570231438.1176434 300 157 1
3570231438.3294077 291 162 0
3570231438.541172 275 140 1
3570231438.647054 299 181 0
3570231438.7529364 276 89 1
3570231439.4941115 270 139 0
3570231439.811758 300 158 1
3570231440.552933 298 163 1
3570231440.976462 288 121 0
3570231441.082344 290 149 1
3570231441.188226 275 97 0
3570231441.3999906 277 132 0
3570231441.717637 287 94 0
3570231442.35293 289 150 1
3570231442.882341 285 101 1
3570231442.988223 289 137 0
3570231443.4117517 298 177 1
3570231443.623516 297 177 1
3570231443.9411626 300 173 1
3570231444.0470448 299 174 1
3570231444.4705734 295 117 1
3570231444.78822 284 82 0
3570231446.0 283 132 0
3570231446.7199993 297 128 1
3570231447.199999 297 160 1
3570231447.3199987 299 176 1
3570231447.4399986 279 137 0
3570231447.7999983 300 137 1
3570231447.919998 290 168 0
3570231448.039998 292 170 0
3570231448.3999977 286 139 0
3570231448.5199976 302 152 1
3570231448.6399975 299 178 1
3570231449.7199965 298 171 0
3570231449.8399963 275 136 1
3570231450.079996 282 80 0
3570231450.199996 290 160 0
3570231450.319996 273 108 0
3570231450.5599957 299 105 0
3570231450.9199953 289 148 1
3570231451.399995 297 159 1
3570231452.119994 277 124 0
3570231452.359994 283 84 1
3570231452.479994 299 175 1
3570231452.8399935 301 145 1
3570231453.6799927 296 168 0
3570231453.9199924 279 80 0
3570231454.6399918 297 175 1
3570231456.296704 299 173 1
3570231456.9890127 292 168 0
3570231457.384618 296 177 1
3570231457.483519 291 123 0
3570231457.6813216 291 159 0
3570231458.3736305 299 172 1
3570231458.7692356 287 97 0
3570231458.967038 297 102 0
3570231459.3626432 276 131 0
3570231459.560446 298 175 1
3570231459.659347 290 162 0
3570231459.7582483 299 177 1
3570231460.1538534 277 99 0
3570231460.2527547 294 169 0
3570231460.64836 295 177 1
3570231461.043965 292 164 0
3570231461.43957 298 176 1
3570231461.835175 288 122 0
3570231461.9340763 275 139 1
3570231462.4285827 272 141 0
3570231462.527484 299 163 1
3570231463.615398 300 175 1
3570231463.714299 299 176 1
3570231463.8132005 300 176 1
3570231464.011003 294 120 1
3570231464.2088056 275 141 1
3570231466.507042 271 117 1
3570231466.6338024 271 140 0
3570231467.014084 273 134 1
3570231468.154928 267 183 0
3570231468.5352097 292 135 0
3570231468.66197 300 136 1
3570231468.7887306 290 163 0
3570231469.2957726 298 104 0
3570231469.422533 285 137 0
3570231469.676054 285 128 1
3570231470.0563354 291 169 0
3570231470.3098564 295 123 0
3570231470.690138 295 142 1
3570231471.0704193 277 98 0
3570231471.19718 274 136 1
3570231471.5774612 297 178 1
3570231471.830982 296 158 1
3570231472.084503 280 80 0
3570231472.2112637 298 177 1
3570231472.9718266 297 177 1
3570231473.4788685 297 176 1
3570231473.605629 299 175 1
3570231474.112671 292 123 1
3570231474.619713 299 174 1
3570231474.873234 275 88 1
3570231476.0 272 142 0
3570231476.333333 289 160 0
3570231476.666666 300 174 1
3570231477.333332 297 156 1
3570231477.999998 293 169 0
3570231478.1666646 284 84 1
3570231478.666664 277 92 0
3570231479.33333 298 178 1
3570231479.4999967 293 129 1
3570231479.8333297 294 109 1
3570231480.666662 276 93 1
3570231482.6666603 289 117 0
3570231482.9999933 271 138 0
3570231483.16666 290 164 0
3570231483.499993 299 157 1
3570231483.833326 274 139 1
3570231484.166659 299 176 1
3570231484.6666584 299 170 1
3570231484.833325 284 97 0
3570231486.253521 298 176 1
3570231486.3802814 299 140 1
3570231488.5352097 296 177 1
3570231488.915491 299 164 1
3570231489.0422516 300 172 1
3570231489.2957726 284 85 1
3570231489.676054 273 140 1
3570231490.183096 281 80 0
3570231491.19718 288 118 0
3570231491.4507008 299 135 1
3570231491.5774612 287 121 0
3570231492.084503 298 101 0
3570231492.2112637 297 177 1
3570231492.591545 283 97 0
3570231492.7183056 278 92 0
3570231492.845066 299 171 0
3570231493.098587 300 141 1
3570231493.352108 298 133 1
3570231493.9859104 296 176 1
3570231494.2394314 293 130 1
3570231494.4929523 279 132 0
3570231494.873234 299 175 1
3570231496.2117643 296 161 1
3570231496.3176465 291 150 1
3570231496.741175 277 182 0
3570231497.164704 288 169 0
3570231497.270586 300 178 1
3570231497.4823503 299 138 1
3570231497.6941147 275 137 1
3570231497.799997 298 177 1
3570231498.011761 289 122 0
3570231498.1176434 287 143 0
3570231498.2235255 300 175 1
3570231499.176465 291 165 0
3570231499.811758 299 132 1
3570231500.1294045 274 140 1
3570231500.341169 300 173 1
3570231500.447051 271 121 1
3570231500.6588154 298 175 1
