3031391299.2267237 364 171 1
3031391299.3662577 378 166 1
3031391299.4534664 371 254 0
3031391299.5930004 358 194 0
3031391300.168578 377 215 0
3031391300.18602 368 264 0
3031391300.656947 430 195 0
3031391300.726714 382 156 0
3031391300.744156 371 231 0
3031391300.7790394 395 171 1
3031391301.075549 370 275 0
3031391301.145316 422 190 1
3031391301.28485 371 268 0
3031391301.3371754 365 242 0
3031391301.372059 441 204 0
3031391301.6162434 433 191 0
3031391302.0174036 368 262 0
3031391302.069729 365 238 0
3031391302.470889 379 154 1
3031391302.819724 396 171 1
3031391303.0813503 429 195 0
3031391303.1511173 400 190 1
3031391303.2034426 376 209 1
3031391303.4825106 430 189 0
3031391303.517394 429 193 0
3031391303.534836 429 190 0
3031391303.67437 374 166 1
3031391303.7092533 377 271 0
3031391304.1278553 435 193 0
3031391304.1976223 390 156 1
3031391304.232506 376 272 0
3031391304.2673893 372 198 0
3031391304.3197145 369 221 0
3031391304.3894815 414 189 1
3031391304.6685495 367 168 1
3031391304.720875 377 269 0
3031391306.068527 373 266 0
3031391306.4796906 432 197 0
3031391306.502533 373 264 0
3031391307.164963 409 187 1
3031391307.3248596 370 257 0
3031391307.507599 370 279 1
3031391307.7588654 366 236 1
3031391307.850235 372 233 1
3031391308.192871 402 181 0
3031391308.421295 369 251 0
3031391308.581192 385 192 1
3031391308.626877 373 273 0
3031391308.649719 379 171 0
3031391308.855301 393 199 1
3031391308.923828 371 275 0
3031391309.1065674 381 152 1
3031391309.1750946 430 194 0
3031391309.197937 361 195 0
3031391309.2893066 424 196 1
3031391309.3806763 405 184 0
3031391309.4492035 375 243 1
3031391309.814682 398 179 0
3031391309.928894 429 194 0
3031391310.0202637 430 196 0
3031391310.2258453 359 195 0
3031391310.4542694 368 168 1
3031391310.591324 378 160 1
3031391310.7969055 384 163 1
3031391310.9111176 379 218 0
3031391311.0710144 403 182 0
3031391311.116699 375 271 0
3031391311.4136505 412 201 1
3031391311.436493 370 272 0
3031391311.4821777 374 257 1
3031391311.6877594 410 187 1
3031391311.779129 405 183 0
3031391311.9161835 434 193 0
3031391312.327347 376 267 1
3031391312.441559 375 272 0
3031391312.510086 371 172 1
3031391312.6928253 434 192 0
3031391312.73851 381 211 1
3031391312.898407 422 196 0
3031391312.9212494 416 196 0
3031391313.1953583 392 194 1
3031391313.2182007 393 191 0
3031391313.743576 381 154 0
3031391313.903473 374 268 0
3031391314.1090546 365 188 1
3031391314.1547394 388 158 1
3031391314.200424 380 275 0
3031391314.3374786 374 267 1
3031391314.360321 434 169 1
3031391314.63443 382 149 0
3031391314.702957 365 262 0
3031391314.7257996 429 196 0
3031391314.748642 376 271 0
3031391314.7714844 420 197 0
3031391314.8856964 367 188 0
3031391316.2361503 368 182 0
3031391316.314867 395 170 1
3031391316.655973 414 196 0
3031391316.682212 367 254 0
3031391316.8134065 438 170 1
3031391316.944601 387 186 0
3031391316.997079 399 175 1
3031391317.0495567 393 210 1
3031391317.1545124 410 188 1
3031391317.338185 373 272 0
3031391317.4431405 374 264 0
3031391317.4693794 425 197 1
3031391317.5218573 385 165 0
3031391317.653052 426 197 1
3031391317.8104854 376 235 0
3031391317.967919 405 193 1
3031391318.0466356 375 270 0
3031391318.0728745 428 187 0
3031391318.4139805 375 222 0
3031391318.4402194 362 195 0
3031391318.4664583 398 174 1
3031391318.518936 375 268 1
3031391319.489776 433 192 0
3031391319.6734486 373 200 0
3031391319.88336 366 168 1
3031391320.0670323 364 266 0
3031391320.3556604 386 160 1
3031391320.486855 369 260 0
3031391321.2477837 437 193 0
3031391321.3002615 393 170 1
3031391322.139907 428 189 0
3031391322.1923847 369 209 1
3031391322.3235793 384 155 1
3031391322.5334907 375 269 0
3031391322.769641 374 273 0
3031391322.8221188 382 162 1
3031391322.8483577 435 194 0
3031391323.084508 374 272 0
3031391323.635525 370 252 0
3031391323.8979144 367 247 0
3031391323.9241533 376 166 1
3031391324.081587 411 188 1
3031391324.1340647 386 211 1
3031391324.4751706 384 211 1
3031391324.5014095 418 197 0
3031391324.8162766 370 260 0
3031391324.8949933 444 242 1
3031391326.0 383 211 1
3031391326.0329666 372 272 0
3031391326.0824165 411 189 1
3031391326.1813164 382 237 0
3031391326.280216 393 208 1
3031391326.329666 444 202 1
3031391326.3955994 408 196 0
3031391326.428566 384 159 0
3031391326.6098824 378 275 0
3031391326.692299 371 237 1
3031391326.708782 374 258 1
3031391326.7747154 438 205 1
3031391326.956032 427 217 0
3031391326.972515 389 162 0
3031391327.0384483 385 166 0
3031391327.0878983 367 208 1
3031391327.1043816 380 168 0
3031391327.170315 373 209 1
3031391327.2197647 372 167 1
3031391327.351631 429 191 0
3031391327.384598 407 185 1
3031391327.4340477 369 264 0
3031391327.565914 388 211 1
3031391327.664814 362 197 0
3031391327.7472305 436 195 0
3031391328.4889793 385 211 1
3031391328.587879 376 270 0
3031391328.7032623 367 266 0
3031391328.901062 375 266 1
3031391329.1483116 372 273 0
3031391329.428528 426 198 1
3031391329.807644 372 257 0
3031391329.824127 372 194 0
3031391329.9395103 388 162 0
3031391329.972477 372 226 0
3031391330.2691765 398 173 1
3031391330.450493 368 256 0
3031391330.8625755 368 220 0
3031391330.9120255 366 247 0
3031391331.6702576 366 250 0
3031391331.8845406 415 188 1
3031391332.016407 376 269 0
3031391332.1977234 386 168 1
3031391332.346073 411 197 0
3031391332.6757393 367 246 0
3031391332.8405724 425 203 0
3031391332.873539 381 274 0
3031391332.988922 379 150 0
3031391333.1702385 395 182 0
3031391333.5493546 425 198 1
3031391333.631771 372 231 0
3031391334.109787 398 184 0
3031391334.17572 392 196 1
3031391334.2911034 375 261 1
3031391334.3075867 413 198 0
3031391334.5548363 440 214 0
3031391334.802086 365 230 0
3031391334.8845024 381 218 0
3031391336.3967514 394 200 1
3031391336.772621 365 215 0
3031391336.8770294 384 167 1
3031391337.023201 365 236 0
3031391337.9419937 381 276 0
3031391338.0881653 426 196 1
3031391338.4431534 371 209 1
3031391338.464035 425 196 1
3031391338.4849167 371 274 0
3031391338.65197 373 273 0
3031391338.6728516 434 193 0
3031391339.0278397 400 190 1
3031391339.320183 435 192 0
3031391339.3828278 375 252 1
3031391339.6542892 366 243 0
3031391339.842224 370 167 1
3031391339.9257507 402 192 1
3031391339.9466324 431 164 1
3031391340.259857 407 195 0
3031391340.280739 367 249 0
3031391340.5939636 387 187 0
3031391340.761017 381 201 0
3031391341.283058 404 193 1
3031391341.30394 387 168 1
3031391341.345703 404 194 1
3031391341.408348 371 273 0
3031391341.6171646 430 191 0
3031391341.6798096 383 203 0
3031391342.013916 391 169 1
3031391342.201851 361 194 0
3031391342.4733124 436 192 0
3031391342.5359573 366 238 0
3031391342.5777206 428 191 0
3031391342.619484 376 222 0
3031391343.0579987 378 236 0
3031391343.0788803 376 271 0
3031391343.2459335 376 210 1
3031391343.6218033 389 211 1
3031391343.6635666 378 229 0
3031391343.7262115 411 196 0
3031391343.809738 375 249 1
3031391343.83062 375 166 1
3031391343.935028 430 195 0
3031391344.0185547 367 245 0
3031391344.2691345 374 184 0
3031391346.0 374 218 0
3031391346.022613 431 193 1
3031391346.045226 383 167 1
3031391346.497487 376 251 1
3031391346.5201 381 162 1
3031391346.5879393 391 170 1
3031391346.6331654 417 189 1
3031391347.0402 401 191 1
3031391347.1984916 367 232 0
3031391347.469848 386 183 0
3031391347.899496 375 264 0
3031391347.944722 376 274 0
3031391348.1482396 366 248 0
3031391348.1934657 381 163 1
3031391348.283918 372 274 0
3031391348.4874353 371 262 0
3031391348.6457267 375 236 0
3031391348.713566 371 272 0
3031391348.758792 375 274 0
3031391348.9623094 431 191 0
3031391349.233666 425 189 0
3031391349.776379 380 210 1
3031391349.9120574 377 270 0
3031391350.138188 391 192 0
3031391350.590449 394 170 1
3031391350.613062 393 169 1
3031391350.8391924 368 209 1
3031391350.8618054 383 178 0
3031391351.110549 430 194 0
3031391352.128136 434 192 0
3031391352.557784 368 265 0
3031391352.6934624 359 259 1
3031391352.8517537 392 169 1
3031391353.032658 429 196 0
3031391353.2361755 394 211 1
3031391353.2587886 425 197 1
3031391353.2814016 434 191 0
3031391353.3266277 362 194 0
3031391353.349241 425 203 1
3031391353.41708 423 194 1
3031391353.7110496 392 211 1
3031391353.7562757 359 189 0
3031391354.0728583 381 210 1
3031391354.0954714 378 217 0
3031391354.1633105 382 194 1
3031391354.366828 397 173 1
3031391354.434667 410 186 1
3031391354.5251193 433 194 1
3031391354.7286367 377 233 0
3031391354.796476 383 234 1
3031391354.819089 401 190 1
3031391354.954767 375 232 0
3031391356.0487804 410 196 0
3031391356.1463413 437 229 1
3031391356.219512 389 168 1
3031391356.780487 370 281 1
3031391356.975609 434 193 0
3031391356.999999 423 195 1
3031391357.0731697 434 190 0
3031391357.1463404 368 255 0
3031391357.1707306 392 170 1
3031391357.3658524 380 155 0
3031391357.4634132 365 189 1
3031391357.560974 427 186 0
3031391357.8292665 384 162 1
3031391357.9268274 401 185 0
3031391358.1463394 366 169 1
3031391358.4878025 370 258 0
3031391358.6829243 408 184 1
3031391358.9024363 366 266 0
3031391359.073168 379 180 1
3031391359.195119 381 149 0
3031391359.29268 377 210 1
3031391359.560972 393 211 1
3031391359.8292646 380 163 1
3031391359.9512157 401 187 0
3031391359.999996 368 260 0
3031391360.536581 382 168 0
3031391360.975605 430 197 0
3031391361.1463366 382 257 1
3031391361.292678 389 169 1
3031391361.3658485 369 208 1
3031391361.51219 383 155 0
3031391361.5609703 367 235 1
3031391361.6097507 423 192 1
3031391361.853653 375 258 1
3031391362.0243845 433 192 0
3031391362.073165 368 230 1
3031391362.097555 429 194 0
3031391362.2438965 439 161 0
3031391362.292677 423 193 1
3031391362.317067 381 164 0
3031391362.3658476 378 196 0
3031391362.390238 369 226 0
3031391362.414628 430 196 0
3031391362.4634085 384 180 0
3031391362.731701 428 197 0
3031391362.8048716 367 222 0
3031391363.170725 429 195 0
3031391363.4390173 388 168 1
3031391363.4634075 397 188 0
3031391363.4877977 375 269 0
3031391363.609749 432 193 1
3031391363.75609 364 195 0
3031391363.7804804 378 225 0
3031391363.9024315 374 274 0
3031391363.9268217 382 217 0
3031391364.1219435 377 230 0
3031391364.3170652 372 255 0
3031391364.707309 378 154 0
3031391366.015986 375 251 1
3031391366.3197193 376 235 0
3031391366.575495 420 196 0
3031391366.99113 366 239 0
3031391367.854372 396 170 1
3031391367.90233 398 172 1
3031391367.934302 378 230 0
3031391368.0302176 378 231 0
3031391368.413881 426 197 1
3031391368.5097966 367 230 1
3031391368.5577545 429 197 0
3031391368.765572 372 271 0
3031391368.9893756 436 191 0
3031391369.0053616 389 161 0
3031391369.213179 369 271 0
3031391369.229165 394 209 1
3031391369.277123 382 211 1
3031391369.293109 376 272 0
3031391369.341067 382 164 0
3031391369.373039 381 275 0
3031391369.788674 360 194 0
3031391369.8845897 396 172 1
3031391369.9645195 370 272 0
3031391370.0444493 433 190 0
3031391370.172337 375 273 0
3031391370.252267 374 272 0
3031391370.71586 385 165 0
3031391371.131495 367 279 1
3031391371.163467 372 273 0
3031391371.3233266 398 180 0
3031391371.3872705 432 191 0
3031391371.4512143 374 257 1
3031391371.7389617 380 197 0
3031391371.8348775 382 201 0
3031391372.026709 375 272 0
3031391372.058681 428 190 0
3031391372.090653 373 273 0
3031391372.154597 382 210 1
3031391372.2185407 367 210 1
3031391372.3144565 378 232 0
3031391372.61819 379 163 1
3031391372.889951 401 179 0
3031391372.921923 365 195 1
3031391372.985867 380 218 0
3031391373.017839 376 273 0
3031391373.2736144 365 173 0
3031391373.3215723 380 272 0
3031391373.353544 375 210 1
3031391373.401502 433 197 0
3031391373.6892495 360 195 0
3031391373.7212214 378 210 1
3031391373.865095 377 234 0
3031391373.913053 371 167 1
3031391374.1368566 430 195 0
3031391374.408618 387 152 1
3031391374.5205197 376 189 0
3031391374.6643934 374 209 1
3031391374.6803794 370 209 1
3031391374.808267 373 167 1
3031391374.856225 374 273 0
3031391374.888197 372 254 0
3031391376.2519064 372 210 1
3031391376.274807 374 217 0
3031391376.320608 400 178 0
3031391376.503813 425 195 1
3031391376.549614 424 196 1
3031391376.77862 383 162 1
3031391377.1221285 395 171 1
3031391377.6030407 392 195 1
3031391377.648842 403 182 0
3031391377.694643 381 212 1
3031391377.7175436 429 196 0
3031391378.8167715 436 194 0
3031391378.908374 365 186 1
3031391378.9770756 380 236 1
3031391379.0457773 417 196 0
3031391379.2518826 390 211 1
3031391379.2976837 389 156 1
3031391379.3663855 376 271 0
3031391379.732795 372 209 1
3031391379.8472977 369 263 0
3031391380.0076017 365 216 0
3031391380.0305023 373 217 0
3031391380.167906 376 243 1
3031391380.5114145 375 237 1
3031391380.7175198 429 187 0
3031391380.7862215 386 160 1
3031391381.0152273 368 208 1
3031391381.2213326 383 210 1
3031391381.244233 367 242 0
3031391381.2671337 379 225 0
3031391381.3358355 387 238 1
3031391381.358736 388 212 1
3031391381.3816366 435 222 0
3031391381.587742 387 158 1
3031391381.9312506 371 200 0
3031391382.0915546 368 180 0
3031391382.137356 387 211 1
3031391382.1602564 412 187 1
3031391382.183157 384 165 0
3031391382.412163 373 272 0
3031391382.572467 376 269 0
3031391382.618268 383 160 0
3031391382.8243732 430 198 0
3031391382.893075 368 263 0
3031391383.053379 434 193 0
3031391383.282385 430 207 0
3031391383.48849 380 166 1
3031391383.557192 381 157 1
3031391383.602993 373 264 0
3031391383.8778 402 191 1
3031391384.1297064 436 195 1
3031391384.198408 431 196 0
3031391384.2213087 371 226 0
3031391384.26711 422 191 1
3031391384.5648174 368 185 0
3031391384.6106186 371 272 0
3031391384.7251215 389 155 1
3031391384.748022 385 167 1
3031391384.7938232 408 186 1
3031391384.8854256 364 195 1
3031391386.193252 433 191 0
3031391386.3588967 379 210 1
3031391386.5797563 377 272 0
3031391387.07669 382 162 1
3031391387.18712 369 266 0
3031391387.2699423 377 222 0
3031391387.380372 406 186 1
3031391387.4631944 426 199 1
3031391387.628839 374 268 0
3031391387.7116613 375 250 1
3031391387.739269 393 198 1
3031391387.7944837 372 272 0
3031391387.932521 382 155 0
3031391388.26381 390 169 1
3031391388.2914176 395 180 0
3031391388.429455 362 197 1
3031391388.567492 390 170 1
3031391389.257678 365 218 0
3031391389.56136 438 243 0
3031391389.616575 375 209 1
3031391389.9202566 368 264 0
3031391390.0306864 366 244 0
3031391390.4171906 378 270 0
3031391390.582835 379 195 0
3031391390.8036947 377 273 0
3031391390.996947 380 274 0
3031391391.1625915 366 246 0
3031391391.2178063 370 274 0
3031391391.245414 376 270 0
3031391391.7975626 379 170 0
3031391391.82517 411 169 0
3031391392.211674 382 219 1
3031391392.5429635 429 195 0
3031391392.570571 403 193 1
3031391392.6533933 366 219 0
3031391392.763823 368 248 0
3031391392.7914305 375 271 0
3031391393.067505 371 260 0
3031391393.5368314 373 267 0
3031391393.6748686 370 190 0
3031391393.7852983 378 209 1
3031391393.812906 373 271 0
3031391394.0337653 363 194 0
3031391394.1165876 424 197 1
3031391396.128939 376 275 0
3031391396.154727 366 249 0
3031391396.2063026 403 192 1
3031391396.3610296 388 211 1
3031391396.3868175 368 250 0
3031391396.5673323 389 153 1
3031391396.618908 429 194 0
3031391396.6446958 394 171 1
3031391396.6962714 397 172 1
3031391397.1088767 434 194 0
3031391397.701997 372 269 0
3031391397.7277846 378 224 0
3031391397.805148 365 219 0
3031391398.14039 433 192 0
3031391398.424056 435 222 1
3031391398.6303587 411 187 1
3031391398.6561465 425 197 1
3031391398.914025 387 185 0
3031391398.9656005 367 262 0
3031391399.0945396 423 194 1
3031391399.1203275 396 171 1
3031391399.481357 376 244 1
3031391399.6876597 381 168 0
3031391399.765023 373 265 0
3031391400.0229015 396 190 0
3031391400.100265 384 275 0
3031391400.3065677 367 209 1
3031391400.383931 357 193 0
3031391400.409719 382 163 1
3031391400.4870825 432 190 0
3031391400.590234 434 193 0
3031391400.744961 364 170 1
3031391400.848112 377 209 1
3031391400.9512634 375 189 0
3031391401.1317782 397 170 1
3031391401.2349296 373 273 0
3031391401.286505 377 268 0
3031391401.4154444 385 163 1
3031391401.7248983 426 190 0
3031391401.750686 375 272 0
3031391401.9827766 371 275 1
3031391402.06014 366 251 0
3031391402.1632915 427 190 0
3031391402.4985332 435 191 0
3031391402.7821994 371 267 0
3031391403.1948047 366 253 0
3031391403.478471 397 186 0
3031391403.581622 387 159 1
3031391403.6847734 402 180 0
3031391403.7105613 383 157 1
3031391404.3036814 434 192 0
3031391404.5873475 378 193 0
3031391404.7162867 371 209 1
3031391404.9225893 369 256 0
3031391406.1408997 372 273 0
3031391406.2465744 366 218 0
3031391406.457924 398 188 0
3031391406.581211 367 241 0
3031391406.8630104 376 252 1
3031391407.1271973 400 190 1
3031391407.1448097 399 188 0
3031391407.162422 371 282 1
3031391407.268097 409 186 1
3031391407.2857094 391 168 1
3031391407.461834 432 192 0
3031391407.4794464 365 261 0
3031391407.497059 383 163 1
3031391407.690796 435 193 0
3031391407.7084084 374 210 1
3031391407.919758 425 226 0
3031391407.9373703 413 197 0
3031391407.9549828 369 270 0
3031391408.043045 370 255 0
3031391408.500969 432 194 1
3031391408.571419 374 266 1
3031391408.659481 423 225 0
3031391408.694706 392 210 1
3031391409.15263 358 184 0
3031391409.381592 369 255 0
3031391409.804291 432 193 1
3031391409.821903 389 151 1
3031391409.9099655 381 217 0
3031391409.998028 366 240 0
3031391410.702526 379 218 0
3031391410.861038 428 196 0
3031391410.9491005 431 166 0
3031391411.0723877 376 236 0
3031391411.6007614 409 196 0
3031391411.6712112 388 190 0
3031391411.8649483 438 170 0
3031391412.09391 419 188 1
3031391412.199585 378 172 1
3031391412.358097 371 224 0
3031391412.516609 407 179 0
3031391412.6398964 357 192 0
3031391412.9921455 375 269 0
3031391413.16827 395 185 0
3031391413.397232 369 259 0
3031391413.4148445 393 197 1
3031391413.5733566 429 196 0
3031391413.696644 366 245 0
3031391413.978443 368 261 0
3031391414.048893 401 180 0
3031391414.2250175 399 174 1
3031391414.2954674 427 186 1
3031391414.31308 430 191 0
3031391414.365917 427 227 1
3031391414.506817 376 210 1
3031391414.594879 383 151 1
3031391414.6829414 365 217 0
3031391414.8766785 375 235 0
3031391414.894291 382 235 1
3031391416.0 418 196 0
3031391416.0576925 371 273 0
3031391416.3269243 415 197 0
3031391416.500002 431 191 0
3031391416.5769253 368 257 0
3031391416.730772 389 211 1
3031391416.8076954 379 166 1
3031391416.9230804 373 259 1
3031391417.2884665 373 209 1
3031391417.576929 372 272 0
3031391417.615391 375 248 1
3031391417.6346216 378 166 1
3031391417.7884684 366 242 0
3031391417.980777 367 189 0
3031391418.1346235 426 195 1
3031391418.2307777 380 150 0
3031391418.5192404 370 220 1
3031391418.711549 391 211 1
3031391419.153858 370 271 0
3031391419.2500124 402 181 0
3031391419.326936 366 254 0
3031391419.3461666 373 272 0
3031391419.403859 374 272 0
3031391419.5961676 358 188 0
3031391419.769245 378 222 0
3031391419.807707 417 197 0
3031391419.8269377 385 238 0
3031391420.0961695 365 280 1
3031391420.288478 406 184 1
3031391420.78848 376 246 1
3031391420.8269415 368 265 0
3031391420.9230957 370 218 0
3031391421.269251 370 269 0
3031391421.6538677 375 241 1
3031391422.0577154 372 196 0
3031391422.3077164 376 235 0
3031391422.461563 371 269 0
3031391422.8077183 428 197 0
3031391423.230797 380 210 1
3031391423.3846436 428 193 0
3031391423.442336 433 192 0
3031391423.6154137 429 188 0
3031391424.0192614 373 218 0
3031391424.21157 374 271 0
3031391424.3846474 378 163 1
3031391424.403878 366 223 0
3031391424.769264 366 241 0
3031391424.923111 382 221 1
3031391426.177464 375 267 1
3031391426.405632 404 193 1
3031391426.735208 371 195 0
3031391427.090136 401 178 0
3031391427.242248 367 229 1
3031391427.876048 429 195 0
3031391428.205624 403 185 0
3031391428.28168 387 167 1
3031391428.40844 377 160 1
3031391428.560552 390 210 1
3031391428.687312 391 154 1
3031391428.763368 423 225 1
3031391428.814072 365 264 0
3031391429.067592 431 193 1
3031391429.447872 431 195 0
3031391430.259136 425 226 1
3031391430.335192 406 185 1
3031391430.360544 380 161 1
3031391430.538008 401 191 1
3031391430.56336 357 189 0
3031391430.791528 385 160 1
3031391430.892936 383 237 0
3031391430.94364 389 210 1
3031391431.7802563 375 246 1
3031391431.9070163 377 231 0
3031391432.2365923 384 164 0
3031391432.3380003 382 193 1
3031391432.3887043 438 204 0
3031391432.7436323 385 165 0
3031391433.1999683 424 196 1
3031391433.2253203 365 185 1
3031391433.4534883 425 188 0
3031391433.5295444 429 194 0
3031391433.6056004 432 191 0
3031391433.6816564 396 211 1
3031391433.7070084 434 193 0
3031391434.1126404 376 269 0
3031391434.2394004 399 175 1
3031391434.4422164 365 220 0
3031391434.6957364 377 232 0
3031391434.7717924 425 196 1
3031391436.2977076 392 193 1
3031391436.4122105 423 191 1
3031391436.6412163 385 211 1
3031391436.77862 423 193 1
3031391436.984725 388 159 1
3031391437.145029 386 162 1
3031391437.374035 373 260 1
3031391437.465637 391 169 1
3031391437.694643 397 171 1
3031391437.7175436 370 268 0
3031391438.4274616 386 211 1
3031391438.4961634 397 185 0
3031391438.519064 438 224 0
3031391438.6106663 379 188 1
3031391438.633567 424 197 1
3031391439.228982 423 195 1
3031391439.4808884 379 224 0
3031391439.5266895 401 190 1
3031391439.6411924 394 169 1
3031391439.732795 422 190 1
3031391439.824397 424 194 1
3031391439.8472977 375 261 1
3031391439.9618006 380 237 1
3031391440.145005 376 207 1
3031391440.1908064 371 281 1
3031391440.213707 371 208 1
3031391440.2366076 380 190 1
3031391440.259508 393 170 1
3031391440.3053093 368 266 0
3031391440.374011 386 193 1
3031391440.442713 377 166 1
3031391440.4656134 372 209 1
3031391440.5801163 375 194 1
3031391440.6259174 379 175 1
3031391440.6717186 406 192 1
3031391440.694619 375 195 1
3031391440.7175198 394 170 1
3031391440.7404203 367 207 1
3031391440.763321 374 171 1
3031391440.7862215 374 194 1
3031391440.809122 379 203 1
3031391440.8320227 377 180 1
3031391440.877824 376 166 1
3031391440.9007244 381 166 1
3031391440.923625 377 177 1
3031391440.9465256 385 218 1
3031391440.9923267 407 187 1
3031391441.038128 374 209 1
3031391441.083929 367 170 1
3031391441.1068296 364 178 1
3031391441.1755314 388 169 1
3031391441.198432 386 194 1
3031391441.2213326 388 163 0
3031391441.2671337 364 181 1
3031391441.2900343 373 209 1
3031391441.312935 370 179 1
3031391441.3358355 377 176 1
3031391441.358736 363 178 1
3031391441.404537 431 198 0
3031391441.427438 379 181 1
3031391441.4503384 377 181 1
3031391441.51904 387 193 1
3031391441.5419407 376 173 1
3031391441.5648413 367 168 1
3031391441.6106424 381 235 1
3031391441.6564436 371 211 1
3031391441.7022448 377 172 1
3031391441.748046 381 170 1
3031391441.793847 377 173 1
3031391441.8167477 372 196 1
3031391441.862549 368 256 1
3031391441.8854494 373 188 1
3031391441.90835 376 167 1
3031391441.9312506 376 198 1
3031391441.9770517 376 199 1
3031391442.022853 376 194 1
3031391442.0457535 374 193 1
3031391442.068654 381 219 1
3031391442.0915546 385 189 1
3031391442.1602564 377 210 1
3031391442.183157 374 190 1
3031391442.2060575 367 202 1
3031391442.228958 377 178 1
3031391442.2518587 385 210 1
3031391442.2747593 367 208 1
3031391442.29766 370 175 1
3031391442.343461 363 184 1
3031391442.3663616 371 272 0
3031391442.412163 376 172 1
3031391442.4350634 378 165 1
3031391442.503765 380 177 1
3031391442.5266657 426 197 1
3031391442.572467 426 196 1
3031391442.5953674 378 161 1
3031391442.618268 393 177 1
3031391442.664069 380 162 1
3031391442.7098703 376 165 1
3031391442.732771 378 168 1
3031391442.7556715 415 196 0
3031391442.778572 384 190 1
3031391442.8243732 364 173 1
3031391443.007578 379 152 1
3031391443.0304785 374 166 1
3031391443.053379 366 191 1
3031391443.1449814 376 211 1
3031391443.167882 374 167 1
3031391443.213683 368 167 1
3031391443.282385 381 179 1
3031391443.3052855 377 174 1
3031391443.373987 429 191 0
3031391443.396888 365 190 1
3031391443.4197884 377 197 1
3031391443.4655895 380 176 1
3031391443.717496 430 196 0
3031391443.8090982 371 271 0
3031391443.8548994 374 173 1
3031391443.9694023 366 257 0
3031391444.152607 373 272 0
3031391444.2213087 437 229 0
3031391444.5190163 387 174 1
3031391444.816724 376 263 0
3031391444.8396244 373 282 1
3031391446.0544353 367 267 0
3031391446.217741 392 172 1
3031391446.235886 382 265 1
3031391446.3084664 376 261 1
3031391446.381047 414 187 1
3031391446.7076583 426 198 1
3031391447.07056 434 191 0
3031391447.252011 390 237 0
3031391447.306446 370 259 0
3031391447.542332 394 194 1
3031391447.923379 429 197 0
3031391449.411276 380 149 0
3031391449.9556284 444 239 0
3031391450.118934 430 195 0
3031391450.7903023 375 231 0
3031391450.8265924 372 272 0
3031391451.370945 374 272 0
3031391451.38909 368 249 0
3031391451.42538 433 174 1
3031391451.4435253 417 187 1
3031391451.4798155 375 271 0
3031391451.4979606 425 198 1
3031391451.552396 423 196 1
3031391452.042313 374 259 1
3031391452.0786033 374 282 1
3031391452.1511836 374 273 0
3031391452.3507795 391 234 0
3031391452.6048107 429 196 0
3031391452.9495673 382 159 0
3031391452.9858575 433 192 0
3031391453.2217436 374 203 0
3031391453.294324 424 190 0
3031391453.3669043 425 197 1
3031391453.49392 376 270 0
3031391453.6027904 377 274 0
3031391453.8205314 410 197 0
3031391454.0927076 391 233 0
3031391454.1108527 368 262 0
3031391454.364884 384 157 1
3031391454.4556093 376 271 0
3031391454.5463347 419 196 0
3031391454.9092364 429 195 0
3031391456.0 378 231 0
3031391456.4203825 376 268 0
3031391456.6305737 376 234 0
3031391456.6878986 416 197 0
3031391456.764332 426 193 1
3031391456.9363065 344 193 0
3031391457.1464977 390 169 1
3031391457.165606 381 233 1
3031391457.3184724 434 192 0
3031391457.356689 379 210 1
3031391457.3757973 384 210 1
3031391457.414014 436 195 0
3031391457.4522305 398 174 1
3031391457.624205 375 209 1
3031391457.6433134 382 192 1
3031391457.6624217 367 275 1
3031391457.949046 388 210 1
3031391457.9872627 374 268 0
3031391458.0254793 367 177 1
3031391458.1019125 381 210 1
3031391458.121021 380 203 1
3031391458.197454 378 233 0
3031391458.2165623 362 183 1
3031391458.3121037 379 165 1
3031391458.3503203 364 180 1
3031391458.3694286 362 177 1
3031391458.4267535 379 166 1
3031391458.445862 378 167 1
3031391458.46497 392 169 1
3031391458.5031867 377 171 1
3031391458.5414033 398 173 1
3031391458.598728 376 233 0
3031391458.636945 380 181 1
3031391458.6942697 381 204 1
3031391458.789811 374 170 1
3031391458.8089194 369 209 1
3031391458.8662443 375 172 1
3031391458.8853526 367 189 1
3031391458.923569 368 173 1
3031391459.0191107 365 187 1
3031391459.0764356 381 162 1
3031391459.114652 379 171 1
3031391459.1910853 365 192 1
3031391459.687901 414 197 0
3031391459.7070093 384 191 1
3031391459.7834425 379 186 1
3031391460.1465 386 165 0
3031391460.394908 381 151 1
3031391460.5668826 406 195 0
3031391460.7579656 371 209 1
3031391460.8917236 365 240 0
3031391460.9490485 424 195 1
3031391461.235673 374 254 0
3031391462.152871 373 272 0
3031391462.4394956 374 232 0
3031391462.477712 376 188 0
3031391462.5541453 432 171 0
3031391462.72612 414 198 0
3031391463.050961 370 251 0
3031391463.2229357 390 236 0
3031391463.318477 434 193 0
3031391463.490452 372 257 0
3031391463.834401 435 192 0
3031391464.0637007 373 270 0
3031391464.216567 371 264 0
3031391464.3121085 380 217 0
3031391464.331217 370 273 0
3031391464.4458666 385 153 0
3031391464.484083 404 183 0
3031391464.5223 432 194 1
3031391466.7291107 374 269 0
3031391467.093666 402 192 1
3031391467.481006 381 156 1
3031391467.731638 392 199 1
3031391467.9367003 379 229 0
3031391467.98227 394 203 0
3031391468.1417627 428 216 1
3031391468.4151793 378 165 0
3031391468.4607487 393 218 0
3031391468.75695 424 197 1
3031391468.7797346 416 234 0
3031391468.8480887 368 254 0
3031391468.916443 373 263 0
3031391468.9392276 367 189 0
3031391468.9620123 375 254 0
3031391469.053151 375 273 0
3031391469.1215053 386 159 1
3031391469.1898594 375 270 0
3031391469.372137 369 184 0
3031391469.4177065 374 266 1
3031391469.5088453 428 194 0
3031391469.5771995 396 184 0
3031391469.622769 430 191 0
3031391469.6683383 405 184 0
3031391469.9645395 374 257 1
3031391470.6025114 374 170 0
3031391470.716435 376 249 1
3031391470.8303585 428 191 0
3031391470.853143 423 192 1
3031391471.4683304 395 170 1
3031391471.673393 370 272 0
3031391471.6961775 387 211 1
3031391471.878455 382 210 1
3031391472.0151634 424 196 1
3031391472.1063023 422 196 0
3031391472.1518717 376 209 1
3031391472.2430105 371 171 1
3031391472.448073 370 210 1
3031391472.4936423 375 180 1
3031391472.5619965 394 208 1
3031391472.584781 422 191 1
3031391472.607566 388 211 1
3031391472.6303506 390 168 1
3031391472.8126283 374 203 1
3031391472.8581977 380 180 1
3031391472.8809824 368 209 1
3031391472.903767 388 196 1
3031391472.9493365 380 178 1
3031391473.0404754 366 176 1
3031391473.06326 366 177 1
3031391473.1088295 443 207 0
3031391473.1771836 370 208 1
3031391473.1999683 367 169 1
3031391473.222753 381 190 1
3031391473.3366766 373 208 1
3031391473.4278154 365 169 1
3031391473.541739 378 200 1
3031391473.5645237 379 176 1
3031391473.6784472 375 192 1
3031391474.0430026 373 281 1
3031391474.1113567 370 271 0
3031391474.179711 370 209 1
3031391474.316419 376 196 1
3031391474.475912 389 167 1
3031391474.794898 433 193 0
3031391474.863252 433 161 0
3031391476.0 390 211 1
3031391476.128205 409 187 1
3031391476.3846145 408 196 0
3031391476.4102554 375 269 0
3031391476.4358964 413 188 1
3031391476.79487 428 193 0
3031391476.871793 396 202 1
3031391476.9743567 366 211 0
3031391477.1025615 370 258 0
3031391477.384612 375 258 1
3031391477.6923037 364 194 0
3031391477.9230723 386 160 1
3031391478.333328 428 196 0
3031391478.5384555 430 194 0
3031391478.5640965 428 197 0
3031391478.5897374 429 192 0
3031391478.794865 373 271 0
3031391478.846147 368 186 0
3031391479.2051206 377 269 0
3031391479.2564025 424 189 0
3031391479.641017 372 270 0
3031391479.7948627 369 274 0
3031391479.9999905 375 263 0
3031391480.0256314 392 229 0
3031391480.6666555 408 197 0
3031391481.102552 368 243 0
3031391481.2563977 427 189 0
3031391481.3076797 380 178 0
3031391481.615371 375 261 1
3031391481.641012 369 219 1
3031391481.9999857 368 247 0
3031391482.0256267 379 150 0
3031391482.0769086 376 231 0
3031391482.2307544 416 187 1
3031391482.564087 413 221 0
3031391482.7435737 370 270 0
3031391482.8461375 400 190 1
3031391483.17947 396 186 0
3031391483.4102387 376 269 0
3031391483.6666484 426 189 0
3031391484.102545 378 210 1
3031391484.2307496 382 276 0
3031391484.4615183 374 271 0
3031391484.692287 375 236 1
3031391484.8974147 376 235 0
3031391486.292309 433 174 0
3031391486.3076935 377 191 0
3031391486.46154 369 250 0
3031391486.5076942 429 198 0
3031391486.5538483 374 270 0
3031391486.7384644 375 240 1
3031391487.046158 438 224 1
3031391487.230774 427 188 0
3031391487.369236 409 184 1
3031391487.6307755 409 197 0
3031391487.661545 369 196 0
3031391487.9076996 368 264 0
3031391488.2923164 429 196 0
3031391488.323086 368 195 0
3031391488.6153946 372 281 1
3031391488.6307793 403 192 1
3031391489.0461655 427 217 1
3031391489.123089 390 162 0
3031391489.3692436 371 210 1
3031391489.400013 372 271 0
3031391489.446167 429 195 0
3031391489.492321 388 168 1
3031391489.5230904 382 161 1
3031391489.584629 408 185 1
3031391489.6153984 429 194 0
3031391489.630783 433 192 0
3031391489.676937 365 184 1
3031391489.7077065 367 188 1
3031391489.769245 375 272 0
3031391489.8000145 377 165 1
3031391489.8923225 375 165 1
3031391489.907707 382 166 1
3031391489.969246 370 178 1
3031391489.9846306 375 196 1
3031391490.0000153 387 195 1
3031391490.061554 406 191 1
3031391490.107708 372 167 1
3031391490.1230927 387 197 1
3031391490.1384773 405 192 1
3031391490.2307854 375 167 1
3031391490.2615547 379 163 1
3031391490.47694 378 166 1
3031391490.5538635 433 191 0
3031391490.6615562 377 270 0
3031391490.8000183 374 272 0
3031391490.861557 409 185 1
3031391490.8923264 429 197 0
3031391490.9384804 380 166 1
3031391491.2615585 372 273 0
3031391491.323097 371 272 0
3031391491.476944 369 271 0
3031391491.7384834 368 208 1
3031391491.9692535 375 267 1
3031391492.0769463 367 198 1
3031391492.2000237 369 251 0
3031391492.323101 372 272 0
3031391492.5384865 432 192 0
3031391492.9077187 431 191 0
3031391493.0461807 424 197 1
3031391493.07695 365 193 1
3031391493.184643 373 227 0
3031391493.230797 403 181 0
3031391493.5846443 390 235 0
3031391493.784645 430 197 0
3031391494.107723 370 261 0
3031391494.2308006 387 261 0
3031391494.676956 388 167 1
3031391494.923111 373 233 0
3031391496.090225 432 193 1
3031391496.2481194 371 253 0
3031391496.3157883 422 192 1
3031391496.586464 375 282 1
3031391496.8571396 433 193 0
3031391496.9924774 432 171 1
3031391497.5112724 424 193 1
3031391497.6014977 435 190 0
3031391497.849617 371 225 0
3031391497.8721733 390 238 0
3031391498.458637 391 239 0
3031391498.6842003 370 262 0
3031391498.9323196 407 196 0
3031391499.248108 402 191 1
3031391499.2932205 366 252 0
3031391499.789459 376 271 0
3031391499.992466 366 236 0
3031391500.8270493 401 179 0
3031391501.097725 404 192 1
3031391501.165394 364 213 0
3031391501.458626 371 271 0
3031391501.7969704 368 230 1
3031391502.0902023 380 176 0
3031391502.1127586 424 196 1
3031391502.3157654 389 211 1
3031391502.496216 419 195 0
3031391502.8345604 369 208 1
3031391502.879673 380 210 1
3031391503.0826797 377 179 1
3031391503.105236 405 194 1
3031391503.1503487 373 255 0
3031391503.2180176 379 202 1
3031391503.308243 393 195 1
3031391503.330799 397 172 1
3031391503.3759117 379 172 1
3031391503.466137 367 206 1
3031391503.488693 374 208 1
3031391503.556362 379 173 1
3031391503.624031 380 182 1
3031391503.6917 373 204 1
3031391503.7368126 379 178 1
3031391503.781925 378 209 1
3031391503.8044815 380 163 1
3031391503.849594 383 192 1
3031391503.8947067 401 190 1
3031391503.917263 373 172 1
3031391504.0074883 367 175 1
3031391504.052601 384 192 1
3031391504.0977135 434 193 0
3031391504.142826 369 184 1
3031391504.1653824 383 191 1
3031391504.210495 374 168 1
3031391504.2556076 381 240 1
3031391504.368389 370 172 1
3031391504.3909454 378 173 1
3031391504.4135017 378 174 1
3031391504.4586143 374 260 1
3031391504.4811707 391 169 1
3031391504.819515 362 176 1
3031391504.887184 431 190 0
3031391506.2188454 369 196 1
3031391506.3829794 425 195 1
3031391506.5471134 391 235 0
3031391506.9574485 373 219 1
3031391507.01216 385 165 0
3031391507.2857165 386 216 1
3031391507.340428 369 262 0
3031391507.5319176 417 190 1
3031391507.668696 416 234 1
3031391507.6960516 386 153 1
3031391507.7781186 366 193 1
3031391508.0516753 378 226 0
3031391508.3799434 436 193 0
3031391508.407299 425 199 1
3031391508.571433 423 194 1
3031391508.927057 376 240 1
3031391509.0364795 367 253 0
3031391509.091191 391 212 1
3031391509.9665723 389 152 1
3031391510.240129 377 213 0
3031391510.2674847 369 261 0
3031391510.5136857 368 245 0
3031391510.6231084 378 221 0
3031391510.924021 375 257 1
3031391510.9513764 435 168 1
3031391511.060799 369 167 1
3031391511.334356 373 283 1
3031391512.565361 421 189 0
3031391512.7842064 375 235 0
3031391512.811562 396 171 1
3031391512.9209847 367 244 0
3031391513.1124744 368 279 1
3031391513.3586755 394 197 1
3031391513.741655 410 187 1
3031391513.8510776 443 207 1
3031391514.234057 398 186 0
3031391514.316124 375 271 0
3031391514.4529023 373 266 0
3031391514.890593 383 210 1
3031391516.076923 373 272 0
3031391516.2307687 404 182 0
3031391516.4102554 374 265 0
3031391516.820511 433 194 0
3031391517.1538434 392 231 0
3031391517.1794844 391 210 1
3031391517.307689 372 263 0
3031391517.33333 358 189 0
3031391517.358971 379 217 0
3031391517.435894 376 215 0
3031391517.538458 376 272 0
3031391517.58974 383 161 1
3031391517.6923037 395 209 1
3031391517.7179446 360 190 0
3031391517.8461494 372 268 0
3031391517.9230723 429 195 0
3031391518.076918 382 162 1
3031391518.205123 428 194 0
3031391518.333328 437 195 0
3031391518.4102507 404 193 1
3031391518.5384555 428 195 0
3031391518.743583 381 210 1
3031391518.897429 376 197 1
3031391519.025634 380 160 1
3031391519.0769157 394 170 1
3031391519.3589664 368 168 1
3031391519.4102483 380 148 1
3031391519.4358892 373 209 1
3031391519.512812 370 167 1
3031391519.564094 379 200 1
3031391519.615376 389 169 1
3031391519.666658 370 180 1
3031391519.71794 383 166 1
3031391519.769222 370 171 1
3031391519.8205037 380 235 1
3031391519.8717856 390 174 1
3031391519.9487085 370 166 1
3031391519.9999905 379 161 1
3031391520.0512724 367 171 1
3031391520.0769134 363 176 1
3031391520.384605 433 193 0
3031391520.5897326 428 197 0
3031391520.897424 375 268 0
3031391520.923065 428 216 0
3031391521.076911 383 162 1
3031391521.102552 398 171 1
3031391521.666653 428 196 0
3031391521.9999857 425 197 1
3031391522.0769086 376 245 1
3031391522.2307544 367 208 1
3031391522.333318 411 197 0
3031391522.410241 372 166 1
3031391522.6922917 382 151 1
3031391522.7435737 424 198 1
3031391522.8204966 367 265 0
3031391522.8461375 377 159 1
3031391522.9999833 371 261 0
3031391523.4358797 442 223 1
3031391523.4615207 371 270 0
3031391523.7435713 435 194 0
3031391523.820494 425 190 0
3031391524.102545 426 197 1
3031391524.3333135 381 216 0
3031391524.3589544 390 239 0
3031391524.3845954 353 228 0
3031391524.538441 377 227 0
3031391524.76921 424 197 1
3031391524.9486966 387 158 1
3031391526.4165034 369 270 0
3031391526.47083 376 273 0
3031391526.5070477 367 246 0
3031391526.597592 374 256 1
3031391526.6157007 370 273 0
3031391526.7424626 366 261 0
3031391526.94166 366 220 0
3031391527.0140953 359 194 0
3031391527.068422 374 271 0
3031391527.140857 384 162 1
3031391527.267619 431 193 1
3031391527.4305987 367 192 0
3031391527.503034 381 153 0
3031391527.6841226 384 161 1
3031391527.9376464 373 264 0
3031391527.991973 426 190 0
3031391528.010082 433 192 0
3031391528.118735 369 265 0
3031391528.2817144 427 191 0
3031391528.317932 377 233 0
3031391528.3903675 430 195 0
3031391528.444694 378 230 0
3031391528.6076736 374 209 1
3031391528.6257825 373 257 0
3031391528.8611975 429 196 0
3031391529.3501363 375 209 1
3031391529.4587893 412 196 0
3031391529.6579866 394 198 1
3031391529.7847486 380 216 0
3031391530.0201635 372 271 0
3031391530.092599 378 227 0
3031391530.2555785 422 191 1
3031391530.4909935 378 223 0
3031391530.5815377 400 189 1
3031391530.6358643 372 208 1
3031391530.7445173 389 192 0
3031391531.0885854 377 232 0
3031391531.124803 372 269 0
3031391531.2877827 437 210 0
3031391531.3964357 390 237 0
3031391531.8853745 429 194 0
3031391532.2656603 417 198 0
3031391532.627837 392 230 0
3031391532.9175787 387 165 0
3031391533.0805583 382 153 0
3031391533.134885 432 194 1
3031391533.2978644 399 173 1
3031391533.7686944 433 193 0
3031391534.3119597 377 209 1
3031391534.384395 428 198 0
3031391534.4568305 389 168 1
3031391534.493048 378 162 1
3031391534.6017013 379 210 1
3031391534.637919 413 187 1
3031391534.656028 373 166 1
3031391534.746572 380 187 1
3031391534.764681 376 192 1
3031391534.8371162 369 230 1
3031391534.873334 379 162 1
3031391534.9457693 409 186 1
3031391536.0383797 368 207 1
3031391536.095949 376 247 1
3031391536.1727085 375 173 1
3031391536.249468 381 234 1
3031391536.2686577 379 209 1
3031391536.4221764 366 173 1
3031391536.441366 373 170 1
3031391536.671644 390 196 1
3031391536.690834 385 188 1
3031391536.9786816 410 186 1
3031391537.4392376 371 273 0
3031391537.727085 387 260 0
3031391537.8038445 380 230 1
3031391537.842224 390 154 1
3031391538.091692 370 280 1
3031391538.110882 368 210 1
3031391538.417919 430 196 0
3031391538.4946785 393 227 0
3031391538.782526 388 237 1
3031391539.6268787 374 268 0
3031391540.1258144 373 271 0
3031391540.317713 388 251 0
3031391540.3369026 383 276 0
3031391540.66313 366 202 1
3031391540.9317875 429 191 0
3031391540.970167 398 187 0
3031391541.008547 375 236 1
3031391541.123686 374 281 1
3031391541.3923435 435 193 0
3031391541.6226215 372 272 0
3031391541.6418114 371 280 1
3031391541.81452 372 253 0
3031391541.910469 398 173 1
3031391541.929659 375 270 0
3031391542.1023674 371 272 0
3031391542.1983166 389 161 0
3031391542.5821133 372 209 1
3031391542.735632 382 164 0
3031391542.7932014 435 177 0
3031391542.9083405 425 184 0
3031391542.9851 438 204 1
3031391543.196188 427 197 0
3031391543.330517 396 202 0
3031391543.771883 368 263 0
3031391543.9445915 431 192 0
3031391544.251629 370 257 0
3031391544.328388 367 167 1
3031391544.6354256 424 196 1
3031391544.7505646 378 225 0
3031391546.046753 387 163 0
3031391547.145447 369 220 0
3031391547.2389526 368 222 0
3031391547.7766113 393 221 0
3031391547.9402466 359 193 0
3031391548.524658 375 261 1
3031391548.805176 377 273 0
3031391548.922058 382 210 1
3031391549.272705 393 198 1
3031391549.3428345 381 161 1
3031391549.366211 387 210 1
3031391549.412964 393 210 1
3031391549.5532227 396 185 0
3031391549.623352 374 263 0
3031391549.7402344 386 210 1
3031391549.810364 376 209 1
3031391549.9038696 365 194 0
3031391550.2077637 433 161 1
3031391550.324646 386 211 1
3031391550.371399 380 234 1
3031391550.4415283 407 185 1
3031391550.4882812 418 195 0
3031391550.581787 373 184 1
3031391550.62854 386 175 1
3031391550.7454224 380 188 1
3031391550.768799 380 189 1
3031391550.8623047 381 162 1
3031391551.0025635 430 191 0
3031391551.0960693 385 212 1
3031391551.189575 397 171 1
3031391551.236328 371 257 1
3031391551.283081 376 268 0
3031391551.3064575 376 174 1
3031391551.329834 380 209 1
3031391551.4467163 399 174 1
3031391551.493469 369 249 0
3031391551.633728 368 186 1
3031391551.6571045 433 175 0
3031391551.680481 378 165 1
3031391551.7038574 383 194 1
3031391551.7506104 379 156 1
3031391551.9609985 388 211 1
3031391552.1012573 382 234 1
3031391552.335022 367 181 1
3031391552.54541 434 192 0
3031391552.732422 413 196 0
3031391552.8259277 375 272 0
3031391553.036316 428 196 0
3031391553.4570923 396 170 1
3031391553.644104 386 242 1
3031391553.9246216 399 187 0
3031391553.9713745 378 272 0
3031391554.3687744 360 193 0
3031391554.509033 424 197 1
3031391554.649292 376 234 0
3031391554.7661743 366 243 0
3031391556.025281 429 195 0
3031391556.4044952 425 196 1
3031391556.505619 376 269 0
3031391556.7078667 376 248 1
3031391556.7331476 368 244 0
3031391556.7584286 434 191 0
3031391556.8342714 431 197 0
3031391557.2893286 388 157 1
3031391557.7696667 423 196 1
3031391557.8455095 370 271 0
3031391558.098319 387 153 1
3031391558.1236 378 228 0
3031391558.199443 368 254 0
3031391558.4269714 375 269 0
3031391558.578657 388 189 0
3031391558.6545 389 192 1
3031391558.679781 370 256 0
3031391559.084276 428 194 0
3031391559.261243 428 195 0
3031391559.3623667 353 237 0
3031391559.5140524 384 164 0
3031391559.665738 411 196 0
3031391559.9943905 365 266 0
3031391560.196638 419 196 0
3031391560.4241667 388 158 1
3031391560.4494476 383 152 0
3031391560.5000095 431 194 1
3031391560.702257 433 193 0
3031391560.853943 374 270 0
3031391561.207876 368 213 0
3031391561.435405 420 196 0
3031391561.5365286 368 186 0
3031391562.0674286 402 180 0
3031391562.1938334 370 263 0
3031391562.345519 392 168 1
3031391562.396081 371 271 0
3031391562.7752953 380 153 0
3031391562.9017 368 218 1
3031391562.977543 391 233 0
3031391563.028105 368 255 0
3031391563.1292286 369 269 0
3031391563.1545095 376 242 1
3031391563.1797905 383 164 0
3031391563.2556334 370 283 1
3031391563.6095667 375 271 0
3031391563.7106905 401 186 0
3031391563.8118143 358 193 0
3031391563.887657 382 158 0
3031391564.3427143 369 259 0
3031391564.7724905 384 210 1
3031391564.924176 368 229 1
3031391564.974738 422 193 1
3031391566.0 389 210 1
3031391566.158203 377 167 1
3031391566.1757812 393 184 1
3031391566.1933594 363 183 1
3031391566.2109375 369 272 0
3031391566.2285156 382 166 1
3031391566.2460938 381 209 1
3031391566.28125 381 191 1
3031391566.298828 380 179 1
3031391566.3164062 372 271 0
3031391566.439453 430 193 1
3031391566.5273438 381 165 1
3031391566.544922 395 171 1
3031391566.5625 376 179 1
3031391566.7910156 388 197 1
3031391566.8085938 381 232 1
3031391566.826172 402 191 1
3031391566.9140625 392 169 1
3031391567.0898438 392 227 0
3031391567.107422 380 240 1
3031391567.1777344 433 192 0
3031391567.6347656 392 194 1
3031391567.9160156 403 192 1
3031391568.4785156 427 227 0
3031391569.0410156 432 192 0
3031391569.5507812 390 240 0
3031391569.638672 427 190 0
3031391570.0253906 409 196 0
3031391570.1308594 375 263 0
3031391570.21875 379 160 1
3031391570.236328 437 210 1
3031391570.3066406 358 192 0
3031391570.4648438 430 190 0
3031391570.623047 432 191 0
3031391570.7460938 393 190 0
3031391571.34375 393 169 1
3031391571.4316406 377 229 0
3031391571.5195312 414 188 1
3031391571.6777344 428 216 1
3031391571.783203 403 182 0
3031391571.8710938 393 219 0
3031391571.9414062 391 236 0
3031391571.9765625 374 271 0
3031391572.046875 422 198 0
3031391572.0996094 439 210 0
3031391572.1347656 425 203 1
3031391572.1875 368 248 0
3031391572.2929688 380 276 0
3031391572.3632812 373 259 1
3031391572.4160156 370 272 0
3031391573.0839844 392 228 0
3031391573.171875 422 192 1
3031391573.4179688 376 232 0
3031391573.470703 373 271 0
3031391573.734375 408 186 1
3031391573.892578 425 198 1
3031391574.0683594 423 195 1
3031391574.419922 401 190 1
3031391574.4375 378 165 0
3031391574.560547 411 195 0
3031391574.6132812 385 165 0
3031391574.7714844 377 155 0
3031391576.215826 395 169 1
3031391576.280574 368 246 0
3031391576.323739 390 236 0
3031391576.3453217 366 265 0
3031391576.4748173 435 168 0
3031391576.4964 428 197 0
3031391576.7985563 392 210 1
3031391577.1222954 357 187 0
3031391577.187043 394 196 1
3031391577.316539 411 187 1
3031391577.4891996 374 272 0
3031391578.395669 393 225 0
3031391578.4172516 376 270 0
3031391578.56833 381 244 1
3031391578.7625732 397 187 0
3031391578.8057384 433 194 0
3031391578.8704863 390 169 1
3031391579.1942253 392 211 1
3031391579.323721 366 222 0
3031391579.4532166 393 226 0
3031391579.755373 393 220 0
3031391580.079112 434 193 0
3031391580.2301903 408 196 0
3031391580.402851 429 196 0
3031391580.4244337 428 196 0
3031391580.6618423 373 270 0
3031391580.683425 433 193 0
3031391580.834503 381 167 0
3031391580.9855814 390 235 0
3031391581.611477 369 268 0
3031391581.71939 369 260 0
3031391582.107877 393 217 0
3031391582.3452854 418 196 0
3031391582.474781 380 172 0
3031391583.0359287 429 190 0
3031391583.7049894 401 179 0
3031391583.726572 400 190 1
3031391583.7697372 375 268 0
3031391583.9208155 428 194 0
3031391584.050311 405 183 0
3031391584.2013893 370 269 0
3031391584.2877197 385 210 1
3031391584.37405 379 231 0
3031391584.546711 428 193 0
3031391584.589876 359 183 0
3031391584.827285 365 195 0
3031391586.1875 385 164 0
3031391586.2578125 373 209 1
3031391586.3515625 392 226 0
3031391586.5859375 378 231 0
3031391586.8671875 387 186 0
3031391586.9375 401 178 0
3031391587.0078125 428 195 0
3031391587.21875 378 269 0
3031391587.7109375 378 229 0
3031391587.8046875 368 262 0
3031391588.109375 396 187 0
3031391588.1796875 416 196 0
3031391588.203125 434 194 0
3031391588.4609375 368 219 0
3031391588.484375 428 191 0
3031391588.5078125 373 220 0
3031391588.6015625 379 154 0
3031391588.6484375 417 196 0
3031391589.046875 383 158 0
3031391589.28125 422 196 0
3031391589.3046875 366 227 1
3031391589.796875 431 191 0
3031391589.890625 372 196 0
3031391590.2421875 392 190 0
3031391590.2890625 407 184 1
3031391590.875 420 195 0
3031391590.921875 412 198 0
3031391591.015625 369 284 1
3031391591.484375 393 196 1
3031391591.5546875 388 253 0
3031391591.671875 372 270 0
3031391591.765625 384 276 0
3031391591.7890625 366 217 0
3031391592.140625 375 209 1
3031391592.2109375 393 216 0
3031391592.5625 427 197 0
3031391592.7265625 377 206 0
3031391592.7734375 439 210 1
3031391592.984375 425 197 1
3031391593.4296875 378 151 0
3031391593.453125 369 264 0
3031391593.5234375 372 225 0
3031391593.640625 375 234 0
3031391593.7578125 370 270 0
3031391594.0390625 369 214 0
3031391594.2265625 365 235 0
3031391594.4140625 388 252 0
3031391594.4609375 377 234 0
3031391594.5078125 378 230 0
3031391594.671875 381 217 0
3031391594.71875 380 149 0
3031391596.0254955 391 234 0
3031391596.1784687 376 271 0
3031391596.22946 429 189 0
3031391596.2549553 369 225 0
3031391596.3059464 367 240 0
3031391596.5099106 379 271 0
3031391596.586397 366 241 0
3031391596.713875 375 217 0
3031391596.917839 380 210 1
3031391597.070812 421 291 0
3031391597.147299 390 210 1
3031391597.249281 414 222 0
3031391597.300272 375 270 0
3031391597.351263 410 198 0
3031391597.8611736 393 170 1
3031391598.1416245 432 189 0
3031391598.320093 432 188 0
3031391598.371084 410 196 0
3031391598.5240574 397 172 1
3031391598.549553 377 268 0
3031391598.651535 387 157 1
3031391598.804508 383 210 1
3031391598.9574814 422 191 1
3031391598.982977 378 224 0
3031391599.237932 379 163 0
3031391599.3399143 374 209 1
3031391599.4418964 379 151 1
3031391599.671356 404 184 0
3031391599.8243294 386 182 0
3031391600.2067623 428 216 0
3031391600.385231 429 195 0
3031391600.5636997 386 165 0
3031391600.5891953 380 171 0
3031391600.614691 368 249 0
3031391600.7931595 364 195 0
3031391601.2775745 360 261 0
3031391601.405052 357 191 0
3031391601.8129807 433 193 0
3031391601.9404583 387 156 0
3031391601.9914494 404 193 1
3031391602.0424404 369 270 0
3031391602.2464046 357 261 0
3031391602.348387 386 159 1
3031391602.756315 370 208 1
3031391603.0622616 369 267 0
3031391603.087757 400 180 0
3031391603.138748 433 161 0
3031391603.2407303 379 154 1
3031391603.2917213 424 197 1
3031391603.4446945 369 263 0
3031391603.47019 373 271 0
3031391603.572172 375 269 0
3031391603.7251453 372 271 0
3031391604.3625336 435 192 0
3031391604.821453 385 180 0
3031391606.0298014 429 194 0
3031391606.6258287 377 231 0
3031391606.759935 362 194 0
3031391606.983445 395 170 1
3031391607.132452 364 263 0
3031391607.1920547 376 221 0
3031391607.2069554 382 215 0
3031391607.3857636 370 171 0
3031391607.802983 375 180 0
3031391607.9072876 377 223 0
3031391608.115897 367 257 0
3031391608.1755 377 228 0
3031391608.3394074 423 197 1
3031391609.158945 367 248 0
3031391609.203647 363 194 0
3031391609.4718595 358 191 0
3031391609.7102704 384 159 0
3031391609.9486814 433 192 0
3031391609.963582 378 222 0
3031391610.023185 431 164 0
3031391610.1274896 374 270 0
3031391610.1721916 371 256 0
3031391610.3211985 428 190 0
3031391610.336099 387 211 1
3031391610.351 383 233 1
3031391610.395702 377 190 0
3031391610.4106026 428 196 0
3031391610.485106 368 253 0
3031391610.6043115 371 191 0
3031391610.9917293 370 272 0
3031391611.00663 371 166 1
3031391611.1258354 424 196 1
3031391611.43875 430 188 0
3031391611.468551 374 243 0
3031391611.528154 379 153 0
3031391611.617558 437 201 0
3031391611.66226 415 196 0
3031391611.8708696 429 197 0
3031391611.9155717 401 190 1
3031391612.288089 428 195 0
3031391612.362592 382 149 0
3031391612.7351093 372 201 0
3031391612.75001 413 195 0
3031391612.8245134 402 179 0
3031391613.0182223 391 169 1
3031391613.167229 376 234 0
3031391613.18213 380 217 0
3031391613.3460374 380 239 1
3031391613.644051 431 196 0
3031391613.778157 375 258 1
3031391613.986767 380 158 0
3031391614.016568 379 273 0
3031391614.1506743 398 172 1
3031391614.165575 377 279 1
3031391614.1804757 371 270 0
3031391614.403986 376 269 0
3031391614.448688 393 229 0
3031391614.642397 419 197 0
3031391614.92551 382 272 0
3031391616.136068 371 268 0
3031391616.2526975 365 177 0
3031391616.6025863 401 189 1
3031391616.933037 377 230 0
3031391617.166296 371 269 0
3031391617.2051725 403 191 1
3031391617.749444 366 221 0
3031391617.807759 428 194 0
3031391618.1382093 361 194 0
3031391618.624166 397 186 0
3031391618.7213573 393 194 1
3031391618.7991104 429 196 0
3031391619.3822584 389 246 0
3031391619.498888 381 154 0
3031391619.732147 360 261 1
3031391619.8293386 421 195 0
3031391619.848777 430 192 0
3031391620.0431595 380 276 1
3031391620.159789 371 271 0
3031391620.37361 423 196 1
3031391620.6457458 368 208 1
3031391620.665184 365 270 1
3031391620.82069 376 267 0
3031391620.956758 381 158 0
3031391621.0539494 396 171 1
3031391621.248332 374 271 0
3031391621.695412 394 210 1
3031391621.986986 400 177 0
3031391622.200807 379 158 0
3031391622.2396836 369 257 0
3031391622.27856 388 159 1
3031391622.39519 368 261 0
3031391622.492381 433 189 0
3031391622.8811464 383 159 0
3031391622.9588995 386 164 0
3031391623.231035 430 198 0
3031391623.503171 377 209 1
3031391623.561486 379 270 0
3031391623.6975536 421 190 1
3031391624.727782 417 195 0
3031391624.883288 384 272 0
3031391624.9416027 422 192 1
3031391626.047244 378 209 1
3031391626.1889763 408 195 0
3031391626.2598424 373 269 0
3031391626.590551 411 186 1
3031391626.637795 388 188 0
3031391626.685039 391 232 0
3031391626.779527 428 195 0
3031391626.803149 430 191 0
3031391627.1338577 370 258 0
3031391627.228346 427 198 0
3031391627.346456 395 186 0
3031391627.913385 433 194 0
3031391628.1732273 388 210 1
3031391628.1968493 378 220 0
3031391628.4330697 383 162 1
3031391628.4566917 393 224 0
3031391628.622046 377 153 0
3031391628.692912 371 208 1
3031391628.9763765 377 282 1
3031391629.0944867 393 167 1
3031391629.236219 433 193 0
3031391629.354329 373 270 0
3031391629.425195 374 267 0
3031391629.6141715 379 217 0
3031391629.6850376 433 191 0
3031391629.7559037 427 197 0
3031391629.850392 376 244 1
3031391630.015746 369 279 1
3031391630.086612 385 160 1
3031391630.1338563 422 194 1
3031391630.2519665 423 198 1
3031391630.4173207 426 197 0
3031391630.677163 382 210 1
3031391630.8661394 432 192 0
3031391630.9606276 431 192 0
3031391631.267714 389 248 0
3031391631.362202 372 267 0
3031391631.7165327 438 196 0
3031391631.7401547 367 229 1
3031391631.834643 375 264 0
3031391631.999997 382 167 0
