2199867383.2066646 351 241 0
2199867383.437431 355 143 1
2199867383.4662766 363 190 1
2199867383.5095453 352 238 0
2199867383.9133863 352 240 1
2199867384.100884 356 152 0
2199867384.77876 363 191 1
2199867384.8076057 323 233 1
2199867384.8508744 345 241 0
2199867384.922989 359 234 1
2199867385.1249094 326 229 0
2199867385.32683 351 210 0
2199867385.42779 349 208 1
2199867385.442213 321 247 0
2199867385.6297107 360 238 1
2199867386.0335517 370 239 0
2199867386.0623975 371 231 1
2199867386.120089 357 189 1
2199867386.538353 365 189 0
2199867386.5816216 341 179 1
2199867388.0 347 212 0
2199867388.209651 350 197 1
2199867388.434277 339 207 1
2199867388.5391026 323 165 0
2199867388.613978 378 194 0
2199867388.823629 360 180 1
2199867388.8985043 370 184 0
2199867389.287856 349 145 0
2199867389.437607 326 236 1
2199867389.452582 350 139 0
2199867389.497507 347 141 0
2199867389.677208 320 234 0
2199867389.856909 332 232 1
2199867389.871884 349 238 1
2199867390.081535 350 238 1
2199867390.141435 361 215 0
2199867390.2462606 336 242 0
2199867390.500837 351 190 1
2199867390.695513 342 151 0
2199867390.8003383 340 154 0
2199867391.0698895 361 237 1
2199867391.2196403 351 140 0
2199867391.549092 354 240 1
2199867391.788693 360 230 1
2199867391.9234686 361 239 1
2199867391.968394 353 238 0
2199867392.043269 357 149 1
2199867392.1181445 350 149 0
2199867392.178045 363 169 0
2199867392.3128204 376 211 1
2199867392.432621 355 142 1
2199867392.447596 333 226 1
2199867392.687197 336 170 1
2199867392.866898 370 190 1
2199867393.3311253 359 235 1
2199867393.3461003 346 221 0
2199867393.885203 360 213 1
2199867393.930128 354 218 1
2199867394.28953 338 179 0
2199867394.34943 363 235 1
2199867394.37938 355 140 1
2199867394.6040063 350 242 0
2199867394.6639066 362 235 0
2199867394.8585825 340 152 0
2199867395.203009 355 146 1
2199867395.35276 355 207 1
2199867395.367735 360 236 1
2199867395.5474358 340 239 0
2199867395.607336 362 226 0
2199867395.6672363 336 223 0
2199867395.7271366 355 235 0
2199867395.802012 336 157 0
2199867395.831962 346 138 1
2199867395.8918624 360 226 1
2199867396.0715632 361 228 1
2199867396.206339 329 245 0
2199867396.236289 346 242 0
2199867396.2961893 327 189 1
2199867396.5807157 336 242 1
2199867396.850267 340 208 0
2199867398.164833 357 148 1
2199867398.1977997 379 194 1
2199867398.280216 346 223 0
2199867398.543949 361 238 1
2199867398.5769157 358 189 1
2199867398.708782 353 240 1
2199867398.741749 350 142 1
2199867399.2197647 357 141 0
2199867399.3681145 354 228 1
2199867399.401081 372 179 1
2199867399.4834976 346 139 1
2199867399.499981 342 234 1
2199867399.615364 354 226 0
2199867399.6977806 349 139 0
2199867400.0274467 351 144 0
2199867400.1098633 368 243 0
2199867400.3406296 345 146 1
2199867400.373596 340 187 0
2199867400.406563 362 225 1
2199867400.4395294 353 237 0
2199867400.620846 376 211 1
2199867400.736229 350 184 0
2199867400.7527122 356 145 1
2199867400.9340286 357 218 1
2199867401.1318283 361 222 1
2199867401.1977615 357 252 0
2199867401.2472115 360 225 1
2199867401.3625946 356 139 0
2199867401.395561 348 141 0
2199867401.5274277 358 150 0
2199867402.071377 376 211 1
2199867402.3351097 363 193 0
2199867402.351593 350 149 1
2199867402.516426 345 241 1
2199867402.565876 349 152 0
2199867402.615326 341 234 1
2199867402.7471924 340 184 0
2199867402.7636757 328 232 1
2199867402.7966423 329 160 0
2199867402.9779587 350 241 0
2199867403.1427917 380 197 0
2199867403.1922417 356 227 1
2199867403.802124 354 190 1
2199867403.950474 349 192 1
2199867403.966957 347 140 0
2199867404.2636566 364 193 0
2199867404.296623 346 148 1
2199867404.5933228 361 187 1
2199867404.609806 354 144 0
2199867404.7911224 357 233 0
2199867404.824089 330 213 0
2199867404.8900223 362 240 1
2199867405.1207886 351 138 0
2199867405.9779205 347 152 0
2199867405.994404 351 139 0
2199867406.0273705 363 188 0
2199867406.159237 379 219 0
2199867406.2416534 326 229 1
2199867406.27462 367 188 1
2199867406.6207695 359 208 1
2199867408.1494694 368 193 1
2199867408.2882624 363 160 1
2199867408.725994 358 184 0
2199867409.355901 354 215 1
2199867409.473341 361 241 0
2199867409.6868687 372 195 0
2199867409.7722797 378 196 0
2199867409.921749 342 212 0
2199867410.167306 354 226 1
2199867410.3488045 354 238 0
2199867410.6797724 352 190 1
2199867410.839918 352 211 1
2199867410.925329 340 201 1
2199867411.064122 342 181 1
2199867411.1281805 367 133 1
2199867411.138857 321 247 1
2199867411.1602097 358 230 1
2199867411.202915 348 140 0
2199867411.341708 340 168 0
2199867411.4591484 341 186 0
2199867411.9929676 345 241 0
2199867412.035673 326 224 0
2199867412.0677023 360 224 1
2199867412.249201 379 187 1
2199867412.3559647 357 213 1
2199867412.4093466 341 164 1
2199867412.644227 356 189 1
2199867412.78302 362 239 1
2199867412.8257256 338 237 0
2199867413.081959 363 174 1
2199867413.146017 361 236 1
2199867413.2100754 362 241 1
2199867413.4876614 361 208 0
2199867413.6264544 355 206 1
2199867413.946746 379 231 1
2199867413.9574223 337 179 1
2199867414.4058304 358 224 1
2199867414.843562 337 207 0
2199867415.17453 356 245 0
2199867415.2919703 354 241 1
2199867415.3026466 345 144 1
2199867415.3880577 343 238 0
2199867415.569556 347 224 1
2199867415.622938 344 245 0
2199867415.6869965 344 213 0
2199867415.7190256 367 243 0
2199867415.751055 360 210 0
2199867415.975259 351 200 1
2199867416.0713463 351 136 1
2199867416.146081 356 143 0
2199867416.1674337 329 230 0
2199867416.391638 328 214 1
2199867416.7226057 356 207 1
2199867416.7439585 350 146 1
2199867416.754635 360 237 1
2199867416.7759876 358 237 1
2199867416.8293695 342 184 1
2199867416.8507223 352 144 0
2199867418.0830755 352 135 1
2199867418.5676827 332 145 0
2199867419.05229 377 234 0
2199867419.1076736 362 238 1
2199867419.190749 369 190 1
2199867419.2738247 340 208 1
2199867419.2876706 358 233 0
2199867419.4538217 353 229 1
2199867419.550743 354 223 1
2199867419.578435 361 218 1
2199867419.6199727 359 217 1
2199867420.118426 345 140 1
2199867420.8522596 352 236 0
2199867420.8661056 353 226 0
2199867421.115332 362 221 1
2199867421.1845617 358 220 1
2199867421.309175 344 199 0
2199867422.029163 350 205 1
2199867422.153776 364 189 1
2199867422.319927 361 238 1
2199867422.4445405 343 241 1
2199867422.6522293 357 252 1
2199867422.9291477 350 126 0
2199867423.0122232 354 235 0
2199867423.219912 360 239 1
2199867423.3029876 358 217 1
2199867423.413755 353 145 0
2199867423.4691386 352 240 1
2199867423.593752 353 238 0
2199867423.8014407 362 197 1
2199867423.8291326 344 188 0
2199867423.926054 335 171 1
2199867424.1891265 358 212 0
2199867424.2029724 357 196 0
2199867424.3414316 360 241 0
2199867425.0337276 357 244 0
2199867425.2552624 363 190 1
2199867425.7952533 352 238 0
2199867425.809099 356 221 1
2199867425.878329 362 229 1
2199867426.002942 358 242 1
2199867426.3213983 325 181 0
2199867426.570625 356 232 0
2199867426.5844707 339 171 1
2199867426.6398544 361 231 1
2199867426.8336973 349 190 1
2199867426.8475432 360 181 1
2199867426.889081 359 183 1
2199867426.916773 352 143 1
2199867426.9444647 364 242 0
2199867428.0 353 142 1
2199867428.031088 351 230 0
2199867428.5906696 343 240 0
2199867428.6528454 344 150 1
2199867428.777197 354 239 0
2199867428.9326363 366 193 1
2199867428.979268 339 157 1
2199867429.3367786 356 142 0
2199867429.3523226 337 163 1
2199867429.6321135 328 236 0
2199867429.740921 373 227 0
2199867430.3315907 377 222 0
2199867430.440398 352 151 1
2199867430.5802937 346 222 0
2199867430.8911724 353 240 1
2199867430.9222603 345 187 1
2199867431.3108587 369 208 0
2199867431.497386 360 240 0
2199867431.6061935 353 231 0
2199867431.6683693 357 200 0
2199867432.010336 340 167 0
2199867432.227951 348 152 0
2199867432.8652525 338 246 0
2199867432.9118843 362 169 0
2199867432.942972 361 207 0
2199867433.0517797 353 143 1
2199867433.0828676 338 247 0
2199867433.1294994 352 239 0
2199867433.207219 334 182 0
2199867433.222763 369 235 1
2199867433.3160267 359 188 1
2199867433.3471146 357 245 0
2199867433.6735373 341 184 0
2199867433.689081 347 224 0
2199867433.766801 353 241 1
2199867433.99996 380 197 1
2199867434.015504 355 235 0
2199867434.264207 358 225 1
2199867434.3263826 356 238 0
2199867434.450734 332 206 1
2199867434.466278 361 239 1
2199867434.8704205 369 191 1
2199867435.181299 359 189 1
2199867435.4144583 359 210 1
2199867435.492178 361 216 0
2199867435.523266 380 173 1
2199867435.8807764 360 238 1
2199867436.1605673 347 218 1
2199867436.176111 356 147 1
2199867436.207199 363 177 1
2199867436.253831 356 233 0
2199867436.3937263 379 219 1
2199867436.4092703 327 193 1
2199867436.5647097 347 144 0
2199867436.6113415 351 223 0
2199867436.6268854 347 142 0
2199867436.6424294 345 141 1
2199867436.782325 359 231 1
2199867436.7978687 372 179 0
2199867436.8289566 337 203 0
2199867438.032316 361 219 1
2199867438.0646324 343 175 0
2199867438.0969486 377 178 0
2199867438.323162 342 183 1
2199867438.3554783 322 202 0
2199867438.452427 359 230 1
2199867438.5332174 358 188 1
2199867438.614008 376 202 0
2199867438.791747 357 243 0
2199867438.8563795 344 233 1
2199867438.921012 354 240 1
2199867438.969486 346 186 1
2199867439.0341187 378 170 1
2199867439.6319685 361 211 0
2199867439.728917 335 171 0
2199867440.779194 363 239 1
2199867440.827668 340 201 0
2199867441.2154627 352 243 0
2199867441.3608856 361 163 1
2199867441.6678896 356 188 1
2199867441.8294706 346 222 1
2199867441.861787 358 243 0
2199867441.9587355 356 244 0
2199867442.201107 341 212 1
2199867442.508111 345 149 1
2199867442.6212177 351 188 1
2199867442.637376 362 240 1
2199867442.653534 335 200 0
2199867442.68585 348 215 1
2199867442.7181664 362 241 1
2199867442.815115 345 212 0
2199867442.94438 367 169 1
2199867443.2190676 378 236 0
2199867443.267542 342 175 0
2199867443.5422297 346 223 1
2199867443.736127 344 245 1
2199867443.8492336 359 181 1
2199867443.913866 362 183 1
2199867444.1562376 359 240 0
2199867444.2855024 370 189 1
2199867444.3339767 356 222 1
2199867444.4309254 346 240 0
2199867444.4470835 355 153 0
2199867444.5925064 356 149 1
2199867444.7540874 356 212 1
2199867445.0610914 336 234 1
2199867445.0934076 361 227 1
2199867445.5135183 377 234 1
2199867445.6750994 354 241 1
2199867445.804364 362 206 0
2199867445.933629 356 237 0
2199867445.949787 337 207 1
2199867446.4668465 379 175 0
2199867446.741534 358 245 0
2199867448.0375524 375 181 0
2199867448.162727 340 240 0
2199867448.1752443 363 157 1
2199867448.5132155 360 231 1
2199867448.68846 341 238 1
2199867448.751047 332 236 0
2199867448.7885995 357 145 1
2199867448.888739 359 237 1
2199867448.913774 366 189 0
2199867449.026431 338 165 1
2199867449.3644023 353 190 1
2199867449.552164 340 152 1
2199867449.627269 371 216 0
2199867449.6523037 345 242 0
2199867449.8400655 357 231 1
2199867449.852583 332 145 1
2199867449.8651004 358 244 0
2199867450.0403447 329 245 1
2199867450.102932 330 236 0
2199867450.127967 344 233 0
2199867450.1780367 376 202 1
2199867450.3407636 352 244 0
2199867450.353281 362 152 0
2199867450.378316 360 223 1
2199867450.8039093 339 187 0
2199867450.929084 359 153 0
2199867451.066776 352 232 1
2199867451.3922296 349 241 0
2199867452.1307592 361 229 1
2199867452.4687304 345 150 1
2199867452.543835 360 227 1
2199867452.593905 338 184 0
2199867452.6064224 329 171 0
2199867452.8317366 358 189 1
2199867453.144673 325 238 1
2199867453.7705455 343 241 0
2199867453.7955804 334 184 1
2199867453.920755 346 139 1
2199867454.258726 356 234 0
2199867454.646767 356 232 1
2199867454.671802 372 179 1
2199867455.385297 373 227 1
2199867455.610611 355 147 1
2199867455.8234076 334 234 1
2199867456.1238265 354 229 1
2199867456.1738963 355 241 1
2199867456.299071 357 140 0
2199867456.336623 362 239 1
2199867456.3992105 326 224 1
2199867456.574455 367 188 0
2199867456.912426 330 172 1
2199867456.937461 356 210 1
2199867458.0491123 333 226 0
2199867458.294674 329 236 0
2199867458.3683424 358 231 1
2199867458.429733 361 239 1
2199867458.908578 354 147 1
2199867458.9699683 334 240 0
2199867458.9822464 361 221 1
2199867459.1173053 362 184 1
2199867459.7434874 361 225 1
2199867459.7557654 363 238 1
2199867460.0381613 367 243 1
2199867460.2100544 368 243 1
2199867460.3696694 355 239 0
2199867460.4187818 355 198 1
2199867460.5415626 362 238 1
2199867460.5538406 362 240 1
2199867460.6520653 321 189 1
2199867460.7134557 361 190 1
2199867460.8116803 367 191 1
2199867460.8730707 350 190 1
2199867460.9835734 352 215 1
2199867460.9958515 345 237 1
2199867461.241413 363 156 1
2199867461.536087 352 239 0
2199867461.7816486 345 139 1
2199867461.978098 344 189 1
2199867462.02721 351 216 1
2199867462.2113814 350 148 1
2199867462.309606 342 187 1
2199867462.6656704 362 207 0
2199867462.9726224 354 154 0
2199867463.1567936 353 239 0
2199867463.2672963 354 230 1
2199867463.8812003 362 226 1
2199867464.0285373 380 170 1
2199867464.163596 357 228 1
2199867464.3846016 372 195 1
2199867464.6669974 342 186 0
2199867464.8143344 325 233 1
2199867464.8511686 354 231 0
2199867464.9739494 321 189 0
2199867465.1703987 356 144 0
2199867465.194955 347 166 1
2199867465.4282384 347 224 1
2199867465.551019 360 228 1
2199867465.796581 345 142 1
2199867465.8825274 329 171 1
2199867465.9439178 345 189 1
2199867466.115811 362 162 1
2199867466.3736506 353 213 1
2199867466.5578218 361 164 1
2199867468.014682 325 193 0
2199867468.088091 365 239 1
2199867468.176182 362 202 1
2199867468.1908636 321 155 0
2199867468.2202272 337 183 0
2199867468.3670454 360 216 0
2199867468.954318 354 244 0
2199867469.0130453 368 193 1
2199867469.042409 361 238 1
2199867469.4975452 339 190 0
2199867469.5562725 335 188 0
2199867469.7030907 329 243 1
2199867469.8792725 359 213 1
2199867470.216954 363 240 1
2199867470.2609997 335 169 0
2199867470.4371815 359 150 1
2199867470.4518633 350 145 0
2199867470.481227 352 212 1
2199867470.6720905 353 228 1
2199867471.127227 355 141 1
2199867472.301772 329 236 1
2199867472.3458176 353 245 0
2199867472.3604994 330 236 1
2199867472.6541357 379 175 1
2199867472.8449993 347 190 1
2199867472.9037266 362 241 1
2199867472.9184084 347 145 0
2199867473.035863 376 204 0
2199867473.1679993 350 159 0
2199867473.3735447 343 234 1
2199867473.755272 359 225 1
2199867473.843363 354 241 1
2199867473.8580446 341 216 1
2199867473.8874083 379 216 0
2199867473.975499 377 222 1
2199867474.3425446 354 216 1
2199867474.3572264 358 199 1
2199867474.401272 374 191 0
2199867474.5774536 333 224 1
2199867474.6068172 367 193 1
2199867474.6802263 353 241 1
2199867474.7389536 357 210 0
2199867474.797681 362 200 0
2199867474.8270445 321 169 0
2199867475.0472717 360 189 1
2199867475.19409 380 239 0
2199867475.35559 352 238 0
2199867475.3702717 338 238 0
2199867475.414317 367 188 1
2199867475.575817 351 136 1
2199867475.649226 354 145 0
2199867475.7079535 362 223 1
2199867475.810726 362 186 1
2199867475.913499 327 143 0
2199867476.1190443 357 151 0
2199867476.133726 362 191 1
2199867476.2511806 361 239 1
2199867476.471408 344 234 1
2199867476.5154533 347 241 0
2199867476.7503624 334 182 1
2199867476.8090897 354 190 1
2199867476.8384533 337 238 0
2199867478.169492 334 196 0
2199867478.2203393 339 190 1
2199867478.8983064 362 185 1
2199867479.0847473 335 160 0
2199867479.1016965 355 241 1
2199867479.1186457 372 233 1
2199867479.2203407 346 235 1
2199867479.23729 367 192 1
2199867479.338985 367 185 0
2199867479.3728833 366 194 1
2199867479.6779685 365 195 1
2199867479.745765 343 200 0
2199867479.8813586 345 185 1
2199867480.0677996 362 189 1
2199867480.3728848 360 243 1
2199867480.4237323 363 159 1
2199867480.67797 362 152 1
2199867480.694919 359 214 1
2199867481.237293 346 241 0
2199867481.440683 345 242 1
2199867481.6949205 355 191 1
2199867481.745768 357 213 1
2199867481.813565 337 177 0
2199867481.8644123 354 191 1
2199867481.9830565 357 165 1
2199867482.508481 356 235 0
2199867482.7627187 345 141 1
2199867482.796617 327 143 1
2199867482.881363 360 188 1
2199867482.9491596 351 149 0
2199867483.1525497 361 209 0
2199867483.186448 352 136 1
2199867483.2033973 348 177 0
2199867483.5084825 342 210 0
2199867483.6949234 335 188 1
2199867483.932212 362 240 1
2199867484.0000086 355 230 1
2199867484.118653 361 151 0
2199867484.220348 355 176 1
2199867484.2711954 362 239 1
2199867484.338992 361 241 0
2199867484.440687 342 212 1
2199867484.79662 348 137 1
2199867484.898315 376 202 1
2199867485.0339084 348 227 1
2199867485.084756 344 151 1
2199867485.3389935 362 179 1
2199867485.4067903 354 188 1
2199867485.593231 351 207 0
2199867485.6271296 350 192 1
2199867485.677977 361 210 0
2199867486.067808 333 234 1
2199867486.2203507 339 188 1
2199867486.322046 357 142 0
2199867486.4067917 357 172 1
2199867486.5932326 334 164 0
2199867486.610182 344 150 1
2199867486.7966228 333 172 0
2199867486.8474703 354 233 0
2199867488.194906 343 232 1
2199867488.4012775 351 190 1
2199867488.470068 369 235 0
2199867488.5159283 375 230 0
2199867488.596184 344 239 0
2199867488.642044 372 179 0
2199867488.7452297 340 166 0
2199867488.9974613 345 149 1
2199867489.0547867 355 151 0
2199867489.1579723 342 243 0
2199867489.2038326 372 233 0
2199867489.238228 325 235 1
2199867489.295553 353 238 0
2199867489.3528786 352 140 0
2199867489.410204 362 220 1
2199867489.5248547 336 242 1
2199867489.55925 343 215 1
2199867489.8000164 339 239 0
2199867489.903202 354 241 1
2199867490.1668987 350 237 1
2199867490.247154 349 137 1
2199867490.4764557 352 239 0
2199867490.5796413 358 216 1
2199867490.843338 360 240 0
2199867491.2446156 360 235 1
2199867491.3707314 362 224 1
2199867491.485382 358 232 1
2199867491.8293343 353 237 0
2199867492.070101 361 167 1
2199867492.115961 368 243 0
2199867492.2191467 355 190 1
2199867492.3223324 327 204 0
2199867492.4599133 363 189 0
2199867492.4713783 361 238 1
2199867493.021702 366 193 1
2199867493.1592827 356 200 0
2199867493.216608 351 230 1
2199867493.652281 347 227 1
2199867493.8930473 352 145 0
2199867493.9045124 367 194 1
2199867494.0994186 353 227 0
2199867494.2484646 361 222 1
2199867494.32872 378 197 1
2199867494.4089756 360 238 1
2199867494.4204407 362 178 1
2199867494.775858 361 169 1
2199867494.798788 376 204 1
2199867494.8905087 335 200 1
2199867495.1427402 354 230 1
2199867495.257391 359 228 1
2199867495.5325527 339 158 1
2199867495.578413 356 239 0
2199867495.8306446 335 221 0
2199867495.8421097 352 245 0
2199867495.9682255 353 231 1
2199867496.1058064 380 239 1
2199867496.4726887 352 224 0
2199867496.70199 376 202 0
2199867496.7249203 367 189 1
2199867496.816641 362 181 1
2199867496.862501 355 241 1
2199867496.9427567 369 192 1
2199867498.1551704 354 239 0
2199867498.4655113 347 242 0
2199867498.491373 333 237 0
2199867498.6465435 341 240 0
2199867498.775852 367 235 0
2199867499.202571 365 195 0
2199867499.306018 331 158 0
2199867499.499981 344 185 1
2199867499.668082 362 199 0
2199867499.7327366 351 242 0
2199867499.9396305 343 215 0
2199867499.9525614 363 237 1
2199867500.198248 354 240 1
2199867500.288764 362 217 1
2199867500.3275566 353 241 1
2199867500.573243 352 152 0
2199867500.663759 355 210 1
2199867500.7154827 376 211 0
2199867501.2197866 365 173 0
2199867501.374957 373 211 0
2199867501.5171967 352 229 1
2199867501.762883 369 188 1
2199867501.86633 349 215 0
2199867502.0215006 354 243 0
2199867502.073224 378 238 1
2199867502.2283945 356 204 0
2199867502.4352884 354 246 0
2199867502.4482193 339 240 0
2199867502.577528 366 180 0
2199867502.668044 358 218 1
2199867502.7456293 361 239 1
2199867502.8490763 337 182 0
2199867503.094763 342 153 0
2199867503.3404493 334 192 1
2199867503.366311 371 186 1
2199867503.5085506 351 194 1
2199867503.6119976 345 145 1
2199867503.663721 354 238 0
2199867503.676652 354 139 0
2199867503.7283754 350 139 0
2199867503.780099 358 215 0
2199867503.9999237 371 220 0
2199867504.0387163 362 239 1
2199867504.051647 351 243 0
2199867504.258541 363 201 0
2199867504.284403 359 244 0
2199867504.361988 360 230 1
2199867504.4266424 357 223 1
2199867504.4395733 346 139 1
2199867504.465435 321 166 0
2199867504.672329 360 245 0
2199867504.7111216 361 223 1
2199867504.775776 352 213 1
2199867504.8145685 342 210 1
2199867504.853361 368 176 1
2199867505.060255 352 227 0
2199867505.28008 344 164 1
2199867505.2930107 360 211 0
2199867505.486974 350 205 0
2199867505.9912777 369 194 1
2199867506.1852407 363 240 1
2199867506.2240334 360 231 1
2199867506.2886877 380 192 0
2199867506.3016186 359 238 1
2199867506.353342 362 154 0
2199867506.560236 359 220 1
2199867506.663683 362 241 1
2199867506.7154064 362 219 1
2199867508.0306644 335 162 0
2199867508.153322 363 191 1
2199867508.1839867 355 245 0
2199867508.2453156 340 188 0
2199867508.398638 359 245 0
2199867508.7819433 345 140 1
2199867509.042591 371 229 0
2199867509.257242 357 222 1
2199867509.395232 361 171 0
2199867509.6405478 331 240 0
2199867509.671212 362 240 1
2199867509.9165277 371 152 0
2199867510.06985 325 238 0
2199867510.223172 344 241 0
2199867510.269169 359 231 1
2199867510.3151655 329 127 0
2199867510.6064777 361 220 1
2199867510.7291355 327 204 1
2199867510.775132 376 199 0
2199867510.8057966 356 236 0
2199867510.959119 355 190 1
2199867511.6184044 361 230 1
2199867511.649069 367 235 1
2199867511.86372 377 178 1
2199867511.9557133 360 234 1
2199867512.0477066 353 239 0
2199867512.063039 348 227 0
2199867512.216361 353 235 0
2199867512.55367 361 237 1
2199867512.614999 352 237 0
2199867513.2129555 356 211 1
2199867513.2282877 353 214 1
2199867513.24362 336 182 0
2199867513.304949 361 238 1
2199867513.3509455 355 237 0
2199867513.38161 334 243 0
2199867513.5502644 346 140 1
2199867513.6115932 337 177 1
2199867513.994899 354 241 1
2199867514.0562277 329 252 0
2199867514.1942177 358 214 1
2199867514.3168755 364 242 1
2199867514.439533 352 185 0
2199867514.5315266 351 223 1
2199867514.546859 371 188 1
2199867514.838171 334 196 1
2199867515.267473 380 234 0
2199867515.405463 370 191 1
2199867515.742772 376 211 1
2199867515.942091 330 233 1
2199867516.3100643 345 186 1
2199867516.3407288 356 150 1
2199867516.371393 362 180 1
2199867516.432722 355 228 1
2199867516.494051 349 136 1
2199867516.509383 372 206 0
2199867516.5400476 361 204 0
2199867516.55538 345 213 0
2199867516.5860443 347 243 0
2199867516.632041 361 244 0
2199867516.8620243 367 239 0
2199867516.8773565 337 182 1
2199867518.1918316 349 216 0
2199867518.2397895 362 164 1
2199867518.367677 329 186 0
2199867518.415635 376 243 0
2199867518.5914807 358 150 0
2199867518.6234527 375 181 1
2199867518.7513404 365 178 1
2199867518.7833123 371 171 0
2199867518.7992983 352 139 0
2199867518.847256 360 224 1
2199867518.879228 355 148 1
2199867519.1350036 356 238 0
2199867519.310849 350 158 0
2199867519.342821 324 240 0
2199867519.358807 349 140 0
2199867519.470709 358 165 1
2199867519.758456 345 242 0
2199867519.806414 362 238 1
2199867519.9982457 353 241 1
2199867520.2060633 359 218 1
2199867520.5737405 349 139 0
2199867520.5897264 346 218 0
2199867520.6216984 372 179 1
2199867520.829516 362 174 1
2199867520.9254317 322 234 0
2199867520.9574037 355 241 1
2199867521.5328984 336 242 0
2199867521.740716 365 195 1
2199867521.772688 354 239 0
2199867521.9645195 354 138 0
2199867522.0284634 346 178 0
2199867522.4600844 342 222 0
2199867522.571986 334 192 0
2199867523.051565 360 218 1
2199867523.3552985 377 210 0
2199867523.4672003 345 240 0
2199867523.499172 351 208 0
2199867523.62706 369 209 1
2199867523.8988214 364 177 1
2199867524.026709 333 171 0
2199867524.122625 361 239 1
2199867524.586218 345 187 1
2199867524.6821337 351 210 1
2199867524.6981196 351 237 0
2199867524.8100214 361 189 1
2199867525.097769 340 208 0
2199867525.1297407 352 155 0
2199867525.1936846 362 235 1
2199867525.2096705 342 221 0
2199867525.3375583 355 149 1
2199867525.385516 342 240 0
2199867525.513404 357 189 1
2199867525.7212214 352 190 1
2199867525.7531934 378 221 0
2199867525.833123 335 182 0
2199867526.2327724 364 193 1
2199867526.2647443 353 190 1
2199867526.936155 360 174 1
2199867528.0979457 361 192 0
2199867528.1305943 349 141 0
2199867528.3809 363 219 1
2199867528.45708 371 152 1
2199867528.674737 333 148 0
2199867528.7944484 340 188 1
2199867529.0012226 354 245 0
2199867529.1426997 333 224 0
2199867529.512717 354 237 0
2199867529.719491 366 190 0
2199867529.7739053 363 235 0
2199867530.764245 362 240 1
2199867530.840425 322 202 1
2199867531.602225 336 182 1
2199867531.7001705 362 239 1
2199867531.798116 353 153 1
2199867531.808999 360 193 0
2199867531.819882 353 240 1
2199867531.896062 356 241 1
2199867532.189899 345 141 1
2199867532.200782 362 231 1
2199867532.342259 333 167 0
2199867532.5055017 367 190 1
2199867532.7558074 356 140 0
2199867533.1040587 366 192 0
2199867533.14759 362 208 0
2199867533.4958415 358 209 1
2199867533.550256 358 153 0
2199867533.6482015 330 234 1
2199867533.75703 342 165 1
2199867533.8005614 353 143 1
2199867534.050867 369 200 1
2199867534.1596956 378 165 0
2199867534.279407 370 187 1
2199867534.3991184 364 181 1
2199867534.584127 369 207 0
2199867534.6929555 361 240 0
2199867534.9759097 376 243 1
2199867535.041207 344 215 0
2199867535.0520897 326 224 0
2199867535.2262154 361 151 1
2199867535.324161 362 191 1
2199867535.400341 359 189 1
2199867535.7485924 358 178 1
2199867535.9662495 327 232 1
2199867535.998898 371 229 1
2199867536.009781 373 211 1
2199867536.140375 333 148 1
2199867536.4015636 355 220 1
2199867536.6192207 350 153 0
2199867536.9239407 340 178 1
2199867538.0562496 351 139 0
2199867538.2953105 363 191 1
2199867538.309373 345 213 1
2199867538.4359345 358 189 1
2199867538.7171826 337 239 0
2199867538.8156195 377 222 1
2199867538.9984307 366 188 0
2199867539.0546803 361 153 0
2199867539.1953044 343 200 1
2199867539.46249 363 239 1
2199867539.743738 332 238 0
2199867539.9546742 327 239 0
2199867540.0390487 358 243 1
2199867540.390609 353 241 1
2199867540.4187336 349 216 1
2199867540.57342 361 206 0
2199867540.6156073 355 189 1
2199867541.135916 362 188 1
2199867541.2202907 360 236 1
2199867541.304665 361 238 1
2199867541.585913 365 198 0
2199867541.824974 321 166 1
2199867541.853099 354 241 1
2199867541.9796605 360 225 1
2199867542.0218477 365 180 1
2199867542.232784 363 241 1
2199867542.3312206 354 142 1
2199867542.893717 329 197 0
2199867542.964029 368 193 1
2199867542.9921536 342 224 0
2199867543.1609025 350 136 1
2199867543.245277 380 204 0
2199867543.385901 321 221 1
2199867543.596837 339 190 0
2199867543.8218355 379 231 0
2199867543.835898 350 138 0
2199867544.2999573 358 183 1
2199867544.356207 353 238 0
2199867544.3702693 356 246 0
2199867544.539018 352 214 1
2199867544.848391 336 158 0
2199867544.989015 345 235 1
2199867545.059327 361 224 1
2199867545.185889 355 239 0
2199867545.3827624 355 241 1
2199867545.4108872 354 190 1
2199867545.467137 351 150 0
2199867545.537449 346 218 1
2199867545.5515113 361 207 0
2199867545.607761 347 143 0
2199867545.7624474 322 199 0
2199867545.987446 345 143 1
2199867546.1421323 340 240 1
2199867546.339006 355 240 1
2199867546.3530684 347 137 1
2199867546.5358796 329 186 1
2199867546.8874397 354 148 1
2199867548.018405 355 142 1
2199867548.03681 324 224 0
2199867548.092025 341 216 0
2199867548.552149 361 205 0
2199867548.7361984 346 243 0
2199867548.7914133 351 244 0
2199867548.883438 346 140 1
2199867548.901843 369 191 1
2199867548.920248 344 184 1
2199867549.1227026 353 244 0
2199867549.380372 379 177 1
2199867549.417182 331 220 0
2199867549.453992 353 239 0
2199867549.490802 341 153 0
2199867549.509207 340 165 1
2199867549.6380415 370 209 0
2199867549.822091 330 225 0
2199867549.858901 347 142 0
2199867549.914116 350 140 0
2199867550.0429506 348 141 0
2199867550.26381 354 150 1
2199867550.834364 371 186 0
2199867550.907984 353 199 1
2199867550.9631987 343 189 1
2199867551.3865128 324 240 1
2199867551.5153475 362 238 1
2199867551.6257772 351 199 1
2199867551.736207 364 180 1
2199867551.9018517 342 233 1
2199867552.0122814 362 230 1
2199867552.0859013 356 190 1
2199867552.5276203 361 208 0
2199867552.56443 340 208 1
2199867552.67486 357 190 1
2199867552.8036947 348 190 1
2199867552.8220997 342 212 0
2199867553.4294634 361 178 1
2199867553.4478683 351 224 1
2199867553.705538 362 157 1
2199867553.7791576 332 238 1
2199867554.018422 345 242 1
2199867554.092042 363 193 1
2199867554.570571 368 194 1
2199867554.7914305 361 165 1
2199867554.8282404 351 138 0
2199867554.920265 356 142 1
2199867555.7668934 338 239 0
2199867555.969348 365 171 0
2199867556.0613728 361 238 1
2199867556.2270174 361 231 1
2199867556.5583067 353 139 0
2199867556.7055464 347 238 1
2199867556.779166 356 239 0
2199867556.815976 361 186 1
2199867558.055102 362 239 1
2199867558.238775 361 171 1
2199867558.569386 329 127 1
2199867558.6795897 372 233 1
2199867558.8632627 347 138 1
2199867558.88163 359 240 0
2199867559.193874 361 183 1
2199867559.322445 331 240 1
2199867559.340812 356 208 1
2199867559.4326487 359 216 0
2199867559.524485 346 224 0
2199867559.5979543 374 191 1
2199867559.653056 355 236 0
2199867559.7265253 337 156 0
2199867559.8734636 352 138 0
2199867559.891831 365 193 1
2199867560.093871 362 189 1
2199867560.222442 343 180 1
2199867560.2408094 363 191 1
2199867560.3693805 364 191 1
2199867560.406115 366 184 1
2199867560.6081553 337 226 0
2199867560.64489 345 150 1
2199867560.718359 346 144 1
2199867560.84693 349 137 1
2199867561.085705 369 200 0
2199867561.1959085 336 242 1
2199867561.214276 353 230 1
2199867561.361214 342 224 1
2199867561.3979487 335 221 1
2199867561.7469273 348 139 0
2199867561.802029 348 242 0
2199867561.8203964 325 181 1
2199867562.059171 334 165 0
2199867562.1326404 348 140 0
2199867562.1510077 377 178 0
2199867562.2061095 357 183 1
2199867562.3163133 362 163 1
2199867562.3897824 375 214 0
2199867562.481619 372 213 0
2199867562.81223 360 164 1
2199867562.9040666 353 236 0
2199867563.051005 347 221 0
2199867563.069372 353 228 0
2199867563.308147 352 239 0
2199867563.4183507 350 146 0
2199867563.748962 343 182 1
2199867563.7856965 345 236 1
2199867563.822431 356 245 0
2199867564.134675 361 218 1
2199867564.263246 367 181 1
2199867564.3550825 342 188 0
2199867564.5571227 327 201 0
2199867564.6122246 350 243 0
2199867564.7224283 375 216 0
2199867564.832632 350 188 1
2199867564.906101 360 226 1
2199867565.144876 353 144 0
2199867565.4203854 364 160 1
2199867565.4387527 348 217 0
2199867565.640793 370 183 1
2199867565.7326293 345 149 1
2199867566.0632405 353 189 1
2199867566.3020153 371 171 1
2199867566.33875 351 239 1
2199867566.485688 361 223 1
2199867566.54079 329 197 1
2199867566.6142592 360 214 1
2199867566.724463 366 194 1
2199867568.1856947 353 241 1
2199867568.272352 359 235 1
2199867568.3342505 351 136 1
2199867568.5818434 351 197 1
2199867568.6437416 335 190 0
2199867568.70564 353 208 1
2199867568.9903717 335 161 0
2199867569.015131 344 187 0
2199867569.0275106 356 189 1
2199867569.077029 356 147 1
2199867569.1636868 345 141 1
2199867569.1760664 360 189 1
2199867569.2379646 322 199 1
2199867569.547456 353 239 0
2199867569.5969744 352 230 1
2199867569.6960115 355 233 0
2199867569.7702894 377 210 1
2199867569.931225 357 200 1
2199867570.0797806 355 244 0
2199867570.1169195 349 212 1
2199867570.2159567 364 182 1
2199867570.240716 355 147 1
2199867570.2902346 359 151 1
2199867570.4264107 377 208 0
2199867570.45117 326 240 0
2199867570.4759293 357 224 1
2199867570.5378275 365 189 1
2199867570.7111425 378 194 1
2199867570.760661 349 239 1
2199867570.896837 380 204 1
2199867571.008254 360 213 0
2199867571.0577726 358 201 0
2199867571.429162 354 230 1
2199867571.466301 347 237 1
2199867571.788172 363 240 1
2199867571.961487 332 233 1
2199867572.023385 360 232 1
2199867572.2214594 353 188 1
2199867572.407154 332 232 0
2199867572.55571 356 200 1
2199867572.753784 364 190 1
2199867573.0632753 342 176 0
2199867573.137553 362 220 0
2199867573.149933 370 183 0
2199867573.286109 366 182 0
2199867573.669878 361 222 1
2199867573.731776 335 163 0
2199867573.9050913 370 190 1
2199867574.0288877 332 239 0
2199867574.127925 357 141 0
2199867574.165064 363 239 1
2199867574.7345276 353 150 1
2199867574.895463 380 207 1
2199867574.969741 354 139 0
2199867575.4030285 345 140 1
2199867575.5392046 355 241 1
2199867575.5515842 360 229 1
2199867575.6753807 363 201 1
2199867575.7248993 346 146 1
2199867575.8982143 348 210 1
2199867576.1458073 344 231 1
2199867576.220085 356 216 1
2199867576.2696037 346 139 1
2199867576.368641 345 142 1
2199867576.4181595 358 214 1
2199867576.6657524 369 209 0
2199867576.888586 360 231 1
2199867576.9009657 321 169 1
2199867576.987623 351 190 1
2199867578.065124 354 241 1
2199867578.1041985 359 192 0
2199867578.208397 363 178 1
2199867578.3646946 361 220 1
2199867578.5730915 353 134 1
2199867578.742414 375 230 1
2199867579.289456 356 138 0
2199867579.3285303 357 242 1
2199867579.4587784 361 192 1
2199867579.484828 344 169 0
2199867579.5108776 357 245 0
2199867579.5890265 356 213 1
2199867579.7713737 334 144 0
2199867579.9406962 358 185 0
2199867580.018845 351 158 0
2199867580.1100187 348 241 0
2199867580.292366 351 220 0
2199867580.435639 351 156 0
2199867580.6570606 354 239 0
2199867581.3473754 357 151 0
2199867581.646946 358 180 1
2199867582.0246654 330 236 0
2199867582.441459 362 240 1
2199867582.5586824 346 189 1
2199867582.6107817 337 226 1
2199867582.649856 362 238 1
2199867582.780104 362 191 1
2199867582.871278 354 154 0
2199867582.936402 357 241 1
2199867583.0275755 344 190 1
2199867583.3010964 375 214 1
2199867583.340171 367 227 0
2199867583.4834437 349 138 0
2199867583.5094934 326 240 1
2199867583.6918406 360 239 0
2199867583.7178903 351 139 0
2199867583.939312 357 201 0
2199867584.486354 376 199 1
2199867584.5124035 361 188 1
2199867584.5775275 365 198 1
2199867584.8510485 346 141 1
2199867584.955247 369 193 1
2199867585.215743 322 231 1
2199867585.489264 362 239 1
2199867585.684636 356 241 1
2199867585.7888346 346 238 1
2199867585.827909 363 191 1
2199867585.880008 343 173 0
2199867586.1926036 361 240 0
2199867586.7396455 324 224 1
2199867586.77872 352 200 1
2199867586.9480424 361 237 1
2199867588.0684414 332 241 0
2199867588.2737656 351 200 1
2199867588.581752 355 190 1
2199867588.735745 344 151 1
2199867588.7699656 350 137 1
2199867588.8212967 376 218 0
2199867588.9068484 355 148 1
2199867588.923959 327 239 1
2199867589.0608416 379 202 0
2199867589.1463933 354 137 1
2199867589.180614 354 232 0
2199867589.334607 336 156 0
2199867589.3517175 349 242 0
2199867589.437269 379 231 1
2199867589.728145 350 139 0
2199867589.8821383 353 223 1
2199867590.173014 333 168 0
2199867590.2927866 350 232 1
2199867590.3441176 340 166 1
2199867590.4296694 351 201 1
2199867590.46389 365 181 1
2199867590.5323315 362 192 1
2199867590.566552 363 181 1
2199867590.6863246 355 154 0
2199867590.7718763 347 139 1
2199867590.7889867 351 223 0
2199867590.8232074 325 218 0
2199867590.8403177 357 143 0
2199867591.2167454 360 240 0
2199867591.43918 369 179 1
2199867592.072263 346 166 1
2199867592.1064835 353 143 1
2199867592.140704 363 235 1
2199867592.1578145 361 236 1
2199867592.277587 334 144 1
2199867592.6026835 361 238 1
2199867593.4410906 354 166 0
2199867593.697746 339 184 0
2199867593.8346286 325 231 1
2199867594.0228424 357 142 0
2199867594.091284 347 141 0
2199867594.2281666 321 221 0
2199867594.587484 350 141 0
2199867594.8612494 357 212 1
2199867594.929691 364 148 0
2199867594.981022 346 218 0
2199867595.2547874 351 147 1
2199867595.39167 379 235 0
2199867595.425891 357 154 0
2199867595.5627737 379 177 0
2199867595.579884 369 190 1
2199867595.6483254 371 194 1
2199867595.8878703 338 244 0
2199867595.9905324 350 150 1
2199867596.4011807 357 246 0
2199867596.897381 359 166 1
2199867598.0176473 350 232 0
2199867598.2294145 352 195 1
2199867598.4941235 343 220 0
2199867598.5647125 321 166 0
2199867598.7058907 355 242 1
2199867598.9705997 372 179 0
2199867599.0764832 324 235 0
2199867599.1470723 367 227 1
2199867599.2353086 335 182 1
2199867599.3058977 346 219 0
2199867599.323545 364 239 1
2199867599.5000176 333 164 0
2199867599.7470794 359 231 1
2199867600.0823774 360 153 0
2199867600.4706173 340 170 0
2199867600.84121 345 152 0
2199867600.858857 359 213 0
2199867601.194155 361 215 0
2199867601.317686 349 243 0
2199867601.3353333 351 140 0
2199867601.5471005 367 194 1
2199867602.235344 356 240 0
2199867602.252991 363 192 1
2199867602.6059365 362 218 1
2199867602.6765256 350 148 1
2199867602.694173 374 217 0
2199867602.8706455 363 241 1
2199867602.888293 363 189 0
2199867602.958882 353 152 0
2199867602.976529 330 213 1
2199867603.0647655 351 151 1
2199867603.2588854 372 233 0
2199867603.4000635 348 137 1
2199867603.435358 349 145 0
2199867603.4883 353 155 0
2199867603.5412416 376 211 1
2199867603.7883034 351 145 0
2199867604.035365 346 138 1
2199867604.0530124 370 188 1
2199867604.176543 325 231 0
2199867604.229485 342 239 0
2199867604.282427 367 202 0
2199867604.476547 357 232 0
2199867604.5824304 353 239 0
2199867604.6000776 380 190 0
2199867604.635372 359 152 0
2199867604.705961 363 184 1
2199867604.7765503 327 181 1
2199867605.1118484 354 242 1
2199867605.500088 356 235 0
2199867605.5706773 325 193 1
2199867606.1177425 355 152 0
2199867606.153037 355 146 1
2199867606.223626 368 192 1
2199867606.3824515 322 240 0
2199867606.488335 347 146 0
2199867606.7706914 360 211 0
2199867606.8412805 362 245 0
2199867608.2969823 343 227 0
2199867608.4002805 325 235 0
2199867608.426105 352 136 1
2199867608.5552278 346 190 1
2199867608.5810523 346 246 0
2199867608.658526 353 216 1
2199867608.7230873 331 158 1
2199867608.761824 357 246 1
2199867608.7876487 354 155 0
2199867608.800561 353 245 0
2199867609.032982 335 210 0
2199867609.0717187 361 164 1
2199867609.084631 339 155 0
2199867609.1104555 362 146 0
2199867609.2395782 353 241 1
2199867609.265403 369 192 1
2199867609.317052 379 250 0
2199867609.42035 362 238 1
2199867609.510736 327 181 0
2199867609.691508 371 220 1
2199867609.7302446 349 212 0
2199867609.885192 354 229 1
2199867610.0143147 363 238 1
2199867610.182174 349 139 0
2199867610.2079988 357 244 0
2199867610.3887706 376 178 0
2199867610.4791565 350 145 0
2199867610.5824547 358 149 1
2199867610.737402 353 246 0
2199867610.827788 363 240 1
2199867610.8665247 362 227 1
2199867611.2280684 344 223 0
2199867611.266805 344 150 1
2199867611.344279 372 213 1
2199867611.4217525 352 240 0
2199867611.5121384 357 146 1
2199867611.537963 330 225 1
2199867611.731647 362 240 0
2199867611.8478575 346 140 1
2199867612.106103 352 158 0
2199867612.248138 368 193 1
2199867612.299787 363 210 0
2199867612.3126993 359 189 1
2199867612.351436 353 140 0
2199867612.5063834 362 239 1
2199867612.583857 347 221 1
2199867613.0874357 335 158 0
2199867613.3973303 353 191 1
2199867613.526453 365 198 0
2199867613.7976108 325 233 0
2199867614.4819613 344 161 0
2199867614.9597154 341 215 0
2199867615.26961 348 190 1
2199867615.566592 371 173 0
2199867615.695715 362 241 0
2199867616.0056095 356 201 0
2199867616.0572586 356 242 1
2199867616.160557 356 149 1
2199867616.3413286 346 213 0
2199867616.5608373 371 194 0
2199867616.780346 325 174 0
2199867616.831995 355 145 0
2199867616.870732 320 167 0
2199867618.5176935 333 165 0
2199867618.557516 352 139 0
2199867618.8097258 338 163 1
2199867618.836274 380 192 1
2199867619.0752096 355 241 1
2199867619.460161 353 218 1
2199867619.646 338 191 0
2199867620.0840483 354 241 1
2199867620.3628063 357 236 0
2199867620.615016 337 195 0
2199867621.225629 372 195 0
2199867621.637129 363 187 1
2199867621.929161 379 231 0
2199867622.048629 327 240 0
2199867622.141548 341 200 1
2199867622.3141127 338 182 1
2199867622.3539352 361 238 1
2199867622.5663223 348 212 1
2199867622.6990643 339 190 1
2199867622.752161 361 166 1
2199867622.831806 359 242 1
2199867623.150387 336 242 0
2199867623.2034836 343 176 0
2199867623.2565804 354 231 1
2199867623.641532 347 241 0
2199867623.7609997 358 231 1
2199867623.787548 377 222 0
2199867623.999935 358 167 1
2199867624.066306 376 236 1
2199867624.252145 343 227 1
2199867624.398161 349 140 0
2199867624.4379835 357 237 0
2199867624.676919 363 206 1
2199867624.8362093 361 216 0
2199867625.31408 371 206 0
2199867625.6592093 358 151 0
2199867625.712306 348 142 0
2199867625.791951 353 240 0
2199867626.176903 320 236 0
2199867626.3627415 362 237 1
2199867626.747693 348 138 1
2199867626.8406124 361 231 1
2199867628.088669 355 242 1
2199867628.1773376 333 226 1
2199867628.339897 345 150 1
2199867628.5024567 343 185 1
2199867628.561569 372 206 1
2199867628.6797943 367 191 1
2199867628.753685 345 152 1
2199867628.768463 331 147 0
2199867629.182251 346 155 0
2199867629.27092 356 212 1
2199867629.300476 352 193 1
2199867629.315254 356 241 1
2199867629.403923 361 224 1
2199867629.4482574 333 163 0
2199867629.640373 325 200 0
2199867629.6551514 345 149 1
2199867629.9950485 327 193 0
2199867630.14283 363 191 1
2199867630.261055 362 245 1
2199867630.571396 364 192 1
2199867630.77829 347 144 0
2199867630.8374023 354 145 0
2199867631.1920776 328 241 0
2199867631.3694153 347 145 0
2199867631.4728622 357 242 1
2199867631.9457626 332 237 0
2199867632.211769 350 243 0
2199867632.28566 361 168 1
2199867632.536888 363 239 1
2199867632.625557 340 171 0
2199867632.6994476 340 240 0
2199867632.9950104 378 225 0
2199867633.261017 354 235 0
2199867633.379242 326 235 0
2199867633.39402 348 207 0
2199867633.4383545 364 240 1
2199867633.467911 354 242 1
2199867633.6304703 366 189 0
2199867633.689583 376 202 0
2199867633.9555893 351 137 1
2199867634.0885925 345 141 1
2199867634.1920395 343 239 0
2199867634.2807083 356 148 1
2199867634.3250427 351 244 0
2199867634.369377 349 137 1
2199867634.8570557 333 148 1
2199867634.9605026 355 221 1
2199867635.1673965 343 210 0
2199867635.315178 352 215 1
2199867635.3890686 346 213 1
2199867635.448181 361 167 1
2199867635.6994095 346 143 1
2199867636.2314224 341 189 1
2199867636.2462006 363 240 1
2199867636.40876 328 231 0
2199867636.4678726 362 238 1
2199867636.719101 362 164 1
2199867636.80777 360 177 1
2199867636.940773 375 214 1
2199867638.1182003 360 182 1
2199867638.219515 339 190 0
2199867638.472801 355 238 0
2199867638.5234585 334 237 0
2199867638.624773 331 220 1
2199867638.709202 336 242 1
2199867638.7429733 344 215 1
2199867638.979374 362 239 1
2199867639.469061 358 205 0
2199867639.6379185 370 181 0
2199867639.739233 342 177 0
2199867639.7730045 356 243 0
2199867639.806776 358 166 1
2199867639.9080906 353 151 1
2199867640.026291 327 201 1
2199867640.076948 325 233 1
2199867640.1782627 358 242 1
2199867640.1951485 334 238 0
2199867640.634178 361 189 1
2199867640.853693 351 196 1
2199867641.3771515 348 209 0
2199867641.410923 355 246 0
2199867641.4446945 358 190 1
2199867641.816181 353 138 0
2199867642.0694675 351 141 0
2199867642.45784 337 195 1
2199867642.4916115 353 225 0
2199867642.7111263 347 241 1
2199867642.8293266 361 226 1
2199867643.0319557 346 142 1
2199867643.217699 326 154 1
2199867643.369671 350 143 1
2199867643.3865566 344 220 0
2199867643.504757 355 194 0
2199867643.5385284 340 224 1
2199867643.5891857 362 183 1
2199867643.8255863 360 239 0
2199867644.0282154 369 189 1
2199867644.2139587 353 215 1
2199867644.5010166 362 184 1
2199867644.534788 325 200 1
2199867644.7205315 363 177 1
2199867644.754303 352 194 1
2199867645.108904 357 199 1
2199867645.1426754 343 164 1
2199867645.3284187 357 202 0
2199867645.4297333 363 171 0
2199867645.463505 351 182 1
2199867645.7674484 354 140 0
2199867645.8349915 363 241 1
2199867645.8856487 349 191 1
2199867646.138935 343 186 0
2199867646.155821 348 140 0
2199867646.223364 375 184 0
2199867646.35845 357 210 1
2199867646.3753357 326 154 0
2199867646.3922215 369 187 1
2199867646.409107 336 159 0
2199867646.47665 360 212 0
2199867646.6117363 350 244 0
2199867646.645508 367 193 1
2199867646.6623936 362 213 0
2199867646.7299366 368 194 1
2199867646.848137 370 183 1
2199867646.8650227 376 211 0
2199867646.898794 340 159 0
2199867646.9325657 357 232 1
2199867646.9494514 354 143 1
2199867648.337495 378 225 1
2199867648.399994 356 242 1
2199867648.524992 371 206 1
2199867648.5624914 351 206 0
2199867648.6374903 376 133 0
2199867648.799988 358 246 0
2199867648.849987 333 226 0
2199867649.037484 357 140 0
2199867649.049984 351 195 1
2199867649.237481 348 239 1
2199867649.2624807 352 134 1
2199867649.31248 348 136 1
2199867650.0749683 360 176 1
2199867650.299965 378 216 1
2199867650.549961 357 242 1
2199867650.737458 355 150 1
2199867651.1624517 376 202 1
2199867651.5624456 343 153 0
2199867652.2249355 358 228 1
2199867652.924925 363 239 1
2199867653.3249187 334 193 0
2199867653.6749134 349 207 0
2199867653.7249126 361 229 1
2199867654.1249065 374 217 1
2199867654.1374063 376 211 1
2199867654.1999054 334 237 1
2199867654.237405 362 199 1
2199867654.3124037 356 229 1
2199867654.474901 362 146 1
2199867654.5124006 336 160 0
2199867654.5499 361 169 1
2199867654.5998993 341 241 0
2199867654.6373987 356 184 1
2199867654.699898 360 234 1
2199867654.812396 333 166 0
2199867654.949894 338 244 1
2199867655.1123915 352 191 1
2199867655.3748875 359 153 0
2199867655.462386 347 155 0
2199867655.5748844 379 202 1
2199867655.599884 368 177 1
2199867655.9623785 325 214 0
2199867656.074877 355 226 1
2199867656.0998764 363 240 1
2199867656.2748737 339 190 1
2199867656.337373 361 193 0
2199867656.6123686 344 183 1
2199867656.774866 327 143 0
2199867656.9373636 352 225 0
2199867658.0 357 141 0
2199867658.234659 327 236 0
2199867658.5245323 338 155 0
2199867658.662567 357 188 1
2199867658.690174 367 194 1
2199867658.745388 353 144 1
2199867658.7591915 335 170 0
2199867658.8696194 348 244 0
2199867658.883423 355 202 0
2199867658.9248333 351 210 0
2199867659.3251343 361 230 1
2199867659.573597 348 212 0
2199867659.6702213 360 235 1
2199867659.684025 322 239 0
2199867659.7392387 353 242 1
2199867659.7944527 362 182 1
2199867659.8220596 347 233 0
2199867659.8772736 353 239 0
2199867660.029112 357 147 1
2199867660.084326 361 162 1
2199867660.125736 331 237 0
2199867660.401806 345 190 1
2199867660.7054825 350 242 0
2199867660.746893 330 213 0
2199867660.8849277 354 240 0
2199867660.9677486 350 192 0
2199867661.2714252 371 190 1
2199867661.2852287 356 241 1
2199867661.5612984 378 197 0
2199867661.575102 352 150 0
2199867661.6165123 355 242 1
2199867661.7407436 363 238 1
2199867661.7959576 379 235 1
2199867661.8235645 339 186 0
2199867662.210062 333 224 1
2199867662.2514725 326 236 0
2199867662.265276 377 190 1
2199867662.4585247 351 159 0
2199867662.63797 377 208 1
2199867662.7345943 360 189 1
2199867662.776005 361 212 0
2199867662.8036118 350 139 0
2199867662.845022 355 141 1
2199867662.8588257 354 242 1
2199867663.010664 360 163 1
2199867663.148699 340 155 0
2199867663.2591267 343 239 1
2199867663.3143406 357 221 1
2199867663.328144 357 190 1
2199867663.6870346 346 140 1
2199867663.700838 345 219 0
2199867663.7974625 355 234 0
2199867663.86648 347 190 1
2199867664.446226 357 241 1
2199867664.584261 361 238 1
2199867664.611868 353 170 1
2199867664.7499027 338 209 0
2199867664.9155445 350 152 0
2199867664.9707584 352 135 1
2199867664.984562 331 236 0
2199867665.067383 365 178 1
2199867665.246828 354 239 0
2199867665.4262733 340 171 1
2199867665.4538803 358 189 1
2199867665.536701 334 193 1
2199867665.72995 351 153 0
2199867665.7437534 362 175 1
2199867666.0060196 351 144 0
2199867666.0336266 339 154 0
2199867666.102644 354 190 1
2199867666.36491 332 172 0
2199867666.3787136 339 190 0
2199867666.5167484 362 159 1
2199867666.6685867 346 139 1
2199867666.709997 350 196 1
2199867666.7238007 353 143 1
2199867666.765211 344 159 0
2199867666.7790146 369 191 1
2199867666.848032 356 239 0
2199867666.903246 321 169 0
2199867668.0 364 245 0
2199867668.0665436 347 143 0
2199867668.149723 343 202 0
2199867668.349354 345 150 1
2199867668.8983383 327 231 0
2199867668.93161 366 178 1
2199867668.964882 358 184 1
2199867669.0480614 350 200 1
2199867669.131241 335 210 1
2199867669.264328 353 186 0
2199867669.3475075 362 238 1
2199867669.913128 355 241 1
2199867669.9796715 345 186 1
2199867670.1293945 351 136 1
2199867670.362297 376 133 1
2199867670.545292 349 150 1
2199867670.5785637 353 136 1
2199867670.5951996 359 219 1
2199867670.7449226 345 220 0
2199867671.0610046 363 182 1
2199867671.144184 331 147 1
2199867671.609989 362 239 1
2199867672.1756096 355 239 0
2199867672.2088814 360 233 1
2199867672.258789 368 161 0
2199867672.275425 342 241 0
2199867672.608143 356 190 1
2199867672.6247787 351 206 1
2199867672.6580505 357 152 0
2199867672.724594 372 195 1
2199867672.9574966 340 193 0
2199867673.2569427 346 141 1
2199867673.4233017 355 247 0
2199867673.6229324 329 194 0
2199867673.656204 341 241 1
2199867673.972286 349 190 1
2199867674.0721016 349 153 0
2199867674.188553 370 187 1
2199867674.487999 361 205 1
2199867674.5545425 375 184 1
2199867675.419609 328 188 1
2199867675.436245 347 189 1
2199867675.6525116 355 202 1
2199867675.935322 362 190 1
2199867676.0018654 372 235 0
2199867676.18486 363 241 1
2199867676.3013115 334 164 0
2199867676.384491 361 182 1
2199867676.517578 355 232 0
2199867676.534214 348 207 1
2199867676.6007576 352 145 0
2199867676.6506653 357 146 1
2199867676.7338448 364 211 0
2199867676.8003883 356 146 1
2199867676.866932 335 238 0
2199867676.9334755 341 200 0
2199867676.9667473 322 126 0
2199867678.01676 362 198 1
2199867678.100559 354 137 1
2199867678.134079 361 237 1
2199867678.1843586 368 195 1
2199867678.2011185 371 206 1
2199867678.251398 355 151 1
2199867678.268158 344 236 1
2199867678.3184376 363 239 1
2199867678.368717 363 240 1
2199867678.385477 357 142 0
2199867678.502796 355 242 1
2199867678.536316 345 142 1
2199867678.5698357 327 193 1
2199867679.1061516 366 195 1
2199867679.206711 347 138 1
2199867679.3910694 348 243 0
2199867679.424589 347 141 1
2199867679.7430267 348 141 0
2199867679.7597866 350 192 1
2199867679.7765465 356 236 0
2199867679.9273853 363 192 1
2199867680.2793427 363 170 0
2199867680.346382 363 180 1
2199867680.4637012 340 154 0
2199867680.5475006 354 224 1
2199867680.64806 376 211 0
2199867681.1005764 361 228 1
2199867681.184376 361 154 0
2199867681.385494 355 240 0
2199867681.435774 356 242 1
2199867681.519573 352 139 0
2199867681.536333 353 240 0
2199867681.7374516 379 175 1
2199867681.821251 380 207 0
2199867682.089409 355 211 1
2199867682.1229286 345 216 1
2199867682.2402477 377 174 0
2199867682.357567 375 207 0
2199867682.4246063 336 238 0
2199867682.441366 349 146 0
2199867682.491646 362 177 1
2199867682.6592445 335 239 0
2199867682.877123 356 205 0
2199867683.011202 352 136 1
2199867683.0782413 350 191 1
2199867683.145281 352 140 0
2199867683.1620407 360 231 1
2199867683.27936 350 199 1
2199867683.396679 341 236 1
2199867683.413439 351 237 1
2199867683.4301987 353 190 1
2199867683.513998 357 149 1
2199867683.6815968 364 238 1
2199867683.8156757 362 180 1
2199867683.932995 327 143 1
2199867683.9665146 364 175 1
2199867684.335232 361 204 1
2199867684.3519917 357 239 0
2199867684.3855114 342 182 1
2199867684.5028305 353 242 1
2199867684.55311 363 164 1
2199867684.56987 323 214 1
2199867684.6201496 351 139 0
2199867684.7374687 359 215 1
2199867684.988867 364 178 1
2199867685.0391464 368 193 1
2199867685.1397057 351 245 0
2199867685.2737846 346 145 1
2199867685.357584 362 240 0
2199867685.7095413 343 217 0
2199867685.759821 350 160 0
2199867685.8436203 340 152 0
2199867685.86038 349 137 1
2199867685.91066 362 238 1
2199867685.9274197 320 235 0
2199867686.0614986 358 245 0
2199867686.2123375 329 242 0
2199867686.2290974 362 220 1
2199867686.7486534 352 244 0
2199867686.782173 371 172 1
2199867686.916252 352 245 0
2199867686.9665318 345 254 0
2199867688.0111113 351 191 1
2199867688.255559 354 244 0
2199867688.388894 343 202 1
2199867688.8000107 359 176 1
2199867688.855567 353 224 1
2199867688.866678 362 178 1
2199867689.200016 359 183 1
2199867689.23335 336 250 0
2199867689.41113 376 218 1
2199867689.6000214 358 210 1
2199867689.888914 322 234 1
2199867689.9000254 359 246 0
2199867690.0000267 326 225 0
2199867690.2111406 352 239 0
2199867690.222252 354 242 1
2199867690.233363 339 190 1
2199867690.388921 367 188 0
2199867690.577812 343 153 1
2199867690.6333685 324 235 1
2199867690.788926 363 228 1
2199867690.8000374 327 231 1
2199867691.2667103 347 144 0
2199867691.6556044 360 232 1
2199867691.844496 356 139 0
2199867691.933386 347 244 0
2199867691.9556084 327 235 0
2199867692.0111647 350 149 1
2199867692.23339 361 240 0
2199867692.488949 322 126 1
2199867692.577839 355 245 0
2199867692.7222853 361 170 1
2199867692.7333965 358 191 1
2199867692.800064 351 208 1
2199867692.9445105 357 242 1
2199867692.9889555 346 152 0
2199867693.0667343 352 141 0
2199867693.3222933 357 215 0
2199867693.522296 354 191 1
2199867693.5445185 341 154 0
2199867693.8445225 350 140 0
2199867693.9334126 333 172 0
2199867694.244528 344 159 1
2199867694.500087 350 137 1
2199867694.5667543 363 179 1
2199867694.888981 380 217 0
2199867695.533434 360 165 1
2199867695.58899 340 175 0
2199867695.6889915 372 178 0
2199867695.700103 345 244 0
2199867695.7778816 360 246 0
2199867695.833438 363 238 1
2199867695.844549 341 174 1
2199867695.9112167 358 242 1
2199867696.133442 365 158 1
2199867696.3334446 349 236 1
2199867696.744561 338 182 0
2199867696.7667837 323 239 0
2199867696.777895 351 222 1
2199867696.9778976 344 186 0
2199867696.989009 322 164 0
2199867698.212387 362 197 1
2199867698.3849516 346 140 1
2199867698.557516 362 178 0
2199867698.703532 331 236 1
2199867698.8760967 364 185 1
2199867698.9159193 344 242 0
2199867699.0619354 353 175 1
2199867699.2875967 357 143 0
2199867699.367242 355 145 0
2199867699.526532 346 237 1
2199867699.5663548 333 192 0
2199867699.8849354 361 190 1
2199867700.21679 362 192 1
2199867700.283161 334 164 1
2199867700.561919 361 165 1
2199867700.6415644 360 248 0
2199867700.9335966 367 195 1
2199867701.1858063 351 149 1
2199867701.1990805 380 190 1
2199867701.45129 379 216 1
2199867701.4911127 341 167 0
2199867701.517661 325 126 0
2199867701.5442095 377 190 0
2199867701.8096933 354 236 0
2199867701.8362417 348 238 1
2199867701.915887 355 242 1
2199867702.048629 342 152 0
2199867702.2344675 351 243 0
2199867702.407032 345 242 0
2199867702.68579 344 151 1
2199867702.9247255 350 246 0
2199867702.9778223 341 240 0
2199867703.0441933 355 148 1
2199867703.0574675 349 245 0
2199867703.1371126 358 149 0
2199867703.163661 337 158 0
2199867703.176935 348 230 1
2199867703.4822416 362 238 1
2199867703.6680803 349 154 0
2199867703.7477255 367 186 0
2199867703.787548 358 151 0
2199867703.853919 340 171 0
2199867704.2255964 328 230 0
2199867704.2919674 350 224 0
2199867704.3052416 355 150 1
2199867704.398161 362 179 1
2199867704.4910803 322 239 1
2199867704.6503706 345 151 1
2199867704.7300158 350 240 1
2199867704.7831125 362 226 1
2199867704.9822254 345 238 1
2199867705.075145 379 250 1
2199867705.168064 338 156 0
2199867705.2609835 360 203 1
2199867705.3937254 322 234 0
2199867705.5530157 360 185 0
2199867705.712306 345 254 1
2199867705.7388544 362 247 0
2199867705.765403 368 174 0
2199867705.8184996 336 250 1
2199867706.13708 362 165 1
2199867706.1636286 367 194 1
2199867706.190177 354 240 0
2199867706.2432737 362 176 1
2199867706.2830963 365 198 1
2199867706.54858 366 191 0
2199867706.747693 354 192 1
2199867706.8538866 347 147 0
2199867708.418264 372 179 1
2199867708.6057615 352 243 0
2199867708.663453 339 165 1
2199867708.793259 360 225 1
2199867708.8797965 357 235 0
2199867709.326906 334 165 0
2199867709.6874785 369 192 1
2199867709.759593 362 200 1
2199867709.774016 340 189 1
2199867709.874976 350 207 0
2199867709.889399 376 211 1
2199867710.1201653 356 242 1
2199867710.2499714 350 245 0
2199867710.3365088 354 143 1
2199867710.5384293 338 209 1
2199867710.8845787 363 240 1
2199867711.115345 343 241 0
2199867711.1730366 372 233 1
2199867711.245151 355 190 1
2199867711.6201463 350 186 0
2199867711.6922607 359 239 0
2199867711.7066836 338 149 0
2199867712.2691765 334 166 0
2199867712.3845596 345 141 1
2199867712.4278283 364 191 1
2199867712.499943 349 140 0
2199867712.615326 353 149 0
2199867712.8172464 337 157 0
2199867712.9182067 376 211 1
2199867712.9758983 364 239 1
2199867713.0912814 361 232 1
2199867713.437431 354 153 1
2199867713.5960827 370 191 1
2199867713.6249285 357 242 1
2199867713.841272 357 247 0
2199867713.8845406 356 147 1
2199867713.8989635 367 172 1
2199867713.971078 353 241 1
2199867714.0287695 369 193 1
2199867714.2883816 360 154 0
2199867714.475879 362 243 0
2199867714.634531 363 198 1
2199867714.663377 368 194 1
2199867714.9518347 350 193 1
2199867714.9951034 363 210 1
2199867715.052795 354 189 1
2199867715.1249094 362 237 1
2199867715.297984 371 172 0
2199867715.341253 361 225 1
2199867715.4133673 368 182 1
2199867715.557596 354 139 0
2199867715.701825 345 150 1
2199867715.716248 328 234 0
2199867715.860477 360 248 1
2199867715.8749 343 244 0
