735145780.9411778 364 272 0
735145781.1176485 347 222 1
735145781.6470604 324 231 1
735145782.0000017 337 275 1
735145782.1764723 340 282 0
735145782.352943 338 174 0
735145782.7058842 327 218 1
735145782.8823549 338 273 1
735145783.0588255 351 284 0
735145783.2352961 354 233 1
735145783.4117668 359 254 0
735145783.5882374 333 270 1
735145783.9411787 330 217 1
735145784.6470612 310 275 0
735145784.8235319 337 194 1
735145786.0 334 252 1
735145786.1290323 332 273 1
735145786.2580645 356 209 0
735145786.6451613 346 239 1
735145787.1612903 344 238 0
735145787.4193548 337 291 1
735145787.8064516 328 230 1
735145787.9354838 326 211 0
735145788.1935483 331 248 1
735145788.3225806 339 293 0
735145788.4516128 347 215 1
735145788.7096773 334 225 1
735145788.9677418 330 275 0
735145789.3548386 349 207 1
735145789.7419354 329 220 1
735145789.8709676 340 234 0
735145789.9999999 360 280 0
735145790.2580644 330 287 0
735145790.5161289 354 231 1
735145790.6451612 337 272 1
735145790.7741934 340 250 1
735145790.9032257 322 220 0
735145791.0322579 333 264 1
735145791.1612902 342 190 1
735145791.2903224 324 230 1
735145791.4193547 334 179 0
735145791.6774192 338 197 1
735145791.8064514 352 232 1
735145792.1935482 340 175 0
735145792.3225805 332 274 1
735145792.580645 348 202 1
735145793.2258062 328 232 1
735145793.3548385 334 254 1
735145793.4838707 356 287 0
735145793.7419353 332 279 0
735145793.8709675 330 257 0
735145796.1384616 350 237 1
735145796.5538464 357 182 0
735145796.692308 327 227 0
735145796.9692311 327 231 0
735145797.1076927 327 232 0
735145797.2461543 334 178 0
735145797.6615391 340 259 0
735145797.8000007 324 226 1
735145797.9384623 340 265 1
735145798.2153854 341 288 1
735145798.353847 352 205 1
735145798.6307702 331 257 0
735145798.7692318 327 219 1
735145798.9076934 344 278 1
735145799.046155 349 222 0
735145799.1846166 333 274 0
735145800.0153861 331 277 1
735145800.5692325 338 187 0
735145801.1230788 338 240 1
735145801.400002 337 223 1
735145801.5384636 347 237 1
735145801.8153868 336 272 0
735145801.9538484 342 177 1
735145802.09231 361 199 0
735145802.2307715 329 253 0
735145802.3692331 342 173 0
735145802.6461563 328 214 1
735145802.9230795 330 211 1
735145803.0615411 334 272 1
735145803.3384643 339 204 1
735145803.8923106 349 232 0
735145804.5846186 335 255 0
735145804.8615417 355 228 1
735145806.15 322 226 0
735145806.5999999 339 276 1
735145806.8999999 344 287 0
735145807.0499998 341 214 1
735145807.3499998 334 180 0
735145807.6499997 329 213 1
735145807.7999997 334 257 1
735145807.9499997 328 231 1
735145808.2499996 310 275 1
735145808.3999996 323 268 0
735145808.6999996 331 258 0
735145808.8499995 341 252 0
735145808.9999995 351 206 1
735145809.1499995 345 252 1
735145809.2999995 344 252 0
735145809.4499995 346 240 0
735145809.5999994 333 240 1
735145809.7499994 330 239 1
735145810.0499994 354 208 1
735145810.1999993 326 238 0
735145810.4999993 343 173 0
735145810.6499993 337 274 1
735145810.7999992 351 284 1
735145810.9499992 333 219 1
735145811.0999992 334 258 1
735145811.2499992 327 213 0
735145811.3999991 331 229 1
735145811.8499991 341 265 1
735145811.999999 351 217 1
735145812.299999 340 176 1
735145812.449999 329 271 1
735145812.599999 322 231 0
735145813.0499989 344 177 1
735145813.1999989 331 268 1
735145813.3499988 334 269 1
735145813.7999988 329 286 0
735145813.9499987 331 233 1
735145814.0999987 332 230 1
735145816.0 338 238 1
735145816.367347 344 258 0
735145816.9183675 351 231 1
735145817.102041 352 219 1
735145817.2857145 325 229 0
735145817.836735 331 276 0
735145818.204082 329 254 0
735145818.3877555 329 270 0
735145818.7551025 330 253 1
735145819.306123 350 214 1
735145819.4897965 331 263 1
735145819.67347 333 248 1
735145819.8571435 327 249 0
735145820.040817 329 221 1
735145820.2244905 353 219 1
735145820.5918375 346 206 1
735145820.775511 338 256 1
735145820.9591845 319 268 0
735145821.142858 332 233 1
735145821.3265315 331 270 1
735145821.510205 355 207 0
735145821.6938785 331 292 0
735145821.877552 337 205 1
735145822.7959195 348 206 1
735145822.979593 352 220 1
735145823.34694 341 249 1
735145823.5306135 334 251 1
735145823.8979605 328 212 0
735145824.081634 338 255 0
735145824.2653075 322 228 0
735145824.448981 335 269 1
735145824.6326545 333 227 1
735145824.816328 329 252 0
735145826.0 344 287 1
735145826.3599999 330 248 1
735145826.5399998 337 259 1
735145826.7199998 339 286 0
735145826.8999997 327 224 1
735145827.7999995 351 201 1
735145828.6999992 344 238 1
735145828.8799992 335 283 0
735145829.0599991 339 177 1
735145829.7799989 343 175 1
735145830.1399988 339 237 1
735145830.3199987 350 213 1
735145830.6799986 338 240 1
735145831.0399985 352 181 1
735145831.3999984 339 268 0
735145831.7599983 349 282 0
735145832.1199982 347 240 0
735145832.2999982 342 270 0
735145833.1999979 322 229 0
735145833.5599978 362 261 1
735145833.9199977 348 203 1
735145834.0999976 342 227 1
735145834.4599975 356 276 1
735145834.6399975 348 243 1
735145834.8199974 333 235 1
735145836.0 323 268 1
735145836.18 326 226 0
735145837.4399996 360 248 0
735145837.9799994 346 267 1
735145838.3399993 339 273 1
735145838.6999992 330 218 1
735145838.8799992 330 249 1
735145839.239999 352 275 1
735145839.7799989 337 253 1
735145839.9599988 349 230 0
735145840.1399988 338 239 1
735145840.3199987 333 274 1
735145840.4999987 333 270 1
735145841.0399985 333 261 0
735145841.3999984 344 252 1
735145841.5799984 337 255 0
735145842.2999982 336 263 0
735145842.659998 354 198 0
735145843.019998 335 255 1
735145843.5599978 326 230 0
735145843.9199977 359 254 1
735145844.0999976 351 221 1
735145844.6399975 326 229 0
735145844.8199974 330 255 0
735145846.0 322 230 0
735145846.1636363 317 284 1
735145846.490909 336 262 1
735145846.6545453 325 213 0
735145846.981818 326 241 0
735145847.3090906 340 175 1
735145848.1272722 343 236 0
735145848.4545449 333 242 1
735145848.7818176 358 257 0
735145848.9454539 334 270 1
735145849.1090902 356 216 0
735145849.7636355 336 251 1
735145850.4181808 327 232 1
735145851.2363625 334 176 0
735145851.3999988 336 191 1
735145851.5636351 332 270 1
735145851.7272714 327 228 0
735145851.8909078 342 255 0
735145852.0545441 324 228 1
735145852.5454531 332 264 1
735145852.8727257 335 245 1
735145853.036362 342 232 1
735145853.1999984 328 220 1
735145853.527271 332 272 1
735145853.8545437 333 253 1
735145854.01818 364 272 1
735145854.1818163 358 274 1
735145854.509089 361 199 1
735145854.6727253 332 279 1
735145854.8363616 331 246 1
735145856.5714288 352 204 1
735145857.1428576 338 184 0
735145857.2857147 343 252 0
735145857.5714291 327 241 1
735145857.7142863 333 187 0
735145858.0000007 319 283 0
735145858.1428579 329 255 0
735145858.4285723 350 229 0
735145858.7142867 356 266 1
735145858.8571439 319 280 1
735145859.0000011 344 229 1
735145859.1428583 335 254 1
735145859.2857155 328 229 1
735145859.4285727 328 222 1
735145859.5714298 342 254 1
735145860.0000014 332 239 1
735145860.428573 338 235 1
735145860.8571446 322 259 0
735145861.0000018 345 178 1
735145861.4285734 334 249 1
735145861.857145 317 284 0
735145862.2857165 328 250 0
735145862.5714309 326 227 0
735145862.7142881 338 187 1
735145863.1428597 330 256 0
735145863.7142885 355 214 1
735145864.0000029 364 256 0
735145864.14286 338 238 1
735145864.7142888 334 273 1
735145864.857146 334 248 1
735145866.3050847 338 240 1
735145866.457627 341 255 0
735145866.6101694 344 239 0
735145866.9152541 334 269 1
735145867.0677965 332 269 1
735145867.2203388 338 173 0
735145867.3728812 336 274 1
735145867.5254235 351 217 1
735145867.8305082 342 176 1
735145868.2881353 332 261 0
735145868.59322 337 255 0
735145868.8983047 339 236 1
735145869.2033894 333 255 1
735145869.5084741 346 221 1
735145869.6610165 354 222 1
735145869.8135588 345 243 0
735145870.1186435 332 253 1
735145870.2711859 335 180 1
735145870.4237282 354 292 0
735145870.5762706 339 273 0
735145870.7288129 331 278 0
735145870.8813553 328 291 0
735145871.0338976 319 283 1
735145871.18644 336 261 1
735145871.3389823 331 253 1
735145871.4915247 343 249 1
735145871.7966094 326 231 0
735145872.2542365 318 290 0
735145872.7118635 333 238 1
735145872.8644059 333 189 0
735145873.0169482 310 275 1
735145873.3220329 349 229 0
735145874.0847447 346 211 1
735145874.3898294 328 218 1
735145874.6949141 338 239 1
735145874.8474565 329 224 1
735145876.0 332 248 1
735145876.1475409 337 256 1
735145876.2950819 351 216 1
735145876.5901637 347 249 0
735145877.0327865 349 234 0
735145877.4754093 340 239 0
735145878.065573 356 219 0
735145878.3606548 326 216 0
735145878.8032776 342 239 0
735145879.0983595 338 187 1
735145879.2459004 333 254 1
735145879.3934413 334 186 1
735145879.6885232 333 258 1
735145879.983605 342 270 1
735145880.131146 322 259 1
735145880.2786869 313 276 0
735145880.4262278 349 289 0
735145880.5737687 362 285 1
735145880.7213097 331 242 1
735145881.1639324 338 267 1
735145881.3114734 329 215 1
735145881.7540962 334 272 1
735145882.1967189 335 187 0
735145882.4918008 334 238 1
735145882.7868826 350 219 0
735145882.9344236 334 280 0
735145883.0819645 339 173 0
735145883.2295054 336 250 1
735145883.5245873 332 227 1
735145883.6721282 341 260 0
735145884.114751 320 270 0
735145884.4098328 356 254 1
735145884.5573738 333 273 1
735145884.7049147 333 250 1
735145884.8524556 338 185 0
735145886.1428572 325 217 0
735145886.4285716 329 280 0
735145886.714286 355 229 1
735145887.0000004 340 193 1
735145887.1428576 345 179 1
735145887.2857147 326 211 1
735145887.5714291 341 237 0
735145888.0000007 327 231 1
735145888.1428579 322 225 0
735145888.2857151 343 236 1
735145888.4285723 327 218 1
735145888.7142867 325 219 0
735145888.8571439 345 252 0
735145889.1428583 327 230 1
735145889.4285727 358 196 1
735145889.8571442 349 248 0
735145890.1428586 350 214 1
735145890.2857158 334 247 1
735145890.5714302 338 240 1
735145890.7142874 347 240 1
735145890.8571446 335 251 1
735145891.142859 332 249 1
735145891.4285734 329 213 0
735145891.5714306 328 210 0
735145891.7142878 329 231 1
735145892.0000021 331 267 1
735145892.1428593 337 257 1
735145892.2857165 351 215 1
735145892.5714309 352 223 1
735145892.7142881 325 230 0
735145893.0000025 311 285 0
735145893.2857169 313 276 1
735145893.5714313 338 238 1
735145893.7142885 336 176 1
735145893.8571457 338 239 1
735145894.0000029 336 259 0
735145894.14286 340 247 0
735145894.2857172 338 237 1
735145896.0 336 252 1
735145896.1666666 334 267 0
735145896.3333333 337 260 1
735145896.6666665 338 174 1
735145897.1666664 353 289 0
735145897.4999996 335 186 0
735145897.6666663 351 218 1
735145897.8333329 335 246 1
735145897.9999995 346 254 0
735145898.1666662 341 255 1
735145898.3333328 339 233 1
735145898.4999994 333 249 1
735145898.666666 352 216 1
735145899.1666659 356 220 0
735145899.6666658 342 239 1
735145900.4999989 333 187 1
735145900.6666656 341 172 0
735145901.1666654 350 187 0
735145901.6666653 326 228 0
735145901.9999986 322 209 1
735145902.1666652 336 174 0
735145902.3333318 337 204 1
735145902.4999985 337 174 0
735145902.6666651 327 230 1
735145903.3333316 319 258 1
735145903.6666648 334 270 1
735145904.499998 328 291 1
735145906.0 349 248 1
735145907.1739128 337 258 1
735145907.3695649 345 234 0
735145908.3478255 335 179 1
735145908.9347819 332 264 0
735145910.1086947 362 284 0
735145910.3043468 362 251 0
735145910.4999989 343 174 0
735145910.695651 336 263 1
735145910.8913032 333 270 1
735145911.0869553 345 178 1
735145911.2826074 322 218 0
735145911.6739117 334 261 0
735145912.065216 343 189 1
735145912.2608681 336 236 1
735145912.8478245 346 241 0
735145913.0434766 354 292 1
735145913.2391287 354 289 0
735145913.630433 327 227 1
735145914.0217372 325 229 0
735145914.2173893 332 258 1
735145914.4130415 353 289 1
735145914.6086936 358 257 1
735145916.1914893 338 236 1
735145916.7659574 325 231 0
735145916.9574467 325 227 0
735145917.148936 331 292 1
735145917.5319147 328 232 1
735145917.9148934 332 243 1
735145918.1063827 328 215 1
735145918.2978721 321 209 1
735145918.4893614 331 269 1
735145918.8723401 332 265 1
735145919.0638294 347 218 0
735145919.2553188 342 255 1
735145919.6382974 352 181 0
735145919.8297868 331 259 0
735145920.0212761 350 187 1
735145920.2127655 353 227 1
735145920.5957441 327 219 1
735145920.7872335 346 254 1
735145920.9787228 325 218 0
735145921.1702121 338 238 1
735145921.3617015 339 293 1
735145921.5531908 332 264 1
735145921.9361695 355 233 1
735145922.1276588 337 256 0
735145922.3191482 349 221 0
735145922.5106375 333 234 1
735145923.2765949 322 224 0
735145923.8510629 326 274 1
735145924.0425522 329 280 1
735145924.2340416 343 210 1
735145924.6170202 338 237 1
735145926.0 349 289 1
735145926.3396227 347 240 0
735145926.5094341 346 187 1
735145927.358491 352 271 1
735145927.5283023 336 253 1
735145927.6981137 337 259 1
735145927.867925 342 181 1
735145928.3773592 350 226 0
735145928.7169819 333 271 1
735145928.8867933 344 175 1
735145929.0566046 340 183 0
735145929.226416 355 230 1
735145929.3962274 325 228 0
735145929.5660387 325 224 0
735145929.9056615 325 216 0
735145930.0754728 332 234 1
735145930.2452842 328 240 1
735145930.5849069 331 268 1
735145930.7547183 328 225 1
735145931.4339638 338 185 1
735145931.6037751 342 187 0
735145931.7735865 335 234 1
735145932.1132092 338 274 1
735145932.452832 331 217 1
735145932.6226434 328 236 1
735145933.1320775 327 224 1
735145933.3018888 353 235 1
735145933.8113229 344 185 0
735145933.9811343 338 235 1
735145934.1509457 327 249 0
735145934.320757 337 260 1
735145934.6603798 333 264 1
735145936.0 344 223 1
735145936.7377046 357 238 0
735145937.1803274 321 221 0
735145937.6229502 323 265 0
735145937.7704911 332 271 1
735145937.918032 321 220 0
735145938.065573 334 180 0
735145938.3606548 335 244 1
735145938.8032776 350 215 1
735145938.9508185 343 242 0
735145939.0983595 327 220 1
735145939.2459004 342 246 0
735145939.3934413 323 228 1
735145939.5409822 329 243 1
735145939.6885232 354 233 1
735145939.983605 327 243 1
735145940.2786869 334 280 1
735145941.1639324 338 256 0
735145941.4590143 364 269 1
735145942.049178 334 175 0
735145942.3442599 330 285 0
735145942.4918008 331 278 1
735145942.6393417 338 236 1
735145942.9344236 350 212 1
735145943.2295054 328 274 1
735145943.8196691 325 226 0
735145944.114751 330 258 0
735145944.2622919 358 241 0
735145944.7049147 324 233 0
735145946.0 322 226 0
735145946.25 342 240 0
735145946.875 328 221 1
735145947.375 321 214 0
735145947.625 311 234 0
735145947.875 345 208 0
735145948.125 330 209 1
735145948.25 340 241 0
735145948.375 327 290 0
735145948.875 329 288 1
735145949.0 349 190 1
735145949.125 316 262 0
735145949.25 338 241 1
735145949.875 331 235 1
735145950.0 340 173 0
735145950.125 335 268 1
735145950.375 343 240 0
735145950.5 330 251 1
735145950.625 335 180 1
735145950.75 311 258 0
735145951.125 331 251 1
735145951.25 343 293 0
735145951.5 345 177 1
735145952.0 333 203 1
735145952.125 343 241 0
735145952.25 346 281 0
735145952.5 354 208 0
735145952.625 334 244 1
735145952.75 330 256 0
735145952.875 351 213 1
735145953.5 334 224 1
735145953.625 326 226 1
735145953.875 355 231 1
735145954.125 337 173 0
735145954.25 336 247 1
735145954.375 326 242 0
735145954.75 315 251 1
735145956.0 330 221 1
735145956.3050847 325 229 0
735145956.457627 330 257 0
735145956.9152541 336 173 0
735145957.5254235 350 226 1
735145958.1355929 334 246 1
735145958.4406776 320 270 1
735145958.59322 335 186 1
735145958.8983047 352 271 0
735145959.050847 352 224 1
735145959.5084741 326 211 0
735145959.6610165 349 279 0
735145960.1186435 323 221 1
735145960.4237282 333 271 1
735145960.5762706 337 256 0
735145960.7288129 322 206 1
735145961.0338976 357 238 1
735145961.4915247 336 254 1
735145961.644067 334 270 1
735145961.7966094 360 248 1
735145961.9491518 341 241 0
735145962.1016941 326 213 0
735145962.2542365 335 269 1
735145962.4067788 333 241 1
735145962.8644059 329 254 0
735145963.0169482 326 243 0
735145963.1694906 351 216 1
735145963.4745753 322 252 0
735145963.6271176 342 191 1
735145963.9322023 338 237 1
735145964.0847447 349 218 0
735145964.237287 353 211 0
735145964.5423717 347 230 0
735145966.0 357 222 0
735145966.1666666 355 228 1
735145966.8333331 330 242 1
735145967.4999996 333 262 0
735145967.6666663 326 223 1
735145968.1666662 350 203 1
735145968.4999994 340 243 0
735145968.8333327 329 273 1
735145968.9999993 335 255 1
735145969.1666659 343 242 1
735145969.3333325 327 223 1
735145969.4999992 321 215 0
735145970.1666657 321 216 0
735145970.6666656 343 235 0
735145970.9999988 336 251 1
735145971.1666654 335 253 1
735145971.3333321 330 188 1
735145971.6666653 326 216 1
735145972.1666652 347 274 0
735145972.9999983 328 256 0
735145973.166665 322 215 0
735145973.3333316 336 200 1
735145973.4999982 335 174 0
735145973.6666648 362 284 1
735145973.9999981 352 234 1
735145974.3333313 323 229 1
735145974.499998 338 239 1
735145974.8333312 357 214 0
735145976.5510205 352 218 1
735145977.836735 338 235 1
735145978.204082 321 220 1
735145978.938776 331 263 0
735145979.306123 346 211 0
735145979.67347 325 225 0
735145980.040817 348 259 0
735145980.408164 335 178 1
735145980.9591845 311 234 1
735145981.3265315 331 273 1
735145981.510205 329 255 0
735145981.6938785 336 249 1
735145981.877552 326 222 1
735145982.612246 341 244 0
735145982.7959195 340 180 0
735145983.1632665 325 220 0
735145983.34694 330 229 1
735145984.081634 342 230 1
735145984.6326545 351 196 1
735145986.28125 344 256 0
735145986.5625 350 228 0
735145986.703125 335 208 1
735145986.84375 352 185 0
735145987.125 328 251 0
735145987.265625 329 256 0
735145987.40625 347 284 0
735145987.6875 333 259 1
735145988.53125 341 238 0
735145988.953125 326 274 0
735145989.234375 335 266 0
735145989.796875 344 246 0
735145990.21875 348 203 0
735145990.359375 323 233 0
735145990.5 338 236 1
735145990.78125 341 179 0
735145990.921875 335 257 1
735145991.203125 346 205 1
735145991.34375 349 279 1
735145991.625 343 188 1
735145991.765625 338 238 1
735145991.90625 332 217 1
735145992.046875 332 254 1
735145992.1875 334 180 1
735145992.328125 333 225 1
735145992.46875 328 190 1
735145992.75 342 247 0
735145992.890625 355 206 0
735145993.03125 328 219 1
735145993.453125 331 270 1
735145993.59375 337 232 0
735145993.875 343 260 0
735145994.015625 334 270 1
735145994.15625 352 216 0
735145994.296875 335 175 0
735145994.859375 354 262 0
735145996.1525424 327 228 1
735145996.3050847 338 276 1
735145996.457627 331 250 1
735145996.6101694 332 262 0
735145996.7627118 336 228 1
735145997.0677965 350 293 0
735145997.3728812 326 275 1
735145997.5254235 329 220 1
735145997.6779659 340 183 1
735145997.8305082 350 223 0
735145998.1355929 333 271 1
735145998.4406776 340 240 0
735145998.59322 321 227 0
735145998.8983047 325 227 0
735145999.050847 349 224 0
735145999.2033894 331 216 1
735145999.6610165 338 237 1
735145999.9661012 334 258 1
735146000.1186435 342 241 0
735146000.2711859 331 263 1
735146001.0338976 336 252 1
735146001.3389823 338 175 1
735146001.4915247 323 276 1
735146001.7966094 336 177 1
735146002.1016941 331 267 0
735146002.2542365 331 232 1
735146002.4067788 328 226 1
735146002.5593212 330 241 1
735146002.7118635 340 221 1
735146003.0169482 358 268 0
735146003.1694906 334 255 1
735146003.4745753 337 261 1
735146003.6271176 333 272 1
735146003.77966 354 235 1
735146003.9322023 328 223 1
735146004.0847447 341 240 0
735146004.237287 356 208 0
735146004.6949141 354 234 1
735146004.8474565 338 235 1
735146006.3157895 326 228 1
735146006.4736842 330 259 0
735146006.9473684 355 232 1
735146007.5789473 340 239 1
735146008.0526315 342 175 1
735146008.2105262 338 214 1
735146008.368421 333 253 1
735146008.6842104 353 211 1
735146009.1578946 351 260 0
735146009.3157893 326 225 1
735146009.4736841 342 242 0
735146009.7894735 339 222 1
735146009.9473683 333 265 1
735146010.105263 337 240 1
735146010.2631577 345 178 1
735146010.4210525 352 220 1
735146010.7368419 346 281 1
735146010.8947366 337 263 1
735146011.0526314 336 247 0
735146011.2105261 344 243 0
735146011.3684208 321 230 0
735146011.5263156 350 239 0
735146012.3157892 352 226 1
735146012.473684 326 221 1
735146012.6315787 338 267 0
735146012.9473681 321 217 0
735146013.1052629 332 287 0
735146013.5789471 348 221 0
735146014.0526313 331 236 1
735146014.5263155 331 240 1
735146014.6842102 335 249 1
735146016.1698114 353 234 1
735146016.8490568 354 229 1
735146017.5283023 358 268 1
735146018.0377364 342 228 0
735146018.2075478 333 262 0
735146018.3773592 344 187 1
735146018.5471705 336 274 1
735146018.7169819 337 208 1
735146019.0566046 330 185 0
735146019.226416 359 277 1
735146019.3962274 357 223 0
735146019.5660387 316 262 1
735146019.9056615 337 257 0
735146020.2452842 348 259 1
735146020.7547183 352 206 1
735146021.094341 335 270 1
735146021.2641524 338 234 1
735146021.6037751 348 230 0
735146021.9433979 352 185 1
735146022.1132092 352 216 1
735146022.452832 344 244 0
735146022.7924547 321 226 0
735146023.1320775 325 230 0
735146023.3018888 353 196 0
735146023.8113229 342 243 0
735146024.320757 357 284 0
735146024.4905684 324 228 0
735146024.6603798 355 221 0
735146026.0 338 259 1
735146026.1914893 331 272 1
735146027.3404254 311 283 0
735146028.4893614 334 250 1
735146028.6808507 345 238 1
735146029.0638294 351 260 1
735146029.2553188 354 228 1
735146029.4468081 336 247 1
735146029.6382974 341 244 1
735146030.0212761 333 177 0
735146030.2127655 354 262 1
735146030.4042548 327 290 1
735146030.5957441 335 234 0
735146030.7872335 321 220 0
735146030.9787228 332 287 1
735146031.3617015 336 262 1
735146031.5531908 346 251 0
735146031.7446802 324 229 0
735146031.9361695 338 236 1
735146032.3191482 337 257 0
735146032.5106375 347 284 1
735146032.7021269 321 228 0
735146033.0851055 324 231 0
735146033.2765949 326 227 1
735146033.4680842 351 233 0
735146033.6595736 327 250 0
735146033.8510629 352 222 1
735146036.5070424 335 179 1
735146036.7605636 330 244 1
735146037.0140848 335 243 1
735146037.1408454 342 259 0
735146037.3943666 342 185 0
735146037.5211272 323 265 1
735146037.7746484 335 252 1
735146037.901409 350 210 1
735146038.0281696 348 227 0
735146038.1549302 332 239 0
735146038.2816908 319 291 0
735146038.4084514 328 239 1
735146038.6619726 336 260 0
735146038.9154938 348 222 0
735146039.0422544 325 211 0
735146039.169015 333 176 0
735146039.2957757 327 218 1
735146039.5492969 333 256 1
735146040.0563393 335 258 1
735146040.1830999 327 238 0
735146040.3098605 348 203 1
735146040.6901423 342 266 1
735146040.8169029 334 284 0
735146041.0704241 330 250 1
735146041.1971847 329 270 1
735146041.4507059 334 271 1
735146041.5774665 342 241 1
735146041.7042271 338 176 1
735146041.8309877 335 256 1
735146041.9577483 347 249 1
735146042.0845089 333 271 1
735146042.2112695 319 245 0
735146042.4647907 344 181 1
735146042.7183119 332 272 1
735146043.0985937 326 224 1
735146043.4788755 334 261 1
735146043.6056361 328 217 1
735146043.8591573 357 284 1
735146043.9859179 338 276 0
735146044.2394391 356 212 0
735146044.3661997 362 285 0
735146044.4929603 322 232 0
735146044.8732421 326 229 1
735146046.0 347 230 1
735146046.1384616 352 221 1
735146046.2769232 342 184 0
735146046.4153848 342 247 1
735146046.692308 336 253 1
735146046.9692311 311 258 1
735146047.1076927 343 251 0
735146047.2461543 334 258 1
735146047.9384623 346 254 1
735146048.0769238 338 236 1
735146048.2153854 331 252 1
735146048.353847 331 211 1
735146048.4923086 317 235 0
735146048.6307702 348 286 0
735146048.9076934 323 221 0
735146049.1846166 334 269 0
735146049.3230782 328 252 0
735146049.4615397 337 241 1
735146050.707694 331 199 1
735146050.9846172 334 181 0
735146051.400002 340 246 0
735146051.6769252 351 217 1
735146052.5076947 321 229 0
735146052.6461563 347 251 1
735146052.7846179 325 287 0
735146052.9230795 336 254 1
735146053.4769258 332 266 1
735146053.8923106 351 218 1
735146054.0307722 335 188 0
735146054.1692338 337 239 1
735146054.3076954 341 260 1
735146054.7230802 346 217 0
735146054.8615417 337 232 1
735146056.0 334 271 1
735146056.1525424 352 223 1
735146056.3050847 319 273 0
735146056.6101694 334 267 1
735146056.9152541 338 235 1
735146057.2203388 340 242 0
735146057.5254235 336 244 1
735146057.8305082 361 283 0
735146057.9830506 341 189 1
735146058.2881353 350 293 1
735146058.4406776 333 274 1
735146058.7457623 350 202 1
735146059.9661012 343 237 0
735146060.2711859 329 253 0
735146060.7288129 342 185 1
735146060.8813553 332 255 1
735146061.18644 317 238 0
735146061.3389823 349 200 0
735146061.644067 330 247 0
735146061.9491518 333 251 1
735146062.1016941 345 208 1
735146062.2542365 336 255 1
735146062.5593212 337 261 1
735146062.7118635 334 175 0
735146063.0169482 334 177 0
735146063.1694906 344 256 1
735146063.4745753 319 245 1
735146063.6271176 362 279 1
735146064.237287 334 240 1
735146064.5423717 334 176 0
735146066.1451613 337 185 0
735146066.2903225 327 237 0
735146066.4354838 330 272 1
735146066.5806451 326 230 1
735146066.7258064 341 192 1
735146067.0161289 321 231 0
735146067.1612902 347 238 1
735146067.3064514 355 206 1
735146067.596774 317 235 1
735146067.7419353 335 183 1
735146067.8870965 333 272 1
735146068.0322578 340 234 1
735146068.1774191 335 219 1
735146068.3225803 334 259 1
735146068.6129029 311 262 0
735146068.9032254 332 272 1
735146069.3387092 330 220 0
735146069.774193 336 256 1
735146069.9193543 315 253 0
735146070.0645156 326 246 0
735146070.2096769 354 232 1
735146070.3548381 325 206 0
735146070.790322 343 177 0
735146071.370967 338 237 1
735146071.6612896 326 243 1
735146071.9516121 321 219 0
735146072.3870959 330 243 1
735146072.5322572 327 238 1
735146072.6774185 361 283 1
735146072.8225797 348 286 1
735146073.1129023 335 257 1
735146073.5483861 325 231 0
735146073.6935474 349 207 1
735146073.8387086 362 285 1
735146074.2741925 334 219 1
735146076.1875 334 185 0
735146076.375 330 280 0
735146076.5625 346 185 0
735146076.75 341 253 0
735146076.9375 345 176 1
735146077.5 354 227 1
735146078.8125 342 238 0
735146079.0 337 176 1
735146079.1875 319 291 1
735146079.5625 338 206 1
735146079.75 353 235 1
735146080.125 360 294 0
735146080.3125 335 250 1
735146080.5 335 251 1
735146081.0625 335 253 1
735146081.25 336 250 1
735146081.625 338 235 1
735146081.8125 317 238 1
735146082.1875 331 272 1
735146082.375 311 285 1
735146083.3125 346 217 1
735146083.5 319 273 1
735146083.6875 355 221 1
735146083.875 329 256 0
735146084.0625 332 276 0
735146084.25 343 274 0
735146084.4375 324 226 0
735146084.8125 317 244 0
735146086.1636363 330 258 0
735146086.490909 348 224 0
735146086.6545453 345 178 1
735146086.8181816 323 227 1
735146086.981818 352 225 1
735146087.472727 334 179 0
735146088.1272722 342 249 0
735146089.2727265 332 239 1
735146089.7636355 351 216 1
735146090.0909082 337 240 1
735146090.2545445 329 270 0
735146090.5818172 316 290 0
735146090.7454535 321 226 0
735146090.9090898 359 292 0
735146091.0727261 355 228 1
735146091.2363625 351 236 0
735146091.3999988 327 214 1
735146091.7272714 358 186 1
735146091.8909078 340 247 1
735146092.2181804 342 252 0
735146092.5454531 326 221 1
735146092.8727257 337 239 1
735146093.1999984 336 270 1
735146093.527271 327 219 1
735146093.6909074 351 233 1
735146093.8545437 339 257 0
735146094.01818 334 218 1
735146094.6727253 345 177 1
735146096.1363636 332 263 0
735146096.4090909 321 223 0
735146096.8181818 334 271 1
735146096.9545454 317 245 0
735146097.090909 336 251 1
735146097.4999999 325 228 0
735146097.7727271 326 212 0
735146098.0454544 337 282 0
735146098.3181816 333 252 1
735146098.8636361 337 258 0
735146098.9999998 340 252 0
735146099.272727 333 178 0
735146099.4090906 328 253 0
735146100.0909088 329 257 0
735146100.2272724 344 241 0
735146100.4999996 360 294 1
735146100.6363633 335 265 0
735146100.7727269 363 257 0
735146100.9090905 350 206 1
735146101.1818178 337 260 1
735146101.5909086 356 232 1
735146101.7272723 350 211 1
735146101.9999995 338 267 1
735146102.1363631 351 235 0
735146102.4090904 355 229 1
735146102.9545449 340 258 0
735146103.0909085 335 182 1
735146103.3636358 336 176 1
735146103.4999994 330 254 1
735146103.9090903 326 220 1
735146104.0454539 348 230 1
735146104.1818175 360 288 0
735146104.5909084 331 271 1
735146104.727272 333 192 1
735146104.8636357 338 241 0
735146106.6521738 321 227 0
735146106.7826085 333 272 1
735146106.9130433 321 225 0
735146107.043478 335 247 1
735146107.3043475 329 241 1
735146107.6956518 331 269 1
735146107.8260865 325 269 0
735146107.9565213 333 247 1
735146108.086956 332 260 1
735146108.3478255 355 233 1
735146108.7391298 354 233 1
735146108.8695645 334 185 1
735146108.9999993 322 210 1
735146109.130434 346 251 1
735146109.2608688 332 251 1
735146109.5217383 330 270 1
735146109.7826078 311 262 1
735146110.173912 331 249 1
735146110.3043468 332 272 1
735146110.4347816 330 272 1
735146110.5652163 331 273 1
735146110.8260858 339 243 0
735146110.9565206 324 215 0
735146111.0869553 330 260 0
735146111.2173901 355 234 1
735146111.7391291 342 257 0
735146111.8695638 321 222 0
735146111.9999986 329 228 1
735146112.2608681 335 194 1
735146112.3913028 332 273 1
735146112.5217376 324 219 0
735146112.6521723 330 269 1
